# 1:t(s) 2:T(K) 3:p(Pa) 4:rho(kg/m^3) 5:massf_N2 6:massf_N 7:conc_N2 8:conc_N
 0.000e+00   4000.000  1.000e+05  7.019e-02   8.000000000000e-01   2.000000000000e-01   2.004527827457e+00   1.002263913728e+00
 1.000e-06   4120.852  1.027e+05  7.019e-02   8.037186389430e-01   1.962813610570e-01   2.013845471508e+00   9.836286256248e-01
 2.000e-06   4230.117  1.051e+05  7.019e-02   8.070939758731e-01   1.929060241269e-01   2.022302917513e+00   9.667137336162e-01
 3.000e-06   4329.855  1.073e+05  7.019e-02   8.101859676888e-01   1.898140323112e-01   2.030050397059e+00   9.512187745238e-01
 4.000e-06   4421.605  1.093e+05  7.019e-02   8.130396702792e-01   1.869603297208e-01   2.037200804876e+00   9.369179588895e-01
 5.000e-06   4506.558  1.112e+05  7.019e-02   8.156898752485e-01   1.843101247515e-01   2.043841316888e+00   9.236369348659e-01
 6.000e-06   4585.648  1.129e+05  7.019e-02   8.181640511399e-01   1.818359488601e-01   2.050040759918e+00   9.112380488053e-01
 7.000e-06   4659.625  1.145e+05  7.019e-02   8.204842884322e-01   1.795157115678e-01   2.055854485192e+00   8.996105982581e-01
 8.000e-06   4729.103  1.160e+05  7.019e-02   8.226686308280e-01   1.773313691720e-01   2.061327704088e+00   8.886641604654e-01
 9.000e-06   4794.587  1.174e+05  7.019e-02   8.247320133264e-01   1.752679866736e-01   2.066497838634e+00   8.783238913737e-01
 1.000e-05   4856.497  1.187e+05  7.019e-02   8.266869398546e-01   1.733130601454e-01   2.071396219417e+00   8.685271298077e-01
 1.100e-05   4915.192  1.200e+05  7.019e-02   8.285439834202e-01   1.714560165798e-01   2.076049338797e+00   8.592208910477e-01
 1.200e-05   4970.974  1.211e+05  7.019e-02   8.303121622985e-01   1.696878377015e-01   2.080479793504e+00   8.503599816341e-01
 1.300e-05   5024.104  1.223e+05  7.019e-02   8.319992277416e-01   1.680007722584e-01   2.084707005538e+00   8.419055575653e-01
 1.400e-05   5074.806  1.233e+05  7.019e-02   8.336118873196e-01   1.663881126804e-01   2.088747781789e+00   8.338240050646e-01
 1.500e-05   5123.276  1.243e+05  7.019e-02   8.351559806294e-01   1.648440193706e-01   2.092616754298e+00   8.260860600455e-01
 1.600e-05   5169.685  1.253e+05  7.019e-02   8.366366192157e-01   1.633633807843e-01   2.096326730859e+00   8.186661069240e-01
 1.700e-05   5214.183  1.262e+05  7.019e-02   8.380582992288e-01   1.619417007712e-01   2.099888977294e+00   8.115416140538e-01
 1.800e-05   5256.903  1.271e+05  7.019e-02   8.394249930541e-01   1.605750069459e-01   2.103313447050e+00   8.046926745426e-01
 1.900e-05   5297.961  1.280e+05  7.019e-02   8.407402245351e-01   1.592597754649e-01   2.106608969678e+00   7.981016292847e-01
 2.000e-05   5337.462  1.288e+05  7.019e-02   8.420071312627e-01   1.579928687373e-01   2.109783406916e+00   7.917527548088e-01
 2.100e-05   5375.500  1.295e+05  7.019e-02   8.432285165702e-01   1.567714834298e-01   2.112843782962e+00   7.856320027167e-01
 2.200e-05   5412.158  1.303e+05  7.019e-02   8.444068932592e-01   1.555931067408e-01   2.115796394043e+00   7.797267805560e-01
 2.300e-05   5447.510  1.310e+05  7.019e-02   8.455445206310e-01   1.544554793690e-01   2.118646901198e+00   7.740257662458e-01
 2.400e-05   5481.625  1.317e+05  7.019e-02   8.466434360529e-01   1.533565639471e-01   2.121400409377e+00   7.685187498877e-01
 2.500e-05   5514.551  1.324e+05  7.019e-02   8.477054820311e-01   1.522945179689e-01   2.124061535274e+00   7.631964980946e-01
 2.600e-05   5546.347  1.330e+05  7.019e-02   8.487323346168e-01   1.512676653832e-01   2.126634478502e+00   7.580506116375e-01
 2.700e-05   5577.080  1.336e+05  7.019e-02   8.497255171364e-01   1.502744828636e-01   2.129123056000e+00   7.530734566421e-01
 2.800e-05   5606.793  1.342e+05  7.019e-02   8.506864126397e-01   1.493135873603e-01   2.131530733219e+00   7.482581022029e-01
 2.900e-05   5635.527  1.348e+05  7.019e-02   8.516162867764e-01   1.483837132236e-01   2.133860681448e+00   7.435982057451e-01
 3.000e-05   5663.320  1.354e+05  7.019e-02   8.525163011947e-01   1.474836988053e-01   2.136115811382e+00   7.390879458785e-01
 3.100e-05   5690.206  1.359e+05  7.019e-02   8.533875253875e-01   1.466124746125e-01   2.138298802805e+00   7.347219630324e-01
 3.200e-05   5716.216  1.364e+05  7.019e-02   8.542309471963e-01   1.457690528037e-01   2.140412130912e+00   7.304953068176e-01
 3.300e-05   5741.381  1.370e+05  7.019e-02   8.550474821473e-01   1.449525178527e-01   2.142458089701e+00   7.264033892389e-01
 3.400e-05   5765.727  1.374e+05  7.019e-02   8.558379817677e-01   1.441620182323e-01   2.144438812810e+00   7.224419430226e-01
 3.500e-05   5789.282  1.379e+05  7.019e-02   8.566032410024e-01   1.433967589976e-01   2.146356292098e+00   7.186069844447e-01
 3.600e-05   5812.069  1.384e+05  7.019e-02   8.573440048381e-01   1.426559951619e-01   2.148212394251e+00   7.148947801387e-01
 3.700e-05   5834.110  1.388e+05  7.019e-02   8.580609742202e-01   1.419390257798e-01   2.150008875599e+00   7.113018174440e-01
 3.800e-05   5855.429  1.392e+05  7.019e-02   8.587548113377e-01   1.412451886623e-01   2.151747395361e+00   7.078247779200e-01
 3.900e-05   5876.044  1.396e+05  7.019e-02   8.594261443410e-01   1.405738556590e-01   2.153429527469e+00   7.044605137033e-01
 4.000e-05   5895.975  1.400e+05  7.019e-02   8.600755715484e-01   1.399244284516e-01   2.155056771106e+00   7.012060264306e-01
 4.100e-05   5915.242  1.404e+05  7.019e-02   8.607036651857e-01   1.392963348143e-01   2.156630560073e+00   6.980584484952e-01
 4.200e-05   5933.862  1.408e+05  7.019e-02   8.613109747064e-01   1.386890252936e-01   2.158152271116e+00   6.950150264098e-01
 4.300e-05   5951.851  1.411e+05  7.019e-02   8.618980297261e-01   1.381019702739e-01   2.159623231270e+00   6.920731061017e-01
 4.400e-05   5969.228  1.415e+05  7.019e-02   8.624653426053e-01   1.375346573947e-01   2.161044724337e+00   6.892301199684e-01
 4.500e-05   5986.007  1.418e+05  7.019e-02   8.630134107110e-01   1.369865892890e-01   2.162417996548e+00   6.864835755453e-01
 4.600e-05   6002.204  1.421e+05  7.019e-02   8.635427183837e-01   1.364572816163e-01   2.163744261497e+00   6.838310456475e-01
 4.700e-05   6017.835  1.424e+05  7.019e-02   8.640537386355e-01   1.359462613645e-01   2.165024704391e+00   6.812701598596e-01
 4.800e-05   6032.915  1.427e+05  7.019e-02   8.645469346026e-01   1.354530653974e-01   2.166260485692e+00   6.787985972584e-01
 4.900e-05   6047.457  1.430e+05  7.019e-02   8.650227607734e-01   1.349772392266e-01   2.167452744192e+00   6.764140802574e-01
 5.000e-05   6061.477  1.433e+05  7.019e-02   8.654816640128e-01   1.345183359872e-01   2.168602599584e+00   6.741143694739e-01
 5.100e-05   6074.988  1.435e+05  7.019e-02   8.659240844021e-01   1.340759155979e-01   2.169711154561e+00   6.718972595193e-01
 5.200e-05   6088.004  1.438e+05  7.019e-02   8.663504559129e-01   1.336495440871e-01   2.170779496509e+00   6.697605756239e-01
 5.300e-05   6100.539  1.440e+05  7.019e-02   8.667612069311e-01   1.332387930689e-01   2.171808698817e+00   6.677021710086e-01
 5.400e-05   6112.607  1.443e+05  7.019e-02   8.671567606489e-01   1.328432393511e-01   2.172799821860e+00   6.657199249220e-01
 5.500e-05   6124.219  1.445e+05  7.019e-02   8.675375353391e-01   1.324624646609e-01   2.173753913688e+00   6.638117412658e-01
 5.600e-05   6135.390  1.447e+05  7.019e-02   8.679039445266e-01   1.320960554734e-01   2.174672010454e+00   6.619755477340e-01
 5.700e-05   6146.133  1.449e+05  7.019e-02   8.682563970715e-01   1.317436029285e-01   2.175555136621e+00   6.602092953988e-01
 5.800e-05   6156.459  1.451e+05  7.019e-02   8.685952971754e-01   1.314047028246e-01   2.176404304983e+00   6.585109586762e-01
 5.900e-05   6166.382  1.453e+05  7.019e-02   8.689210443245e-01   1.310789556755e-01   2.177220516514e+00   6.568785356136e-01
 6.000e-05   6175.913  1.455e+05  7.019e-02   8.692340331796e-01   1.307659668204e-01   2.178004760101e+00   6.553100484395e-01
 6.100e-05   6185.066  1.457e+05  7.019e-02   8.695346534237e-01   1.304653465763e-01   2.178758012157e+00   6.538035443275e-01
 6.200e-05   6193.851  1.458e+05  7.019e-02   8.698232895771e-01   1.301767104229e-01   2.179481236159e+00   6.523570963239e-01
 6.300e-05   6202.282  1.460e+05  7.019e-02   8.701003207877e-01   1.298996792123e-01   2.180175382122e+00   6.509688043968e-01
 6.400e-05   6210.368  1.462e+05  7.019e-02   8.703661206056e-01   1.296338793944e-01   2.180841386037e+00   6.496367965683e-01
 6.500e-05   6218.123  1.463e+05  7.019e-02   8.706210567470e-01   1.293789432530e-01   2.181480169274e+00   6.483592300937e-01
 6.600e-05   6225.557  1.464e+05  7.019e-02   8.708654908565e-01   1.291345091435e-01   2.182092637992e+00   6.471342926575e-01
 6.700e-05   6232.680  1.466e+05  7.019e-02   8.710997782697e-01   1.289002217303e-01   2.182679682541e+00   6.459602035595e-01
 6.800e-05   6239.504  1.467e+05  7.019e-02   8.713242677833e-01   1.286757322167e-01   2.183242176887e+00   6.448352148670e-01
 6.900e-05   6246.040  1.468e+05  7.019e-02   8.715393014362e-01   1.284606985638e-01   2.183780978064e+00   6.437576125142e-01
 7.000e-05   6252.297  1.470e+05  7.019e-02   8.717452143037e-01   1.282547856963e-01   2.184296925655e+00   6.427257173319e-01
 7.100e-05   6258.287  1.471e+05  7.019e-02   8.719423343085e-01   1.280576656915e-01   2.184790841324e+00   6.417378859945e-01
 7.200e-05   6264.017  1.472e+05  7.019e-02   8.721309820505e-01   1.278690179495e-01   2.185263528384e+00   6.407925118735e-01
 7.300e-05   6269.500  1.473e+05  7.019e-02   8.723114706565e-01   1.276885293435e-01   2.185715771426e+00   6.398880257902e-01
 7.400e-05   6274.742  1.474e+05  7.019e-02   8.724841056515e-01   1.275158943485e-01   2.186148335990e+00   6.390228966615e-01
 7.500e-05   6279.755  1.475e+05  7.019e-02   8.726491848515e-01   1.273508151485e-01   2.186561968303e+00   6.381956320360e-01
 7.600e-05   6284.546  1.476e+05  7.019e-02   8.728069982791e-01   1.271930017209e-01   2.186957395062e+00   6.374047785184e-01
 7.700e-05   6289.125  1.477e+05  7.019e-02   8.729578281005e-01   1.270421718995e-01   2.187335323279e+00   6.366489220829e-01
 7.800e-05   6293.500  1.478e+05  7.019e-02   8.731019485854e-01   1.268980514146e-01   2.187696440183e+00   6.359266882765e-01
 7.900e-05   6297.678  1.478e+05  7.019e-02   8.732396260877e-01   1.267603739123e-01   2.188041413163e+00   6.352367423151e-01
 8.000e-05   6301.669  1.479e+05  7.019e-02   8.733711190466e-01   1.266288809534e-01   2.188370889782e+00   6.345777890772e-01
 8.100e-05   6305.479  1.480e+05  7.019e-02   8.734966780078e-01   1.265033219922e-01   2.188685497822e+00   6.339485729978e-01
 8.200e-05   6309.115  1.481e+05  7.019e-02   8.736165456634e-01   1.263834543366e-01   2.188985845386e+00   6.333478778696e-01
 8.300e-05   6312.586  1.481e+05  7.019e-02   8.737309569089e-01   1.262690430911e-01   2.189272521043e+00   6.327745265558e-01
 8.400e-05   6315.898  1.482e+05  7.019e-02   8.738401389171e-01   1.261598610829e-01   2.189546094010e+00   6.322273806221e-01
 8.500e-05   6319.058  1.482e+05  7.019e-02   8.739443112260e-01   1.260556887740e-01   2.189807114375e+00   6.317053398919e-01
 8.600e-05   6322.072  1.483e+05  7.019e-02   8.740436858420e-01   1.259563141580e-01   2.190056113354e+00   6.312073419341e-01
 8.700e-05   6324.946  1.484e+05  7.019e-02   8.741384673542e-01   1.258615326458e-01   2.190293603577e+00   6.307323614870e-01
 8.800e-05   6327.687  1.484e+05  7.019e-02   8.742288530607e-01   1.257711469393e-01   2.190520079407e+00   6.302794098272e-01
 8.900e-05   6330.300  1.485e+05  7.019e-02   8.743150331044e-01   1.256849668956e-01   2.190736017277e+00   6.298475340881e-01
 9.000e-05   6332.791  1.485e+05  7.019e-02   8.743971906176e-01   1.256028093824e-01   2.190941876054e+00   6.294358165346e-01
 9.100e-05   6335.166  1.485e+05  7.019e-02   8.744755018744e-01   1.255244981256e-01   2.191138097420e+00   6.290433738007e-01
 9.200e-05   6337.428  1.486e+05  7.019e-02   8.745501364494e-01   1.254498635506e-01   2.191325106274e+00   6.286693560945e-01
 9.300e-05   6339.584  1.486e+05  7.019e-02   8.746212573814e-01   1.253787426186e-01   2.191503311133e+00   6.283129463764e-01
 9.400e-05   6341.638  1.487e+05  7.019e-02   8.746890213417e-01   1.253109786583e-01   2.191673104563e+00   6.279733595160e-01
 9.500e-05   6343.595  1.487e+05  7.019e-02   8.747535788059e-01   1.252464211941e-01   2.191834863605e+00   6.276498414322e-01
 9.600e-05   6345.459  1.487e+05  7.019e-02   8.748150742280e-01   1.251849257720e-01   2.191988950211e+00   6.273416682202e-01
 9.700e-05   6347.234  1.488e+05  7.019e-02   8.748736462160e-01   1.251263537840e-01   2.192135711686e+00   6.270481452706e-01
 9.800e-05   6348.925  1.488e+05  7.019e-02   8.749294277088e-01   1.250705722912e-01   2.192275481129e+00   6.267686063840e-01
 9.900e-05   6350.534  1.488e+05  7.019e-02   8.749825461531e-01   1.250174538469e-01   2.192408577879e+00   6.265024128845e-01
 1.000e-04   6352.067  1.489e+05  7.019e-02   8.750331236800e-01   1.249668763200e-01   2.192535307954e+00   6.262489527346e-01
 1.010e-04   6353.526  1.489e+05  7.019e-02   8.750812772801e-01   1.249187227199e-01   2.192655964493e+00   6.260076396557e-01
 1.020e-04   6354.915  1.489e+05  7.019e-02   8.751271189784e-01   1.248728810216e-01   2.192770828193e+00   6.257779122561e-01
 1.030e-04   6356.237  1.490e+05  7.019e-02   8.751707560056e-01   1.248292439944e-01   2.192880167737e+00   6.255592331677e-01
 1.040e-04   6357.496  1.490e+05  7.019e-02   8.752122909684e-01   1.247877090316e-01   2.192984240223e+00   6.253510881958e-01
 1.050e-04   6358.694  1.490e+05  7.019e-02   8.752518220165e-01   1.247481779835e-01   2.193083291580e+00   6.251529854812e-01
 1.060e-04   6359.833  1.490e+05  7.019e-02   8.752894430064e-01   1.247105569936e-01   2.193177556982e+00   6.249644546781e-01
 1.070e-04   6360.918  1.490e+05  7.019e-02   8.753252436628e-01   1.246747563372e-01   2.193267261247e+00   6.247850461480e-01
 1.080e-04   6361.950  1.491e+05  7.019e-02   8.753593097355e-01   1.246406902645e-01   2.193352619235e+00   6.246143301713e-01
 1.090e-04   6362.932  1.491e+05  7.019e-02   8.753917231533e-01   1.246082768467e-01   2.193433836232e+00   6.244518961768e-01
 1.100e-04   6363.866  1.491e+05  7.019e-02   8.754225621735e-01   1.245774378265e-01   2.193511108325e+00   6.242973519910e-01
 1.110e-04   6364.755  1.491e+05  7.019e-02   8.754519015286e-01   1.245480984714e-01   2.193584622767e+00   6.241503231069e-01
 1.120e-04   6365.601  1.491e+05  7.019e-02   8.754798125672e-01   1.245201874328e-01   2.193654558334e+00   6.240104519728e-01
 1.130e-04   6366.405  1.491e+05  7.019e-02   8.755063633926e-01   1.244936366074e-01   2.193721085670e+00   6.238773973020e-01
 1.140e-04   6367.170  1.492e+05  7.019e-02   8.755316189958e-01   1.244683810042e-01   2.193784367619e+00   6.237508334033e-01
 1.150e-04   6367.897  1.492e+05  7.019e-02   8.755556413855e-01   1.244443586145e-01   2.193844559555e+00   6.236304495317e-01
 1.160e-04   6368.589  1.492e+05  7.019e-02   8.755784897130e-01   1.244215102870e-01   2.193901809690e+00   6.235159492614e-01
 1.170e-04   6369.248  1.492e+05  7.019e-02   8.756002203933e-01   1.243997796067e-01   2.193956259382e+00   6.234070498779e-01
 1.180e-04   6369.874  1.492e+05  7.019e-02   8.756208872225e-01   1.243791127775e-01   2.194008043425e+00   6.233034817922e-01
 1.190e-04   6370.469  1.492e+05  7.019e-02   8.756405414903e-01   1.243594585097e-01   2.194057290333e+00   6.232049879751e-01
 1.200e-04   6371.035  1.492e+05  7.019e-02   8.756592320892e-01   1.243407679108e-01   2.194104122615e+00   6.231113234111e-01
 1.210e-04   6371.573  1.492e+05  7.019e-02   8.756770056191e-01   1.243229943809e-01   2.194148657034e+00   6.230222545732e-01
 1.220e-04   6372.085  1.493e+05  7.019e-02   8.756939064883e-01   1.243060935117e-01   2.194191004863e+00   6.229375589166e-01
 1.230e-04   6372.572  1.493e+05  7.019e-02   8.757099770110e-01   1.242900229890e-01   2.194231272125e+00   6.228570243918e-01
 1.240e-04   6373.035  1.493e+05  7.019e-02   8.757252575003e-01   1.242747424997e-01   2.194269559833e+00   6.227804489765e-01
 1.250e-04   6373.475  1.493e+05  7.019e-02   8.757397863584e-01   1.242602136416e-01   2.194305964208e+00   6.227076402257e-01
 1.260e-04   6373.893  1.493e+05  7.019e-02   8.757536001624e-01   1.242463998376e-01   2.194340576901e+00   6.226384148396e-01
 1.270e-04   6374.291  1.493e+05  7.019e-02   8.757667337471e-01   1.242332662529e-01   2.194373485196e+00   6.225725982493e-01
 1.280e-04   6374.669  1.493e+05  7.019e-02   8.757792202848e-01   1.242207797152e-01   2.194404772212e+00   6.225100242186e-01
 1.290e-04   6375.028  1.493e+05  7.019e-02   8.757910913608e-01   1.242089086392e-01   2.194434517089e+00   6.224505344632e-01
 1.300e-04   6375.370  1.493e+05  7.019e-02   8.758023770467e-01   1.241976229533e-01   2.194462795179e+00   6.223939782845e-01
 1.310e-04   6375.695  1.493e+05  7.019e-02   8.758131059702e-01   1.241868940298e-01   2.194489678211e+00   6.223402122202e-01
 1.320e-04   6376.004  1.493e+05  7.019e-02   8.758233053820e-01   1.241766946180e-01   2.194515234467e+00   6.222890997086e-01
 1.330e-04   6376.298  1.493e+05  7.019e-02   8.758330012196e-01   1.241669987804e-01   2.194539528937e+00   6.222405107678e-01
 1.340e-04   6376.577  1.493e+05  7.019e-02   8.758422181690e-01   1.241577818310e-01   2.194562623476e+00   6.221943216889e-01
 1.350e-04   6376.842  1.493e+05  7.019e-02   8.758509797230e-01   1.241490202770e-01   2.194584576950e+00   6.221504147418e-01
 1.360e-04   6377.094  1.493e+05  7.019e-02   8.758593082373e-01   1.241406917627e-01   2.194605445373e+00   6.221086778951e-01
 1.370e-04   6377.334  1.494e+05  7.019e-02   8.758672249841e-01   1.241327750159e-01   2.194625282047e+00   6.220690045470e-01
 1.380e-04   6377.562  1.494e+05  7.019e-02   8.758747502031e-01   1.241252497969e-01   2.194644137686e+00   6.220312932695e-01
 1.390e-04   6377.778  1.494e+05  7.019e-02   8.758819031508e-01   1.241180968492e-01   2.194662060539e+00   6.219954475629e-01
 1.400e-04   6377.984  1.494e+05  7.019e-02   8.758887021467e-01   1.241112978533e-01   2.194679096510e+00   6.219613756219e-01
 1.410e-04   6378.180  1.494e+05  7.019e-02   8.758951646181e-01   1.241048353819e-01   2.194695289265e+00   6.219289901125e-01
 1.420e-04   6378.366  1.494e+05  7.019e-02   8.759013071427e-01   1.240986928573e-01   2.194710680342e+00   6.218982079584e-01
 1.430e-04   6378.543  1.494e+05  7.019e-02   8.759071454894e-01   1.240928545106e-01   2.194725309252e+00   6.218689501377e-01
 1.440e-04   6378.711  1.494e+05  7.019e-02   8.759126946564e-01   1.240873053436e-01   2.194739213577e+00   6.218411414885e-01
 1.450e-04   6378.871  1.494e+05  7.019e-02   8.759179689089e-01   1.240820310911e-01   2.194752429059e+00   6.218147105238e-01
 1.460e-04   6379.022  1.494e+05  7.019e-02   8.759229818138e-01   1.240770181862e-01   2.194764989693e+00   6.217895892550e-01
 1.470e-04   6379.167  1.494e+05  7.019e-02   8.759277462739e-01   1.240722537261e-01   2.194776927809e+00   6.217657130231e-01
 1.480e-04   6379.304  1.494e+05  7.019e-02   8.759322745592e-01   1.240677254408e-01   2.194788274152e+00   6.217430203383e-01
 1.490e-04   6379.434  1.494e+05  7.019e-02   8.759365783381e-01   1.240634216619e-01   2.194799057957e+00   6.217214527269e-01
 1.500e-04   6379.558  1.494e+05  7.019e-02   8.759406687062e-01   1.240593312938e-01   2.194809307028e+00   6.217009545851e-01
 1.510e-04   6379.676  1.494e+05  7.019e-02   8.759445562142e-01   1.240554437858e-01   2.194819047801e+00   6.216814730404e-01
 1.520e-04   6379.788  1.494e+05  7.019e-02   8.759482508941e-01   1.240517491059e-01   2.194828305411e+00   6.216629578187e-01
 1.530e-04   6379.894  1.494e+05  7.019e-02   8.759517622847e-01   1.240482377153e-01   2.194837103762e+00   6.216453611183e-01
 1.540e-04   6379.995  1.494e+05  7.019e-02   8.759550994554e-01   1.240449005446e-01   2.194845465576e+00   6.216286374895e-01
 1.550e-04   6380.091  1.494e+05  7.019e-02   8.759582710290e-01   1.240417289710e-01   2.194853412461e+00   6.216127437203e-01
 1.560e-04   6380.182  1.494e+05  7.019e-02   8.759612852038e-01   1.240387147962e-01   2.194860964957e+00   6.215976387272e-01
 1.570e-04   6380.269  1.494e+05  7.019e-02   8.759641497739e-01   1.240358502261e-01   2.194868142595e+00   6.215832834511e-01
 1.580e-04   6380.351  1.494e+05  7.019e-02   8.759668721491e-01   1.240331278509e-01   2.194874963941e+00   6.215696407591e-01
 1.590e-04   6380.430  1.494e+05  7.019e-02   8.759694593738e-01   1.240305406262e-01   2.194881446646e+00   6.215566753495e-01
 1.600e-04   6380.504  1.494e+05  7.019e-02   8.759719181446e-01   1.240280818554e-01   2.194887607489e+00   6.215443536628e-01
 1.610e-04   6380.575  1.494e+05  7.019e-02   8.759742548279e-01   1.240257451721e-01   2.194893462423e+00   6.215326437964e-01
 1.620e-04   6380.642  1.494e+05  7.019e-02   8.759764754752e-01   1.240235245248e-01   2.194899026609e+00   6.215215154228e-01
 1.630e-04   6380.706  1.494e+05  7.019e-02   8.759785858395e-01   1.240214141605e-01   2.194904314464e+00   6.215109397132e-01
 1.640e-04   6380.767  1.494e+05  7.019e-02   8.759805913891e-01   1.240194086109e-01   2.194909339689e+00   6.215008892632e-01
 1.650e-04   6380.824  1.494e+05  7.019e-02   8.759824973222e-01   1.240175026778e-01   2.194914115309e+00   6.214913380232e-01
 1.660e-04   6380.879  1.494e+05  7.019e-02   8.759843085799e-01   1.240156914201e-01   2.194918653705e+00   6.214822612320e-01
 1.670e-04   6380.931  1.494e+05  7.019e-02   8.759860298589e-01   1.240139701411e-01   2.194922966644e+00   6.214736353530e-01
 1.680e-04   6380.981  1.494e+05  7.019e-02   8.759876656234e-01   1.240123343766e-01   2.194927065314e+00   6.214654380143e-01
 1.690e-04   6381.028  1.494e+05  7.019e-02   8.759892201168e-01   1.240107798832e-01   2.194930960345e+00   6.214576479512e-01
 1.700e-04   6381.073  1.494e+05  7.019e-02   8.759906973723e-01   1.240093026277e-01   2.194934661845e+00   6.214502449517e-01
 1.710e-04   6381.115  1.494e+05  7.019e-02   8.759921012235e-01   1.240078987765e-01   2.194938179419e+00   6.214432098046e-01
 1.720e-04   6381.156  1.494e+05  7.019e-02   8.759934353141e-01   1.240065646859e-01   2.194941522196e+00   6.214365242503e-01
 1.730e-04   6381.194  1.494e+05  7.019e-02   8.759947031073e-01   1.240052968927e-01   2.194944698854e+00   6.214301709337e-01
 1.740e-04   6381.231  1.494e+05  7.019e-02   8.759959078946e-01   1.240040921054e-01   2.194947717641e+00   6.214241333595e-01
 1.750e-04   6381.265  1.494e+05  7.019e-02   8.759970528045e-01   1.240029471955e-01   2.194950586396e+00   6.214183958502e-01
 1.760e-04   6381.298  1.494e+05  7.019e-02   8.759981408103e-01   1.240018591897e-01   2.194953312568e+00   6.214129435051e-01
 1.770e-04   6381.329  1.494e+05  7.019e-02   8.759991747382e-01   1.240008252618e-01   2.194955903240e+00   6.214077621624e-01
 1.780e-04   6381.359  1.494e+05  7.019e-02   8.760001572738e-01   1.239998427262e-01   2.194958365140e+00   6.214028383624e-01
 1.790e-04   6381.387  1.494e+05  7.019e-02   8.760010909699e-01   1.239989090301e-01   2.194960704664e+00   6.213981593129e-01
 1.800e-04   6381.414  1.494e+05  7.019e-02   8.760019782524e-01   1.239980217476e-01   2.194962927893e+00   6.213937128564e-01
 1.810e-04   6381.440  1.494e+05  7.019e-02   8.760028214272e-01   1.239971785728e-01   2.194965040602e+00   6.213894874382e-01
 1.820e-04   6381.464  1.494e+05  7.019e-02   8.760036226855e-01   1.239963773145e-01   2.194967048282e+00   6.213854720771e-01
 1.830e-04   6381.487  1.494e+05  7.019e-02   8.760043841097e-01   1.239956158903e-01   2.194968956152e+00   6.213816563367e-01
 1.840e-04   6381.509  1.494e+05  7.019e-02   8.760051076793e-01   1.239948923207e-01   2.194970769172e+00   6.213780302985e-01
 1.850e-04   6381.530  1.494e+05  7.019e-02   8.760057952750e-01   1.239942047250e-01   2.194972492053e+00   6.213745845363e-01
 1.860e-04   6381.550  1.494e+05  7.019e-02   8.760064486847e-01   1.239935513153e-01   2.194974129275e+00   6.213713100920e-01
 1.870e-04   6381.568  1.494e+05  7.019e-02   8.760070696070e-01   1.239929303930e-01   2.194975685095e+00   6.213681984518e-01
 1.880e-04   6381.586  1.494e+05  7.019e-02   8.760076596565e-01   1.239923403435e-01   2.194977163558e+00   6.213652415249e-01
 1.890e-04   6381.603  1.494e+05  7.019e-02   8.760082203677e-01   1.239917796323e-01   2.194978568510e+00   6.213624316222e-01
 1.900e-04   6381.619  1.494e+05  7.019e-02   8.760087531986e-01   1.239912468014e-01   2.194979903603e+00   6.213597614364e-01
 1.910e-04   6381.635  1.494e+05  7.019e-02   8.760092595349e-01   1.239907404651e-01   2.194981172309e+00   6.213572240229e-01
 1.920e-04   6381.649  1.494e+05  7.019e-02   8.760097406938e-01   1.239902593062e-01   2.194982377930e+00   6.213548127823e-01
 1.930e-04   6381.663  1.494e+05  7.019e-02   8.760101979265e-01   1.239898020735e-01   2.194983523599e+00   6.213525214429e-01
 1.940e-04   6381.676  1.494e+05  7.019e-02   8.760106324226e-01   1.239893675774e-01   2.194984612299e+00   6.213503440444e-01
 1.950e-04   6381.689  1.494e+05  7.019e-02   8.760110453121e-01   1.239889546879e-01   2.194985646859e+00   6.213482749227e-01
 1.960e-04   6381.701  1.494e+05  7.019e-02   8.760114376694e-01   1.239885623306e-01   2.194986629973e+00   6.213463086951e-01
 1.970e-04   6381.712  1.494e+05  7.019e-02   8.760118105151e-01   1.239881894849e-01   2.194987564198e+00   6.213444402464e-01
 1.980e-04   6381.723  1.494e+05  7.019e-02   8.760121648192e-01   1.239878351808e-01   2.194988451963e+00   6.213426647153e-01
 1.990e-04   6381.733  1.494e+05  7.019e-02   8.760125015035e-01   1.239874984965e-01   2.194989295580e+00   6.213409774823e-01
 2.000e-04   6381.743  1.494e+05  7.019e-02   8.760128214442e-01   1.239871785558e-01   2.194990097242e+00   6.213393741575e-01
 2.010e-04   6381.752  1.494e+05  7.019e-02   8.760131254736e-01   1.239868745264e-01   2.194990859036e+00   6.213378505688e-01
 2.020e-04   6381.761  1.494e+05  7.019e-02   8.760134143830e-01   1.239865856170e-01   2.194991582945e+00   6.213364027518e-01
 2.030e-04   6381.769  1.494e+05  7.019e-02   8.760136889240e-01   1.239863110760e-01   2.194992270851e+00   6.213350269389e-01
 2.040e-04   6381.777  1.494e+05  7.019e-02   8.760139498112e-01   1.239860501888e-01   2.194992924546e+00   6.213337195500e-01
 2.050e-04   6381.784  1.494e+05  7.019e-02   8.760141977234e-01   1.239858022766e-01   2.194993545730e+00   6.213324771826e-01
 2.060e-04   6381.791  1.494e+05  7.019e-02   8.760144333058e-01   1.239855666942e-01   2.194994136019e+00   6.213312966037e-01
 2.070e-04   6381.798  1.494e+05  7.019e-02   8.760146571716e-01   1.239853428284e-01   2.194994696950e+00   6.213301747406e-01
 2.080e-04   6381.805  1.494e+05  7.019e-02   8.760148699034e-01   1.239851300966e-01   2.194995229984e+00   6.213291086738e-01
 2.090e-04   6381.811  1.494e+05  7.019e-02   8.760150720548e-01   1.239849279452e-01   2.194995736507e+00   6.213280956285e-01
 2.100e-04   6381.817  1.494e+05  7.019e-02   8.760152641520e-01   1.239847358480e-01   2.194996217837e+00   6.213271329681e-01
 2.110e-04   6381.822  1.494e+05  7.019e-02   8.760154466949e-01   1.239845533051e-01   2.194996675227e+00   6.213262181870e-01
 2.120e-04   6381.827  1.494e+05  7.019e-02   8.760156201588e-01   1.239843798412e-01   2.194997109869e+00   6.213253489042e-01
 2.130e-04   6381.832  1.494e+05  7.019e-02   8.760157849950e-01   1.239842150050e-01   2.194997522892e+00   6.213245228570e-01
 2.140e-04   6381.837  1.494e+05  7.019e-02   8.760159416328e-01   1.239840583672e-01   2.194997915373e+00   6.213237378953e-01
 2.150e-04   6381.842  1.494e+05  7.019e-02   8.760160904797e-01   1.239839095203e-01   2.194998288333e+00   6.213229919758e-01
 2.160e-04   6381.846  1.494e+05  7.019e-02   8.760162319233e-01   1.239837680767e-01   2.194998642742e+00   6.213222831569e-01
 2.170e-04   6381.850  1.494e+05  7.019e-02   8.760163663317e-01   1.239836336683e-01   2.194998979524e+00   6.213216095933e-01
 2.180e-04   6381.854  1.494e+05  7.019e-02   8.760164940548e-01   1.239835059452e-01   2.194999299555e+00   6.213209695319e-01
 2.190e-04   6381.858  1.494e+05  7.019e-02   8.760166154252e-01   1.239833845748e-01   2.194999603668e+00   6.213203613063e-01
 2.200e-04   6381.861  1.494e+05  7.019e-02   8.760167307587e-01   1.239832692413e-01   2.194999892654e+00   6.213197833333e-01
 2.210e-04   6381.864  1.494e+05  7.019e-02   8.760168403556e-01   1.239831596444e-01   2.195000167267e+00   6.213192341082e-01
 2.220e-04   6381.867  1.494e+05  7.019e-02   8.760169444999e-01   1.239830555001e-01   2.195000428217e+00   6.213187122078e-01
 2.230e-04   6381.870  1.494e+05  7.019e-02   8.760170434629e-01   1.239829565371e-01   2.195000676185e+00   6.213182162726e-01
 2.240e-04   6381.873  1.494e+05  7.019e-02   8.760171375023e-01   1.239828624977e-01   2.195000911815e+00   6.213177450111e-01
 2.250e-04   6381.876  1.494e+05  7.019e-02   8.760172268630e-01   1.239827731370e-01   2.195001135723e+00   6.213172971958e-01
 2.260e-04   6381.879  1.494e+05  7.019e-02   8.760173117779e-01   1.239826882221e-01   2.195001348491e+00   6.213168716601e-01
 2.270e-04   6381.881  1.494e+05  7.019e-02   8.760173924681e-01   1.239826075319e-01   2.195001550673e+00   6.213164672958e-01
 2.280e-04   6381.883  1.494e+05  7.019e-02   8.760174691438e-01   1.239825308562e-01   2.195001742796e+00   6.213160830496e-01
 2.290e-04   6381.886  1.494e+05  7.019e-02   8.760175420046e-01   1.239824579954e-01   2.195001925361e+00   6.213157179206e-01
 2.300e-04   6381.888  1.494e+05  7.019e-02   8.760176112404e-01   1.239823887596e-01   2.195002098842e+00   6.213153709577e-01
 2.310e-04   6381.890  1.494e+05  7.019e-02   8.760176770316e-01   1.239823229684e-01   2.195002263692e+00   6.213150412571e-01
 2.320e-04   6381.892  1.494e+05  7.019e-02   8.760177395495e-01   1.239822604505e-01   2.195002420341e+00   6.213147279602e-01
 2.330e-04   6381.893  1.494e+05  7.019e-02   8.760177989569e-01   1.239822010431e-01   2.195002569196e+00   6.213144302506e-01
 2.340e-04   6381.895  1.494e+05  7.019e-02   8.760178554086e-01   1.239821445914e-01   2.195002710644e+00   6.213141473531e-01
 2.350e-04   6381.897  1.494e+05  7.019e-02   8.760179090516e-01   1.239820909484e-01   2.195002845056e+00   6.213138785306e-01
 2.360e-04   6381.898  1.494e+05  7.019e-02   8.760179600258e-01   1.239820399742e-01   2.195002972779e+00   6.213136230830e-01
 2.370e-04   6381.900  1.494e+05  7.019e-02   8.760180084638e-01   1.239819915362e-01   2.195003094148e+00   6.213133803447e-01
 2.380e-04   6381.901  1.494e+05  7.019e-02   8.760180544918e-01   1.239819455082e-01   2.195003209479e+00   6.213131496835e-01
 2.390e-04   6381.902  1.494e+05  7.019e-02   8.760180982298e-01   1.239819017702e-01   2.195003319072e+00   6.213129304986e-01
 2.400e-04   6381.904  1.494e+05  7.019e-02   8.760181397916e-01   1.239818602084e-01   2.195003423211e+00   6.213127222189e-01
 2.410e-04   6381.905  1.494e+05  7.019e-02   8.760181792856e-01   1.239818207144e-01   2.195003522170e+00   6.213125243019e-01
 2.420e-04   6381.906  1.494e+05  7.019e-02   8.760182168146e-01   1.239817831854e-01   2.195003616205e+00   6.213123362320e-01
 2.430e-04   6381.907  1.494e+05  7.019e-02   8.760182524764e-01   1.239817475236e-01   2.195003705561e+00   6.213121575194e-01
 2.440e-04   6381.908  1.494e+05  7.019e-02   8.760182863639e-01   1.239817136361e-01   2.195003790472e+00   6.213119876984e-01
 2.450e-04   6381.909  1.494e+05  7.019e-02   8.760183185653e-01   1.239816814347e-01   2.195003871157e+00   6.213118263267e-01
 2.460e-04   6381.910  1.494e+05  7.019e-02   8.760183491646e-01   1.239816508354e-01   2.195003947829e+00   6.213116729839e-01
 2.470e-04   6381.911  1.494e+05  7.019e-02   8.760183782414e-01   1.239816217586e-01   2.195004020686e+00   6.213115272706e-01
 2.480e-04   6381.912  1.494e+05  7.019e-02   8.760184058716e-01   1.239815941284e-01   2.195004089917e+00   6.213113888071e-01
 2.490e-04   6381.913  1.494e+05  7.019e-02   8.760184321270e-01   1.239815678730e-01   2.195004155704e+00   6.213112572327e-01
 2.500e-04   6381.913  1.494e+05  7.019e-02   8.760184570761e-01   1.239815429239e-01   2.195004218218e+00   6.213111322048e-01
 2.510e-04   6381.914  1.494e+05  7.019e-02   8.760184807839e-01   1.239815192161e-01   2.195004277622e+00   6.213110133975e-01
 2.520e-04   6381.915  1.494e+05  7.019e-02   8.760185033121e-01   1.239814966879e-01   2.195004334070e+00   6.213109005015e-01
 2.530e-04   6381.915  1.494e+05  7.019e-02   8.760185247195e-01   1.239814752805e-01   2.195004387710e+00   6.213107932225e-01
 2.540e-04   6381.916  1.494e+05  7.019e-02   8.760185450617e-01   1.239814549383e-01   2.195004438680e+00   6.213106912811e-01
 2.550e-04   6381.917  1.494e+05  7.019e-02   8.760185643918e-01   1.239814356082e-01   2.195004487115e+00   6.213105944118e-01
 2.560e-04   6381.917  1.494e+05  7.019e-02   8.760185827601e-01   1.239814172399e-01   2.195004533140e+00   6.213105023621e-01
 2.570e-04   6381.918  1.494e+05  7.019e-02   8.760186002145e-01   1.239813997855e-01   2.195004576875e+00   6.213104148924e-01
 2.580e-04   6381.918  1.494e+05  7.019e-02   8.760186168005e-01   1.239813831995e-01   2.195004618433e+00   6.213103317747e-01
 2.590e-04   6381.919  1.494e+05  7.019e-02   8.760186325613e-01   1.239813674387e-01   2.195004657925e+00   6.213102527925e-01
 2.600e-04   6381.919  1.494e+05  7.019e-02   8.760186475379e-01   1.239813524621e-01   2.195004695451e+00   6.213101777400e-01
 2.610e-04   6381.919  1.494e+05  7.019e-02   8.760186617693e-01   1.239813382307e-01   2.195004731110e+00   6.213101064218e-01
 2.620e-04   6381.920  1.494e+05  7.019e-02   8.760186752927e-01   1.239813247073e-01   2.195004764995e+00   6.213100386519e-01
 2.630e-04   6381.920  1.494e+05  7.019e-02   8.760186881432e-01   1.239813118568e-01   2.195004797194e+00   6.213099742540e-01
 2.640e-04   6381.921  1.494e+05  7.019e-02   8.760187003543e-01   1.239812996457e-01   2.195004827791e+00   6.213099130601e-01
 2.650e-04   6381.921  1.494e+05  7.019e-02   8.760187119579e-01   1.239812880421e-01   2.195004856865e+00   6.213098549109e-01
 2.660e-04   6381.921  1.494e+05  7.019e-02   8.760187229841e-01   1.239812770159e-01   2.195004884493e+00   6.213097996550e-01
 2.670e-04   6381.922  1.494e+05  7.019e-02   8.760187334617e-01   1.239812665383e-01   2.195004910747e+00   6.213097471483e-01
 2.680e-04   6381.922  1.494e+05  7.019e-02   8.760187434180e-01   1.239812565820e-01   2.195004935694e+00   6.213096972540e-01
 2.690e-04   6381.922  1.494e+05  7.019e-02   8.760187528790e-01   1.239812471210e-01   2.195004959400e+00   6.213096498423e-01
 2.700e-04   6381.923  1.494e+05  7.019e-02   8.760187618692e-01   1.239812381308e-01   2.195004981926e+00   6.213096047895e-01
 2.710e-04   6381.923  1.494e+05  7.019e-02   8.760187704121e-01   1.239812295879e-01   2.195005003332e+00   6.213095619783e-01
 2.720e-04   6381.923  1.494e+05  7.019e-02   8.760187785299e-01   1.239812214701e-01   2.195005023672e+00   6.213095212972e-01
 2.730e-04   6381.923  1.494e+05  7.019e-02   8.760187862438e-01   1.239812137562e-01   2.195005043001e+00   6.213094826402e-01
 2.740e-04   6381.923  1.494e+05  7.019e-02   8.760187935740e-01   1.239812064260e-01   2.195005061368e+00   6.213094459065e-01
 2.750e-04   6381.924  1.494e+05  7.019e-02   8.760188005394e-01   1.239811994606e-01   2.195005078821e+00   6.213094110005e-01
 2.760e-04   6381.924  1.494e+05  7.019e-02   8.760188071583e-01   1.239811928417e-01   2.195005095405e+00   6.213093778313e-01
 2.770e-04   6381.924  1.494e+05  7.019e-02   8.760188134478e-01   1.239811865522e-01   2.195005111165e+00   6.213093463124e-01
 2.780e-04   6381.924  1.494e+05  7.019e-02   8.760188194244e-01   1.239811805756e-01   2.195005126140e+00   6.213093163618e-01
 2.790e-04   6381.924  1.494e+05  7.019e-02   8.760188251036e-01   1.239811748964e-01   2.195005140370e+00   6.213092879013e-01
 2.800e-04   6381.925  1.494e+05  7.019e-02   8.760188305003e-01   1.239811694997e-01   2.195005153892e+00   6.213092608569e-01
 2.810e-04   6381.925  1.494e+05  7.019e-02   8.760188356285e-01   1.239811643715e-01   2.195005166742e+00   6.213092351581e-01
 2.820e-04   6381.925  1.494e+05  7.019e-02   8.760188405015e-01   1.239811594985e-01   2.195005178952e+00   6.213092107379e-01
 2.830e-04   6381.925  1.494e+05  7.019e-02   8.760188451320e-01   1.239811548680e-01   2.195005190554e+00   6.213091875328e-01
 2.840e-04   6381.925  1.494e+05  7.019e-02   8.760188495322e-01   1.239811504678e-01   2.195005201580e+00   6.213091654822e-01
 2.850e-04   6381.925  1.494e+05  7.019e-02   8.760188537134e-01   1.239811462866e-01   2.195005212056e+00   6.213091445288e-01
 2.860e-04   6381.925  1.494e+05  7.019e-02   8.760188576866e-01   1.239811423134e-01   2.195005222012e+00   6.213091246179e-01
 2.870e-04   6381.926  1.494e+05  7.019e-02   8.760188614621e-01   1.239811385379e-01   2.195005231472e+00   6.213091056977e-01
 2.880e-04   6381.926  1.494e+05  7.019e-02   8.760188650497e-01   1.239811349503e-01   2.195005240461e+00   6.213090877188e-01
 2.890e-04   6381.926  1.494e+05  7.019e-02   8.760188684589e-01   1.239811315411e-01   2.195005249004e+00   6.213090706345e-01
 2.900e-04   6381.926  1.494e+05  7.019e-02   8.760188716984e-01   1.239811283016e-01   2.195005257121e+00   6.213090544002e-01
 2.910e-04   6381.926  1.494e+05  7.019e-02   8.760188747767e-01   1.239811252233e-01   2.195005264834e+00   6.213090389737e-01
 2.920e-04   6381.926  1.494e+05  7.019e-02   8.760188777019e-01   1.239811222981e-01   2.195005272163e+00   6.213090243147e-01
 2.930e-04   6381.926  1.494e+05  7.019e-02   8.760188804815e-01   1.239811195185e-01   2.195005279128e+00   6.213090103851e-01
 2.940e-04   6381.926  1.494e+05  7.019e-02   8.760188831228e-01   1.239811168772e-01   2.195005285747e+00   6.213089971485e-01
 2.950e-04   6381.926  1.494e+05  7.019e-02   8.760188856328e-01   1.239811143672e-01   2.195005292036e+00   6.213089845706e-01
 2.960e-04   6381.926  1.494e+05  7.019e-02   8.760188880178e-01   1.239811119822e-01   2.195005298012e+00   6.213089726184e-01
 2.970e-04   6381.926  1.494e+05  7.019e-02   8.760188902842e-01   1.239811097158e-01   2.195005303690e+00   6.213089612609e-01
 2.980e-04   6381.926  1.494e+05  7.019e-02   8.760188924377e-01   1.239811075623e-01   2.195005309087e+00   6.213089504686e-01
 2.990e-04   6381.927  1.494e+05  7.019e-02   8.760188944842e-01   1.239811055158e-01   2.195005314214e+00   6.213089402132e-01
 3.000e-04   6381.927  1.494e+05  7.019e-02   8.760188964288e-01   1.239811035712e-01   2.195005319087e+00   6.213089304681e-01
