Sim: 2
Label: rocket
Time: 0.009999999999994874
Description: Test run of cold flow MSSE simulation with Ma 0.1 initialisation
Variables: 17
vel_x Ma p T rho u massf_H2 massf_O2 massf_OH massf_H2O massf_H massf_O dx dV A_c A_s pos_x
363.314404622 0.225062144 21623245.823004305 3571.333870491 9.892033843 -3260250.327312552 0.036970882 0.004957984 0.045355855 0.908467093 0.001893894 0.002354292 0.005000000 0.000795216 0.159043128 0.007068583 0.002500000 
364.016434852 0.225499092 21613877.320042595 3571.266645304 9.887934140 -3260464.484241302 0.036970882 0.004957984 0.045355855 0.908467093 0.001893894 0.002354292 0.005000000 0.000795216 0.159043128 0.007068583 0.007500000 
364.162054059 0.225589728 21611932.821401287 3571.252684854 9.887083219 -3260508.957470097 0.036970882 0.004957984 0.045355855 0.908467093 0.001893894 0.002354292 0.005000000 0.000795216 0.159043128 0.007068583 0.012500000 
364.192274183 0.225608537 21611529.231322777 3571.249787028 9.886906606 -3260518.188951435 0.036970882 0.004957984 0.045355855 0.908467093 0.001893894 0.002354292 0.005000000 0.000795216 0.159043128 0.007068583 0.017500000 
364.198546289 0.225612441 21611445.466540057 3571.249185626 9.886869950 -3260520.104813625 0.036970882 0.004957984 0.045355855 0.908467093 0.001893894 0.002354292 0.005000000 0.000795216 0.159043128 0.007068583 0.022500000 
364.199848000 0.225613251 21611428.083460853 3571.249060873 9.886862343 -3260520.502234131 0.036970882 0.004957984 0.045355855 0.908467093 0.001893894 0.002354292 0.005000000 0.000795216 0.159043128 0.007068583 0.027500000 
364.200118077 0.225613420 21611424.478332456 3571.249035051 9.886860765 -3260520.584492629 0.036970882 0.004957984 0.045355855 0.908467093 0.001893894 0.002354292 0.005000000 0.000795216 0.159043128 0.007068583 0.032500000 
364.200174030 0.225613454 21611423.732928175 3571.249029763 9.886860438 -3260520.601339024 0.036970882 0.004957984 0.045355855 0.908467093 0.001893894 0.002354292 0.005000000 0.000795216 0.159043128 0.007068583 0.037500000 
364.200185536 0.225613462 21611423.581101794 3571.249028736 9.886860372 -3260520.604610693 0.036970882 0.004957984 0.045355855 0.908467093 0.001893894 0.002354292 0.005000000 0.000795216 0.159043128 0.007068583 0.042500000 
364.200187813 0.225613463 21611423.552497987 3571.249028593 9.886860359 -3260520.605066965 0.036970882 0.004957984 0.045355855 0.908467093 0.001893894 0.002354292 0.005000000 0.000795216 0.159043128 0.007068583 0.047500000 
364.200188170 0.225613463 21611423.549488593 3571.249028633 9.886860358 -3260520.604941136 0.036970882 0.004957984 0.045355855 0.908467093 0.001893894 0.002354292 0.005000000 0.000795216 0.159043128 0.007068583 0.052500000 
364.200188126 0.225613463 21611423.551807180 3571.249028709 9.886860358 -3260520.604696806 0.036970882 0.004957984 0.045355855 0.908467093 0.001893894 0.002354292 0.005000000 0.000795216 0.159043128 0.007068583 0.057500000 
364.200187996 0.225613463 21611423.555244233 3571.249028793 9.886860360 -3260520.604430225 0.036970882 0.004957984 0.045355855 0.908467093 0.001893894 0.002354292 0.005000000 0.000795216 0.159043128 0.007068583 0.062500000 
364.200187844 0.225613463 21611423.558922864 3571.249028878 9.886860361 -3260520.604161359 0.036970882 0.004957984 0.045355855 0.908467093 0.001893894 0.002354292 0.005000000 0.000795216 0.159043128 0.007068583 0.067500000 
364.200187685 0.225613463 21611423.562658042 3571.249028962 9.886860363 -3260520.603894254 0.036970882 0.004957984 0.045355855 0.908467093 0.001893894 0.002354292 0.005000000 0.000795216 0.159043128 0.007068583 0.072500000 
364.200187522 0.225613463 21611423.566408221 3571.249029045 9.886860364 -3260520.603629655 0.036970882 0.004957984 0.045355855 0.908467093 0.001893894 0.002354292 0.005000000 0.000795216 0.159043128 0.007068583 0.077500000 
364.200187355 0.225613463 21611423.570161734 3571.249029127 9.886860366 -3260520.603367548 0.036970882 0.004957984 0.045355855 0.908467093 0.001893894 0.002354292 0.005000000 0.000795216 0.159043128 0.007068583 0.082500000 
364.200187185 0.225613463 21611423.573913101 3571.249029209 9.886860367 -3260520.603107718 0.036970882 0.004957984 0.045355855 0.908467093 0.001893894 0.002354292 0.005000000 0.000795216 0.159043128 0.007068583 0.087500000 
364.200187012 0.225613462 21611423.577658132 3571.249029290 9.886860369 -3260520.602849893 0.036970882 0.004957984 0.045355855 0.908467093 0.001893894 0.002354292 0.005000000 0.000795216 0.159043128 0.007068583 0.092500000 
364.200186836 0.225613462 21611423.581392981 3571.249029370 9.886860370 -3260520.602593742 0.036970882 0.004957984 0.045355855 0.908467093 0.001893894 0.002354292 0.005000000 0.000795216 0.159043128 0.007068583 0.097500000 
364.200186657 0.225613462 21611423.585113820 3571.249029450 9.886860372 -3260520.602338903 0.036970882 0.004957984 0.045355855 0.908467093 0.001893894 0.002354292 0.005000000 0.000795216 0.159043128 0.007068583 0.102500000 
364.200186476 0.225613462 21611423.588816967 3571.249029530 9.886860373 -3260520.602084969 0.036970882 0.004957984 0.045355855 0.908467093 0.001893894 0.002354292 0.005000000 0.000795216 0.159043128 0.007068583 0.107500000 
364.200186293 0.225613462 21611423.592498682 3571.249029609 9.886860375 -3260520.601831533 0.036970882 0.004957984 0.045355855 0.908467093 0.001893894 0.002354292 0.005000000 0.000795216 0.159043128 0.007068583 0.112500000 
364.200186107 0.225613462 21611423.596155316 3571.249029689 9.886860376 -3260520.601578153 0.036970882 0.004957984 0.045355855 0.908467093 0.001893894 0.002354292 0.005000000 0.000795216 0.159043128 0.007068583 0.117500000 
364.200185920 0.225613462 21611423.599783253 3571.249029769 9.886860377 -3260520.601324395 0.036970882 0.004957984 0.045355855 0.908467093 0.001893894 0.002354292 0.005000000 0.000795216 0.159043128 0.007068583 0.122500000 
364.200185731 0.225613462 21611423.603378944 3571.249029849 9.886860379 -3260520.601069814 0.036970882 0.004957984 0.045355855 0.908467093 0.001893894 0.002354292 0.005000000 0.000795216 0.159043128 0.007068583 0.127500000 
364.200185540 0.225613461 21611423.606938839 3571.249029929 9.886860380 -3260520.600813991 0.036970882 0.004957984 0.045355855 0.908467093 0.001893894 0.002354292 0.005000000 0.000795216 0.159043128 0.007068583 0.132500000 
364.200185348 0.225613461 21611423.610459507 3571.249030010 9.886860382 -3260520.600556512 0.036970882 0.004957984 0.045355855 0.908467093 0.001893894 0.002354292 0.005000000 0.000795216 0.159043128 0.007068583 0.137500000 
364.200185155 0.225613461 21611423.613937523 3571.249030091 9.886860383 -3260520.600296993 0.036970882 0.004957984 0.045355855 0.908467093 0.001893894 0.002354292 0.005000000 0.000795216 0.159043128 0.007068583 0.142500000 
364.200184960 0.225613461 21611423.617369559 3571.249030173 9.886860384 -3260520.600035095 0.036970882 0.004957984 0.045355855 0.908467093 0.001893894 0.002354292 0.005000000 0.000795216 0.159043128 0.007068583 0.147500000 
364.200184765 0.225613461 21611423.620752312 3571.249030256 9.886860386 -3260520.599770519 0.036970882 0.004957984 0.045355855 0.908467093 0.001893894 0.002354292 0.005000000 0.000795216 0.159043128 0.007068583 0.152500000 
364.200184569 0.225613461 21611423.624082565 3571.249030340 9.886860387 -3260520.599503018 0.036970882 0.004957984 0.045355855 0.908467093 0.001893894 0.002354292 0.005000000 0.000795216 0.159043128 0.007068583 0.157500000 
364.200184372 0.225613461 21611423.627357155 3571.249030425 9.886860388 -3260520.599232410 0.036970882 0.004957984 0.045355855 0.908467093 0.001893894 0.002354292 0.005000000 0.000795216 0.159043128 0.007068583 0.162500000 
364.200184175 0.225613461 21611423.630572971 3571.249030511 9.886860389 -3260520.598958583 0.036970882 0.004957984 0.045355855 0.908467093 0.001893894 0.002354292 0.005000000 0.000795216 0.159043128 0.007068583 0.167500000 
364.200183978 0.225613460 21611423.633727025 3571.249030598 9.886860391 -3260520.598681508 0.036970882 0.004957984 0.045355855 0.908467093 0.001893894 0.002354292 0.005000000 0.000795216 0.159043128 0.007068583 0.172500000 
364.200183781 0.225613460 21611423.636816353 3571.249030686 9.886860392 -3260520.598401220 0.036970882 0.004957984 0.045355855 0.908467093 0.001893894 0.002354292 0.005000000 0.000795216 0.159043128 0.007068583 0.177500000 
364.200183583 0.225613460 21611423.639838047 3571.249030775 9.886860393 -3260520.598117868 0.036970882 0.004957984 0.045355855 0.908467093 0.001893894 0.002354292 0.005000000 0.000795216 0.159043128 0.007068583 0.182500000 
364.200183386 0.225613460 21611423.642789349 3571.249030865 9.886860394 -3260520.597831672 0.036970882 0.004957984 0.045355855 0.908467093 0.001893894 0.002354292 0.005000000 0.000795216 0.159043128 0.007068583 0.187500000 
364.200183190 0.225613460 21611423.645667545 3571.249030956 9.886860395 -3260520.597542964 0.036970882 0.004957984 0.045355855 0.908467093 0.001893894 0.002354292 0.005000000 0.000795216 0.159043128 0.007068583 0.192500000 
364.200182993 0.225613460 21611423.648469947 3571.249031047 9.886860396 -3260520.597252169 0.036970882 0.004957984 0.045355855 0.908467093 0.001893894 0.002354292 0.005000000 0.000795216 0.159043128 0.007068583 0.197500000 
364.200182797 0.225613460 21611423.651194002 3571.249031139 9.886860397 -3260520.596959813 0.036970882 0.004957984 0.045355855 0.908467093 0.001893894 0.002354292 0.005000000 0.000795216 0.159043128 0.007068583 0.202500000 
364.200182602 0.225613460 21611423.653837267 3571.249031231 9.886860398 -3260520.596666521 0.036970882 0.004957984 0.045355855 0.908467093 0.001893894 0.002354292 0.005000000 0.000795216 0.159043128 0.007068583 0.207500000 
364.200182408 0.225613459 21611423.656397320 3571.249031323 9.886860399 -3260520.596373028 0.036970882 0.004957984 0.045355855 0.908467093 0.001893894 0.002354292 0.005000000 0.000795216 0.159043128 0.007068583 0.212500000 
364.200182215 0.225613459 21611423.658871844 3571.249031415 9.886860400 -3260520.596080157 0.036970882 0.004957984 0.045355855 0.908467093 0.001893894 0.002354292 0.005000000 0.000795216 0.159043128 0.007068583 0.217500000 
364.200182023 0.225613459 21611423.661258627 3571.249031506 9.886860401 -3260520.595788830 0.036970882 0.004957984 0.045355855 0.908467093 0.001893894 0.002354292 0.005000000 0.000795216 0.159043128 0.007068583 0.222500000 
364.200181832 0.225613459 21611423.663556043 3571.249031597 9.886860402 -3260520.595500066 0.036970882 0.004957984 0.045355855 0.908467093 0.001893894 0.002354292 0.005000000 0.000795216 0.159043128 0.007068583 0.227500000 
364.200181650 0.225613459 21611423.665861525 3571.249031686 9.886860402 -3260520.595217215 0.036970882 0.004957984 0.045355855 0.908467093 0.001893894 0.002354292 0.005000000 0.000795216 0.159043128 0.007068583 0.232500000 
364.200182948 0.225613460 21611423.688002389 3571.249031631 9.886860413 -3260520.595390946 0.036970882 0.004957984 0.045355855 0.908467093 0.001893894 0.002354292 0.005000000 0.000795216 0.159043128 0.007068583 0.237500000 
364.200478976 0.225613644 21611427.682126615 3571.249003310 9.886862318 -3260520.685611113 0.036970882 0.004957984 0.045355855 0.908467093 0.001893894 0.002354292 0.005000000 0.000795216 0.159043128 0.007068583 0.242500000 
364.259424594 0.225650333 21612222.192896917 3571.243350065 9.887241445 -3260538.694909305 0.036970882 0.004957984 0.045355855 0.908467093 0.001893894 0.002354292 0.005000000 0.000795216 0.159043128 0.007068583 0.247500000 
373.642508064 0.231491642 21741053.964582153 3570.331762922 9.948719379 -3263442.632453294 0.036970882 0.004957984 0.045355855 0.908467093 0.001893894 0.002354292 0.005000000 0.000770446 0.154023687 0.012063598 0.252500000 
396.067935039 0.245461310 21708391.383694347 3568.059017287 9.940100476 -3270682.083503200 0.036970882 0.004957984 0.045355855 0.908467093 0.001893894 0.002354292 0.005000000 0.000722968 0.144530723 0.011356530 0.257500000 
422.282340101 0.261808271 21634865.862629507 3565.234084961 9.914283138 -3279679.294871358 0.036970882 0.004957984 0.045355855 0.908467093 0.001893894 0.002354292 0.005000000 0.000678966 0.135733010 0.010691209 0.262500000 
450.546349920 0.279455228 21542811.546133086 3561.985108433 9.881103387 -3290025.495807674 0.036970882 0.004957984 0.045355855 0.908467093 0.001893894 0.002354292 0.005000000 0.000638253 0.127592880 0.010066230 0.267500000 
480.536876012 0.298206707 21435409.939864501 3558.307045367 9.842003918 -3301736.082046279 0.036970882 0.004957984 0.045355855 0.908467093 0.001893894 0.002354292 0.005000000 0.000600649 0.120074376 0.009480224 0.272500000 
512.209786153 0.318041836 21311664.314422410 3554.164721810 9.796590969 -3314922.255942326 0.036970882 0.004957984 0.045355855 0.908467093 0.001893894 0.002354292 0.005000000 0.000565982 0.113143255 0.008931859 0.277500000 
545.577947812 0.338976329 21169423.642990828 3549.513913346 9.743955947 -3329723.826945262 0.036970882 0.004957984 0.045355855 0.908467093 0.001893894 0.002354292 0.005000000 0.000534090 0.106766984 0.008419850 0.282500000 
580.666269017 0.361034631 21006035.048448842 3544.305772081 9.682958362 -3346295.061687008 0.036970882 0.004957984 0.045355855 0.908467093 0.001893894 0.002354292 0.005000000 0.000504818 0.100914744 0.007942959 0.287500000 
617.503668405 0.384245075 20818505.592906218 3538.487475748 9.612294081 -3364802.558442774 0.036970882 0.004957984 0.045355855 0.908467093 0.001893894 0.002354292 0.005000000 0.000478022 0.095557428 0.007500002 0.292500000 
656.123725144 0.408640506 20603570.005765200 3532.001778984 9.530522797 -3385426.604739556 0.036970882 0.004957984 0.045355855 0.908467093 0.001893894 0.002354292 0.005000000 0.000453564 0.090667639 0.007089856 0.297500000 
696.567914800 0.434260576 20357755.680027444 3524.786013469 9.436094944 -3408364.271520788 0.036970882 0.004957984 0.045355855 0.908467093 0.001893894 0.002354292 0.005000000 0.000431316 0.086219696 0.006711462 0.302500000 
738.889996999 0.461154860 20077468.773354042 3516.770604431 9.327388777 -3433834.021526480 0.036970882 0.004957984 0.045355855 0.908467093 0.001893894 0.002354292 0.005000000 0.000411158 0.082189627 0.006363835 0.307500000 
783.161152793 0.489386564 19759108.542179812 3507.877053515 9.202761014 -3462081.980520802 0.036970882 0.004957984 0.045355855 0.908467093 0.001893894 0.002354292 0.005000000 0.000392979 0.078555173 0.006046064 0.312500000 
829.475697740 0.519036780 19399211.896499794 3498.015305530 9.060612185 -3493390.119187857 0.036970882 0.004957984 0.045355855 0.908467093 0.001893894 0.002354292 0.005000000 0.000376675 0.075295789 0.005757321 0.317500000 
877.957209976 0.550209228 18994628.198451512 3487.080411088 8.899466968 -3528086.605197154 0.036970882 0.004957984 0.045355855 0.908467093 0.001893894 0.002354292 0.005000000 0.000362154 0.072392639 0.005496865 0.322500000 
928.764793573 0.583035405 18542724.097353484 3474.948420421 8.718069649 -3566558.503115249 0.036970882 0.004957984 0.045355855 0.908467093 0.001893894 0.002354292 0.005000000 0.000349328 0.069828602 0.005264043 0.327500000 
982.098853516 0.617679815 18041620.109932162 3461.471536931 8.515495616 -3609266.693920306 0.036970882 0.004957984 0.045355855 0.908467093 0.001893894 0.002354292 0.005000000 0.000338122 0.067588268 0.005058291 0.332500000 
1038.204919795 0.654344463 17490465.946373437 3446.472832835 8.291281883 -3656762.006512491 0.036970882 0.004957984 0.045355855 0.908467093 0.001893894 0.002354292 0.005000000 0.000328466 0.065657940 0.004879134 0.337500000 
1097.372097986 0.693270430 16889772.269147407 3429.741557491 8.045583727 -3709699.239349788 0.036970882 0.004957984 0.045355855 0.908467093 0.001893894 0.002354292 0.005000000 0.000320301 0.064025631 0.004726182 0.342500000 
1159.918166311 0.734731261 16241836.115171824 3411.031935487 7.779371278 -3768839.857681290 0.036970882 0.004957984 0.045355855 0.908467093 0.001893894 0.002354292 0.005000000 0.000313575 0.062681069 0.004599128 0.347500000 
1226.142498872 0.779005152 15551334.685197880 3390.073132458 7.494691510 -3835019.129864319 0.036970882 0.004957984 0.045355855 0.908467093 0.001893894 0.002354292 0.005000000 0.000308246 0.061615692 0.004497732 0.352500000 
1296.200350272 0.826292912 14826263.654285587 3366.610859775 7.195052372 -3909013.412918466 0.036970882 0.004957984 0.045355855 0.908467093 0.001893894 0.002354292 0.005000000 0.000304279 0.060822653 0.004421821 0.357500000 
1369.764927916 0.876485097 14079903.573475707 3340.541424173 6.886173798 -3991117.260608834 0.036970882 0.004957984 0.045355855 0.908467093 0.001893894 0.002354292 0.005000000 0.000301648 0.060296813 0.004371276 0.362500000 
1444.814796339 0.928302453 13338222.617458649 3312.427185862 6.578801486 -4079526.149261086 0.036970882 0.004957984 0.045355855 0.908467093 0.001893894 0.002354292 0.005000000 0.000300337 0.060034750 0.004346021 0.367500000 
1611.199488566 1.045632358 11745970.809269125 3244.594761422 5.914575979 -4292244.597193632 0.036970882 0.004957984 0.045355855 0.908467093 0.001893894 0.002354292 0.005000000 0.000300243 0.060025350 0.004344369 0.372500000 
1667.207326225 1.085965896 11213274.133838672 3220.043547849 5.689391964 -4369025.644582585 0.036970882 0.004957984 0.045355855 0.908467093 0.001893894 0.002354292 0.005000000 0.000301176 0.060211894 0.004359096 0.377500000 
1725.071467625 1.128121763 10666311.062080225 3193.763748333 5.456405254 -4451086.078820243 0.036970882 0.004957984 0.045355855 0.908467093 0.001893894 0.002354292 0.005000000 0.000303041 0.060584981 0.004388403 0.382500000 
1783.300109710 1.171069833 10120940.187991347 3166.375515007 5.222201201 -4536466.274667729 0.036970882 0.004957984 0.045355855 0.908467093 0.001893894 0.002354292 0.005000000 0.000305838 0.061144611 0.004431999 0.387500000 
1841.430279965 1.214502738 9583055.640842885 3138.085485193 4.989240054 -4624503.744083565 0.036970882 0.004957984 0.045355855 0.908467093 0.001893894 0.002354292 0.005000000 0.000309568 0.061890785 0.004489469 0.392500000 
1899.195536913 1.258246646 9056483.319376662 3109.029704273 4.759155342 -4714758.524568918 0.036970882 0.004957984 0.045355855 0.908467093 0.001893894 0.002354292 0.005000000 0.000314231 0.062823503 0.004560289 0.397500000 
1956.396400036 1.302169456 8544182.981364883 3079.326020408 4.533253749 -4806849.227273603 0.036970882 0.004957984 0.045355855 0.908467093 0.001893894 0.002354292 0.005000000 0.000319826 0.063942764 0.004643848 0.402500000 
2012.868253962 1.346158135 8048533.653038273 3049.085997145 4.312630514 -4900415.923440408 0.036970882 0.004957984 0.045355855 0.908467093 0.001893894 0.002354292 0.005000000 0.000326353 0.065248569 0.004739472 0.407500000 
2068.471200221 1.390111755 7571423.013365426 3018.417621302 4.098201838 -4995111.817884197 0.036970882 0.004957984 0.045355855 0.908467093 0.001893894 0.002354292 0.005000000 0.000333813 0.066740917 0.004846448 0.412500000 
2123.086210912 1.433939131 7114288.897346987 2987.425350787 3.890716579 -5090603.191652897 0.036970882 0.004957984 0.045355855 0.908467093 0.001893894 0.002354292 0.005000000 0.000342206 0.068419809 0.004964041 0.417500000 
2176.613279948 1.477557980 6678152.056292160 2956.209355125 3.690764009 -5186571.808122619 0.036970882 0.004957984 0.045355855 0.908467093 0.001893894 0.002354292 0.005000000 0.000351531 0.070285244 0.005091517 0.422500000 
2228.970170573 1.520894583 6263651.151534921 2924.864590084 3.498782599 -5282717.777730294 0.036970882 0.004957984 0.045355855 0.908467093 0.001893894 0.002354292 0.005000000 0.000361789 0.072337222 0.005228153 0.427500000 
2280.091267917 1.563883570 5871082.122471713 2893.479957111 3.315071023 -5378762.104099566 0.036970882 0.004957984 0.045355855 0.908467093 0.001893894 0.002354292 0.005000000 0.000372980 0.074575745 0.005373250 0.432500000 
2329.926374013 1.606467676 5500441.039838304 2862.137647009 3.139801251 -5474448.610036598 0.036970882 0.004957984 0.045355855 0.908467093 0.001893894 0.002354292 0.005000000 0.000385103 0.077000811 0.005526142 0.437500000 
2378.439412110 1.648597433 5151468.613113468 2830.912699301 2.973033084 -5569545.155828360 0.036970882 0.004957984 0.045355855 0.908467093 0.001893894 0.002354292 0.005000000 0.000398160 0.079612420 0.005686201 0.442500000 
2425.607058831 1.690230770 4823694.431133090 2799.872774658 2.814729414 -5663844.168676770 0.036970882 0.004957984 0.045355855 0.908467093 0.001893894 0.002354292 0.005000000 0.000412148 0.082410573 0.005852838 0.447500000 
2471.417340953 1.731332561 4516479.286899918 2769.078120149 2.664771503 -5757162.556583105 0.036970882 0.004957984 0.045355855 0.908467093 0.001893894 0.002354292 0.005000000 0.000427070 0.085395269 0.006025508 0.452500000 
2515.868236446 1.771874106 4229054.344080824 2738.581698404 2.522973710 -5849341.105733439 0.036970882 0.004957984 0.045355855 0.908467093 0.001893894 0.002354292 0.005000000 0.000442924 0.088566509 0.006203708 0.457500000 
2558.966315259 1.811832592 3960556.327970036 2708.429448652 2.389097246 -5940243.468796089 0.036970882 0.004957984 0.045355855 0.908467093 0.001893894 0.002354292 0.005000000 0.000459711 0.091924292 0.006386974 0.462500000 
2600.725448280 1.851190540 3710058.308048250 2678.660647850 2.262862671 -6029754.849098095 0.036970882 0.004957984 0.045355855 0.908467093 0.001893894 0.002354292 0.005000000 0.000477431 0.095468619 0.006574883 0.467500000 
2641.165605085 1.889935245 3476595.955188457 2649.308342487 2.143960966 -6117780.476691572 0.036970882 0.004957984 0.045355855 0.908467093 0.001893894 0.002354292 0.005000000 0.000496083 0.099199490 0.006767048 0.472500000 
2680.311753754 1.928058246 3259189.396052849 2620.399825211 2.032063137 -6204243.959841652 0.036970882 0.004957984 0.045355855 0.908467093 0.001893894 0.002354292 0.005000000 0.000515669 0.103116904 0.006963117 0.477500000 
2718.192869618 1.965554807 3056860.953837664 2591.957134483 1.926828362 -6289085.581562518 0.036970882 0.004957984 0.045355855 0.908467093 0.001893894 0.002354292 0.005000000 0.000536187 0.107220861 0.007162769 0.482500000 
2754.841054640 2.002423440 2868649.167958458 2563.997559601 1.827910767 -6372260.596929328 0.036970882 0.004957984 0.045355855 0.908467093 0.001893894 0.002354292 0.005000000 0.000557638 0.111511362 0.007365713 0.487500000 
2790.290765126 2.038665459 2693619.537765428 2536.534137340 1.734964938 -6453737.573918701 0.036970882 0.004957984 0.045355855 0.908467093 0.001893894 0.002354292 0.005000000 0.000580021 0.115988407 0.007571685 0.492500000 
2824.578142625 2.074284568 2530872.449375949 2509.576130002 1.647650308 -6533496.809004915 0.036970882 0.004957984 0.045355855 0.908467093 0.001893894 0.002354292 0.005000000 0.000603337 0.120651995 0.007780443 0.497500000 
2857.740440941 2.109286498 2379548.731503136 2483.129477636 1.565634556 -6611528.838903038 0.036970882 0.004957984 0.045355855 0.908467093 0.001893894 0.002354292 0.005000000 0.000627587 0.125502126 0.007991770 0.502500000 
2889.815541057 2.143678669 2238833.255235808 2457.197219777 1.488596161 -6687833.061742650 0.036970882 0.004957984 0.045355855 0.908467093 0.001893894 0.002354292 0.005000000 0.000652769 0.130538801 0.008205467 0.507500000 
2920.841545256 2.177469901 2107956.951591711 2431.779884035 1.416226239 -6762416.474488742 0.036970882 0.004957984 0.045355855 0.908467093 0.001893894 0.002354292 0.005000000 0.000678883 0.135762020 0.008421354 0.512500000 
2950.856441635 2.210670147 1986197.574937470 2406.875840467 1.348229794 -6835292.528433929 0.036970882 0.004957984 0.045355855 0.908467093 0.001893894 0.002354292 0.005000000 0.000705931 0.141171782 0.008639266 0.517500000 
2979.897830500 2.243290272 1872879.494014825 2382.481621890 1.284326477 -6906480.100869043 0.036970882 0.004957984 0.045355855 0.908467093 0.001893894 0.002354292 0.005000000 0.000733911 0.146768088 0.008859054 0.522500000 
3008.002704571 2.275341847 1767372.747962406 2358.592211116 1.224250964 -6976002.578389354 0.036970882 0.004957984 0.045355855 0.908467093 0.001893894 0.002354292 0.005000000 0.000762824 0.152550937 0.009080582 0.527500000 
3035.207275578 2.306836980 1669091.563965303 2335.201296757 1.167753021 -7043887.045509160 0.036970882 0.004957984 0.045355855 0.908467093 0.001893894 0.002354292 0.005000000 0.000792670 0.158520330 0.009303725 0.532500000 
3061.546840477 2.337788166 1577492.496823284 2312.301499569 1.114597339 -7110163.571159820 0.036970882 0.004957984 0.045355855 0.908467093 0.001893894 0.002354292 0.005000000 0.000823449 0.164676266 0.009528371 0.537500000 
3087.055681237 2.368208159 1492072.319087624 2289.884571594 1.064563184 -7174864.585075659 0.036970882 0.004957984 0.045355855 0.908467093 0.001893894 0.002354292 0.005000000 0.000855160 0.171018746 0.009754414 0.542500000 
3111.766992844 2.398109867 1412365.763401587 2267.941570398 1.017443919 -7238024.335896667 0.036970882 0.004957984 0.045355855 0.908467093 0.001893894 0.002354292 0.005000000 0.000887804 0.177547769 0.009981761 0.547500000 
3135.712834826 2.427506257 1337943.195995092 2246.463010746 0.973046430 -7299678.422928040 0.036970882 0.004957984 0.045355855 0.908467093 0.001893894 0.002354292 0.005000000 0.000921381 0.184263336 0.010210323 0.552500000 
3158.924102215 2.456410277 1268408.281513265 2225.438995968 0.931190498 -7359863.393805984 0.036970882 0.004957984 0.045355855 0.908467093 0.001893894 0.002354292 0.005000000 0.000955890 0.191165446 0.010440022 0.557500000 
3181.430512439 2.484834799 1203395.684031734 2204.859331177 0.891708124 -7418616.400759692 0.036970882 0.004957984 0.045355855 0.908467093 0.001893894 0.002354292 0.005000000 0.000991333 0.198254100 0.010670784 0.562500000 
3203.260605125 2.512792557 1142568.836753056 2184.713620345 0.854442848 -7475974.908677905 0.036970882 0.004957984 0.045355855 0.908467093 0.001893894 0.002354292 0.005000000 0.001027708 0.205529297 0.010902541 0.567500000 
3224.441752255 2.540296110 1085617.803035366 2164.991349114 0.819249060 -7531976.448746096 0.036970882 0.004957984 0.045355855 0.908467093 0.001893894 0.002354292 0.005000000 0.001065016 0.212991038 0.011135232 0.572500000 
3245.000176513 2.567357805 1032257.243661838 2145.681955035 0.785991322 -7586658.411988568 0.036970882 0.004957984 0.045355855 0.908467093 0.001893894 0.002354292 0.005000000 0.001103257 0.220639322 0.011368798 0.577500000 
3264.960976001 2.593989751 982224.499249971 2126.774886794 0.754543704 -7640057.877608153 0.036970882 0.004957984 0.045355855 0.908467093 0.001893894 0.002354292 0.005000000 0.001142430 0.228474150 0.011603187 0.582500000 
3284.348153797 2.620203792 935277.792103390 2108.259653802 0.724789153 -7692211.471551430 0.036970882 0.004957984 0.045355855 0.908467093 0.001893894 0.002354292 0.005000000 0.001182536 0.236495522 0.011838351 0.587500000 
3303.184651104 2.646011499 891194.548353736 2090.125867408 0.696618881 -7743155.251230711 0.036970882 0.004957984 0.045355855 0.908467093 0.001893894 0.002354292 0.005000000 0.001223575 0.244703437 0.012074243 0.592500000 
3321.492382934 2.671424150 849769.838696903 2072.363274830 0.669931788 -7792924.612799847 0.036970882 0.004957984 0.045355855 0.908467093 0.001893894 0.002354292 0.005000000 0.001265547 0.253097895 0.012310822 0.597500000 
3339.292275472 2.696452727 810814.934206674 2054.961786800 0.644633913 -7841554.217808243 0.036970882 0.004957984 0.045355855 0.908467093 0.001893894 0.002354292 0.005000000 0.001308451 0.261678897 0.012548050 0.602500000 
3356.604304429 2.721107908 774155.972453117 2037.911499772 0.620637923 -7889077.936444080 0.036970882 0.004957984 0.045355855 0.908467093 0.001893894 0.002354292 0.005000000 0.001352288 0.270446443 0.012785889 0.607500000 
3373.447533812 2.745400066 739632.728335994 2021.202713466 0.597862630 -7935528.804926773 0.036970882 0.004957984 0.045355855 0.908467093 0.001893894 0.002354292 0.005000000 0.001397058 0.279400532 0.013024307 0.612500000 
3389.840154662 2.769339270 707097.483562444 2004.825944421 0.576232539 -7980938.994919579 0.036970882 0.004957984 0.045355855 0.908467093 0.001893894 0.002354292 0.005000000 0.001442761 0.288541164 0.013263272 0.617500000 
3405.799523399 2.792935281 676413.988470741 1988.771936118 0.555677431 -8025339.793111136 0.036970882 0.004957984 0.045355855 0.908467093 0.001893894 0.002354292 0.005000000 0.001489396 0.297868341 0.013502756 0.622500000 
3421.342199502 2.816197564 647456.509863543 1973.031666207 0.536131972 -8068761.589359484 0.036970882 0.004957984 0.045355855 0.908467093 0.001893894 0.002354292 0.005000000 0.001536964 0.307382060 0.013742730 0.627500000 
3436.483982298 2.839135282 620108.958612658 1957.596351268 0.517535350 -8111233.872008315 0.036970882 0.004957984 0.045355855 0.908467093 0.001893894 0.002354292 0.005000000 0.001585465 0.317082323 0.013983171 0.632500000 
3451.239946713 2.861757310 594264.090993194 1942.457449492 0.499830939 -8152785.229175879 0.036970882 0.004957984 0.045355855 0.908467093 0.001893894 0.002354292 0.005000000 0.001634899 0.326969130 0.014224053 0.637500000 
3465.624477850 2.884072235 569822.777966990 1927.606661612 0.482965988 -8193443.354982611 0.036970882 0.004957984 0.045355855 0.908467093 0.001893894 0.002354292 0.005000000 0.001685265 0.337042480 0.014465356 0.642500000 
3479.651304330 2.906088367 546693.336939319 1913.035930381 0.466891335 -8233235.059829614 0.036970882 0.004957984 0.045355855 0.908467093 0.001893894 0.002354292 0.005000000 0.001736564 0.347302374 0.014707058 0.647500000 
3493.333530339 2.927813742 524790.920841223 1898.737438835 0.451561139 -8272186.283966450 0.036970882 0.004957984 0.045355855 0.908467093 0.001893894 0.002354292 0.005000000 0.001788796 0.357748811 0.014949140 0.652500000 
3506.683666346 2.949256133 504036.959728693 1884.703607565 0.436932633 -8310322.113697372 0.036970882 0.004957984 0.045355855 0.908467093 0.001893894 0.002354292 0.005000000 0.001841960 0.368381792 0.015191584 0.657500000 
3519.713658492 2.970423054 484358.650429582 1870.927091168 0.422965902 -8347666.799670348 0.036970882 0.004957984 0.045355855 0.908467093 0.001893894 0.002354292 0.005000000 0.001896058 0.379201316 0.015434373 0.662500000 
3532.434916656 2.991321771 465688.490102128 1857.400774050 0.409623668 -8384243.776776663 0.036970882 0.004957984 0.045355855 0.908467093 0.001893894 0.002354292 0.005000000 0.001951088 0.390207384 0.015677491 0.667500000 
3544.858341207 3.011959307 447963.849890618 1844.117765707 0.396871102 -8420075.685260173 0.036970882 0.004957984 0.045355855 0.908467093 0.001893894 0.002354292 0.005000000 0.002007050 0.401399995 0.015920923 0.672500000 
3556.994348479 3.032342452 431126.585170375 1831.071395596 0.384675641 -8455184.392697683 0.036970882 0.004957984 0.045355855 0.908467093 0.001893894 0.002354292 0.005000000 0.002063946 0.412779150 0.016164654 0.677500000 
