Sim: 2
ID: 76
Description: Test run of cold flow MSSE simulation with Ma 0.1 initialisation
Variables: 4
time A mass_flux Ma
0.000009900 0.060002032 1509.847164572 0.103409098 
0.000019900 0.060002032 1616.058524717 0.110416262 
0.000029900 0.060002032 1771.979395930 0.120643559 
0.000039900 0.060002032 1970.873495109 0.133592418 
0.000049900 0.060002032 2193.135352566 0.148027601 
0.000059900 0.060002032 2401.499847283 0.161790112 
0.000069900 0.060002032 2566.065178442 0.173259228 
0.000079900 0.060002032 2687.954102564 0.182572574 
0.000089900 0.060002032 2787.462954391 0.190885268 
0.000009900 0.060002032 1509.847164572 0.103409098 
0.000019900 0.060002032 1616.058524717 0.110416262 
0.000029900 0.060002032 1771.979395930 0.120643559 
0.000039900 0.060002032 1970.873495109 0.133592418 
0.000049900 0.060002032 2193.135352566 0.148027601 
0.000059900 0.060002032 2401.499847283 0.161790112 
0.000069900 0.060002032 2566.065178442 0.173259228 
0.000079900 0.060002032 2687.954102564 0.182572574 
0.000089900 0.060002032 2787.462954391 0.190885268 
0.000099900 0.060002032 2882.670433060 0.199197118 
0.000109900 0.060002032 2982.681261385 0.208003497 
0.000119900 0.060002032 3090.862342860 0.217493499 
0.000129900 0.060002032 3210.045453437 0.227871763 
0.000139900 0.060002032 3347.605101565 0.239694824 
0.000149900 0.060002032 3519.736973097 0.254160413 
0.000159900 0.060002032 3752.849198221 0.273178701 
0.000169900 0.060002032 4080.166038223 0.299061345 
0.000179900 0.060002032 4531.941523072 0.333731976 
0.000189900 0.060002032 5113.695572627 0.377298077 
0.000199900 0.060002032 5774.783654851 0.426505817 
0.000209900 0.060002032 6410.986302670 0.475539918 
0.000219900 0.060002032 6930.718349338 0.519758902 
0.000229900 0.060002032 7309.949214661 0.557983061 
0.000239900 0.060002032 7577.742043405 0.591397705 
0.000249900 0.060002032 7775.144016960 0.621623280 
0.000259900 0.060002032 7932.455086293 0.649765608 
0.000269900 0.060002032 8066.479956814 0.676336653 
0.000279900 0.060002032 8185.011585426 0.701471831 
0.000289900 0.060002032 8291.096114768 0.725129270 
0.000299900 0.060002032 8385.420280131 0.747201589 
0.000309900 0.060002032 8467.376781271 0.767565879 
0.000319900 0.060002032 8535.593940311 0.786107922 
0.000329900 0.060002032 8588.400819570 0.802742003 
0.000339900 0.060002032 8624.378600907 0.817432551 
0.000349900 0.060002032 8642.933561238 0.830213982 
0.000359900 0.060002032 8644.729805014 0.841201547 
0.000369900 0.060002032 8631.836836363 0.850587486 
0.000379900 0.060002032 8607.550960561 0.858622796 
0.000389900 0.060002032 8575.952812420 0.865588697 
0.000399900 0.060002032 8541.333143122 0.871762454 
0.000409900 0.060002032 8507.648132352 0.877388081 
0.000419900 0.060002032 8478.097668301 0.882658776 
0.000429900 0.060002032 8454.855174848 0.887706725 
0.000439900 0.060002032 8438.972312481 0.892602853 
0.000449900 0.060002032 8430.418326066 0.897357880 
0.000459900 0.060002032 8428.271923890 0.901933027 
0.000469900 0.060002032 8431.008501530 0.906257560 
0.000479900 0.060002032 8436.859555759 0.910254338 
0.000489900 0.060002032 8444.167029421 0.913869189 
0.000499900 0.060002032 8451.637627162 0.917076077 
0.000509900 0.060002032 8458.547209304 0.919880804 
0.000519900 0.060002032 8464.875443556 0.922339870 
0.000529900 0.060002032 8471.183126203 0.924539534 
0.000539900 0.060002032 8478.496801115 0.926567926 
0.000549900 0.060002032 8488.176817495 0.928514951 
0.000559900 0.060002032 8501.724461649 0.930464086 
0.000569900 0.060002032 8520.596746046 0.932484328 
0.000579900 0.060002032 8546.040367051 0.934623114 
0.000589900 0.060002032 8578.952775818 0.936900759 
0.000599900 0.060002032 8619.778210197 0.939306828 
0.000609900 0.060002032 8668.448401884 0.941798832 
0.000619900 0.060002032 8724.377351303 0.944303148 
0.000629900 0.060002032 8786.568853664 0.946726580 
0.000639900 0.060002032 8853.799690733 0.949008453 
0.000649900 0.060002032 8924.516981591 0.951085916 
0.000659900 0.060002032 8997.124887882 0.952898430 
0.000669900 0.060002032 9070.123635665 0.954397514 
0.000679900 0.060002032 9142.210525414 0.955552128 
0.000689900 0.060002032 9212.334669457 0.956350560 
0.000699900 0.060002032 9279.708632558 0.956799383 
0.000709900 0.060002032 9343.788163463 0.956920408 
0.000719900 0.060002032 9404.523550722 0.956810224 
0.000729900 0.060002032 9461.432707404 0.956525836 
0.000739900 0.060002032 9514.407470776 0.956071857 
0.000749900 0.060002032 9563.473495947 0.955466028 
0.000759900 0.060002032 9608.718519768 0.954728686 
0.000769900 0.060002032 9650.274386040 0.953881215 
0.000779900 0.060002032 9688.304425891 0.952945026 
0.000789900 0.060002032 9722.994648395 0.951940874 
0.000799900 0.060002032 9754.546911196 0.950888383 
0.000809900 0.060002032 9783.172715474 0.949805686 
0.000819900 0.060002032 9809.086811083 0.948709125 
0.000829900 0.060002032 9832.500293792 0.947613002 
0.000839900 0.060002032 9853.613270574 0.946529366 
0.000849900 0.060002032 9872.812830326 0.945514509 
0.000859900 0.060002032 9890.047340051 0.944575563 
0.000869900 0.060002032 9905.450122963 0.943708835 
0.000879900 0.060002032 9919.107649658 0.942909842 
0.000889900 0.060002032 9931.068531093 0.942172791 
0.000899900 0.060002032 9941.343066785 0.941490869 
0.000909900 0.060002032 9949.904970957 0.940856581 
0.000919900 0.060002032 9956.695327205 0.940262105 
0.000929900 0.060002032 9961.628577819 0.939699662 
0.000939900 0.060002032 9964.600212276 0.939161860 
0.000949900 0.060002032 9965.495707593 0.938642016 
0.000959900 0.060002032 9964.200196106 0.938134424 
0.000969900 0.060002032 9960.608296747 0.937634573 
0.000979900 0.060002032 9954.633544611 0.937139302 
0.000989900 0.060002032 9946.216888507 0.936646876 
0.000999900 0.060002032 9935.333793308 0.936157002 
0.001009900 0.060002032 9921.999577564 0.935670761 
0.001019900 0.060002032 9906.272729689 0.935190489 
0.001029900 0.060002032 9888.256070528 0.934719589 
0.001039900 0.060002032 9868.095758146 0.934262315 
0.001049900 0.060002032 9845.978254816 0.933823506 
0.001059900 0.060002032 9822.125488946 0.933408322 
0.001069900 0.060002032 9796.788539527 0.933021966 
0.001079900 0.060002032 9770.240241799 0.932669423 
0.001089900 0.060002032 9742.767156061 0.932355227 
0.001099900 0.060002032 9714.661354599 0.932083259 
0.001109900 0.060002032 9686.212464651 0.931856589 
0.001119900 0.060002032 9657.700360637 0.931677374 
0.001129900 0.060002032 9629.388831121 0.931546801 
0.001139900 0.060002032 9601.520461604 0.931465074 
0.001149900 0.060002032 9574.312880569 0.931431464 
0.001159900 0.060002032 9547.956420901 0.931444382 
0.001169900 0.060002032 9522.613159195 0.931501490 
0.001179900 0.060002032 9498.417217397 0.931599844 
0.001189900 0.060002032 9475.476149356 0.931736036 
0.001199900 0.060002032 9453.873191619 0.931906349 
0.001209900 0.060002032 9433.670133949 0.932106909 
0.001219900 0.060002032 9414.910559489 0.932333822 
0.001229900 0.060002032 9397.623215127 0.932583291 
0.001239900 0.060002032 9381.825296039 0.932851718 
0.001249900 0.060002032 9367.525461383 0.933135771 
0.001259900 0.060002032 9354.726437017 0.933432435 
0.001269900 0.060002032 9343.427102964 0.933739028 
0.001279900 0.060002032 9333.624005521 0.934053203 
0.001289900 0.060002032 9325.312274396 0.934372916 
0.001299900 0.060002032 9318.485962633 0.934696390 
0.001309900 0.060002032 9313.137860182 0.935022058 
0.001319900 0.060002032 9309.258859961 0.935348506 
0.001329900 0.060002032 9306.836977223 0.935674406 
0.001339900 0.060002032 9305.856138357 0.935998459 
0.001349900 0.060002032 9306.294863076 0.936319343 
0.001359900 0.060002032 9308.124963931 0.936635670 
0.001369900 0.060002032 9311.310379178 0.936945959 
0.001379900 0.060002032 9315.806239740 0.937248629 
0.001389900 0.060002032 9321.558249501 0.937542002 
0.001399900 0.060002032 9328.502432240 0.937824323 
0.001409900 0.060002032 9336.565270244 0.938093792 
0.001419900 0.060002032 9345.664231365 0.938348613 
0.001429900 0.060002032 9355.708655303 0.938587043 
0.001439900 0.060002032 9366.600948001 0.938807442 
0.001449900 0.060002032 9378.238016667 0.939008334 
0.001459900 0.060002032 9390.512867829 0.939188444 
0.001469900 0.060002032 9403.316287078 0.939346750 
0.001479900 0.060002032 9416.538521337 0.939482503 
0.001489900 0.060002032 9430.070891635 0.939595253 
0.001499900 0.060002032 9443.807275396 0.939684855 
0.001509900 0.060002032 9457.645410650 0.939751461 
0.001519900 0.060002032 9471.487989219 0.939795509 
0.001529900 0.060002032 9485.243520476 0.939817698 
0.001539900 0.060002032 9498.826960886 0.939818954 
0.001549900 0.060002032 9512.160116402 0.939800399 
0.001559900 0.060002032 9525.171834565 0.939763307 
0.001569900 0.060002032 9537.798010519 0.939709064 
0.001579900 0.060002032 9549.981436217 0.939639133 
0.001589900 0.060002032 9561.671524903 0.939555014 
0.001599900 0.060002032 9572.823943809 0.939458208 
0.001609900 0.060002032 9583.400187178 0.939350196 
0.001619900 0.060002032 9593.367119534 0.939232408 
0.001629900 0.060002032 9602.696515890 0.939106207 
0.001639900 0.060002032 9611.364621641 0.938972878 
0.001649900 0.060002032 9619.351750414 0.938833619 
0.001659900 0.060002032 9626.641933507 0.938689534 
0.001669900 0.060002032 9633.222629864 0.938541639 
0.001679900 0.060002032 9639.084500989 0.938390864 
0.001689900 0.060002032 9644.221251035 0.938238059 
0.001699900 0.060002032 9648.629528518 0.938084002 
0.001709900 0.060002032 9652.308882938 0.937929411 
0.001719900 0.060002032 9655.261766982 0.937774952 
0.001729900 0.060002032 9657.493573100 0.937621252 
0.001739900 0.060002032 9659.012692028 0.937468904 
0.001749900 0.060002032 9659.830580315 0.937318481 
0.001759900 0.060002032 9659.961824040 0.937170538 
0.001769900 0.060002032 9659.424186655 0.937025621 
0.001779900 0.060002032 9658.238630167 0.936884267 
0.001789900 0.060002032 9656.429300575 0.936747009 
0.001799900 0.060002032 9654.023470538 0.936614373 
0.001809900 0.060002032 9651.051434544 0.936486879 
0.001819900 0.060002032 9647.546354236 0.936365034 
0.001829900 0.060002032 9643.544053954 0.936249330 
0.001839900 0.060002032 9639.082768851 0.936140237 
0.001849900 0.060002032 9634.202850014 0.936038198 
0.001859900 0.060002032 9628.946432806 0.935943622 
0.001869900 0.060002032 9623.357076094 0.935856878 
0.001879900 0.060002032 9617.479380992 0.935778287 
0.001889900 0.060002032 9611.358598340 0.935708121 
0.001899900 0.060002032 9605.040234267 0.935646593 
0.001909900 0.060002032 9598.569662834 0.935593857 
0.001919900 0.060002032 9591.991754076 0.935550006 
0.001929900 0.060002032 9585.350524733 0.935515069 
0.001939900 0.060002032 9578.688817651 0.935489010 
0.001949900 0.060002032 9572.048014363 0.935471734 
0.001959900 0.060002032 9565.467783842 0.935463085 
0.001969900 0.060002032 9558.985868834 0.935462851 
0.001979900 0.060002032 9552.637909743 0.935470766 
0.001989900 0.060002032 9546.457304702 0.935486518 
0.001999900 0.060002032 9540.475103421 0.935509753 
0.002009900 0.060002032 9534.719931494 0.935540078 
0.002019900 0.060002032 9529.217941358 0.935577069 
0.002029900 0.060002032 9523.992785736 0.935620275 
0.002039900 0.060002032 9519.065609447 0.935669222 
0.002049900 0.060002032 9514.455055629 0.935723422 
0.002059900 0.060002032 9510.177282885 0.935782370 
0.002069900 0.060002032 9506.245990392 0.935845556 
0.002079900 0.060002032 9502.672448735 0.935912461 
0.002089900 0.060002032 9499.465534898 0.935982565 
0.002099900 0.060002032 9496.631770585 0.936055349 
0.002109900 0.060002032 9494.175363698 0.936130294 
0.002119900 0.060002032 9492.098253373 0.936206887 
0.002129900 0.060002032 9490.400159428 0.936284623 
0.002139900 0.060002032 9489.078637392 0.936363002 
0.002149900 0.060002032 9488.129140450 0.936441538 
0.002159900 0.060002032 9487.545089663 0.936519756 
0.002169900 0.060002032 9487.317953713 0.936597193 
0.002179900 0.060002032 9487.437339173 0.936673406 
0.002189900 0.060002032 9487.891091985 0.936747968 
0.002199900 0.060002032 9488.665410434 0.936820475 
0.002209900 0.060002032 9489.744969453 0.936890543 
0.002219900 0.060002032 9491.113055669 0.936957816 
0.002229900 0.060002032 9492.751712152 0.937021963 
0.002239900 0.060002032 9494.641891469 0.937082683 
0.002249900 0.060002032 9496.763615289 0.937139706 
0.002259900 0.060002032 9499.096138584 0.937192796 
0.002269900 0.060002032 9501.618116266 0.937241748 
0.002279900 0.060002032 9504.307770080 0.937286394 
0.002289900 0.060002032 9507.143053548 0.937326599 
0.002299900 0.060002032 9510.101812908 0.937362265 
0.002309900 0.060002032 9513.161942115 0.937393328 
0.002319900 0.060002032 9516.301530259 0.937419757 
0.002329900 0.060002032 9519.498999971 0.937441557 
0.002339900 0.060002032 9522.733235738 0.937458761 
0.002349900 0.060002032 9525.983701325 0.937471435 
0.002359900 0.060002032 9529.230545827 0.937479671 
0.002369900 0.060002032 9532.454698156 0.937483587 
0.002379900 0.060002032 9535.637950026 0.937483325 
0.002389900 0.060002032 9538.763027741 0.937479047 
0.002399900 0.060002032 9541.813653239 0.937470935 
0.002409900 0.060002032 9544.774595022 0.937459186 
0.002419900 0.060002032 9547.631709664 0.937444011 
0.002429900 0.060002032 9550.371974655 0.937425633 
0.002439900 0.060002032 9552.983513324 0.937404282 
0.002449900 0.060002032 9555.455612599 0.937380199 
0.002459900 0.060002032 9557.778734262 0.937353627 
0.002469900 0.060002032 9559.944520314 0.937324814 
0.002479900 0.060002032 9561.945792961 0.937294009 
0.002489900 0.060002032 9563.776549647 0.937261463 
0.002499900 0.060002032 9565.431953458 0.937227425 
0.002509900 0.060002032 9566.908319122 0.937192142 
0.002519900 0.060002032 9568.203094786 0.937155859 
0.002529900 0.060002032 9569.314839636 0.937118816 
0.002539900 0.060002032 9570.243197421 0.937081247 
0.002549900 0.060002032 9570.988865889 0.937043383 
0.002559900 0.060002032 9571.553562150 0.937005446 
0.002569900 0.060002032 9571.939983958 0.936967652 
0.002579900 0.060002032 9572.151766976 0.936930209 
0.002589900 0.060002032 9572.193438067 0.936893315 
0.002599900 0.060002032 9572.070364768 0.936857160 
0.002609900 0.060002032 9571.788701095 0.936821924 
0.002619900 0.060002032 9571.355329944 0.936787776 
0.002629900 0.060002032 9570.777802384 0.936754875 
0.002639900 0.060002032 9570.064274210 0.936723367 
0.002649900 0.060002032 9569.223440167 0.936693387 
0.002659900 0.060002032 9568.264466323 0.936665057 
0.002669900 0.060002032 9567.196921097 0.936638487 
0.002679900 0.060002032 9566.030705458 0.936613771 
0.002689900 0.060002032 9564.775982855 0.936590995 
0.002699900 0.060002032 9563.443109422 0.936570226 
0.002709900 0.060002032 9562.042564988 0.936551520 
0.002719900 0.060002032 9560.584885415 0.936534920 
0.002729900 0.060002032 9559.080596754 0.936520455 
0.002739900 0.060002032 9557.540151645 0.936508139 
0.002749900 0.060002032 9555.973868392 0.936497975 
0.002759900 0.060002032 9554.391873041 0.936489952 
0.002769900 0.060002032 9552.804044768 0.936484049 
0.002779900 0.060002032 9551.219964827 0.936480230 
0.002789900 0.060002032 9549.648869253 0.936478450 
0.002799900 0.060002032 9548.099605462 0.936478654 
0.002809900 0.060002032 9546.580592852 0.936480774 
0.002819900 0.060002032 9545.099787474 0.936484736 
0.002829900 0.060002032 9543.664650780 0.936490456 
0.002839900 0.060002032 9542.282122466 0.936497842 
0.002849900 0.060002032 9540.958597361 0.936506797 
0.002859900 0.060002032 9539.699906322 0.936517215 
0.002869900 0.060002032 9538.511301069 0.936528987 
0.002879900 0.060002032 9537.397442871 0.936541999 
0.002889900 0.060002032 9536.362395010 0.936556133 
0.002899900 0.060002032 9535.409618909 0.936571269 
0.002909900 0.060002032 9534.541973826 0.936587283 
0.002919900 0.060002032 9533.761720008 0.936604051 
0.002929900 0.060002032 9533.070525173 0.936621449 
0.002939900 0.060002032 9532.469474201 0.936639353 
0.002949900 0.060002032 9531.959081904 0.936657640 
0.002959900 0.060002032 9531.539308707 0.936676187 
0.002969900 0.060002032 9531.209579106 0.936694876 
0.002979900 0.060002032 9530.968802721 0.936713591 
0.002989900 0.060002032 9530.815397760 0.936732219 
0.002999900 0.060002032 9530.747316703 0.936750651 
0.003009900 0.060002032 9530.762073993 0.936768784 
0.003019900 0.060002032 9530.856775520 0.936786520 
0.003029900 0.060002032 9531.028149656 0.936803765 
0.003039900 0.060002032 9531.272579613 0.936820433 
0.003049900 0.060002032 9531.586136869 0.936836443 
0.003059900 0.060002032 9531.964615415 0.936851721 
0.003069900 0.060002032 9532.403566570 0.936866202 
0.003079900 0.060002032 9532.898334110 0.936879825 
0.003089900 0.060002032 9533.444089475 0.936892537 
0.003099900 0.060002032 9534.035866797 0.936904294 
0.003109900 0.060002032 9534.668597538 0.936915058 
0.003119900 0.060002032 9535.337144514 0.936924799 
0.003129900 0.060002032 9536.036335091 0.936933494 
0.003139900 0.060002032 9536.760993382 0.936941126 
0.003149900 0.060002032 9537.505971272 0.936947687 
0.003159900 0.060002032 9538.266178098 0.936953174 
0.003169900 0.060002032 9539.036608884 0.936957593 
0.003179900 0.060002032 9539.812370984 0.936960954 
0.003189900 0.060002032 9540.588709052 0.936963273 
0.003199900 0.060002032 9541.361028253 0.936964574 
0.003209900 0.060002032 9542.124915650 0.936964883 
0.003219900 0.060002032 9542.876159725 0.936964233 
0.003229900 0.060002032 9543.610767989 0.936962662 
0.003239900 0.060002032 9544.324982668 0.936960211 
0.003249900 0.060002032 9545.015294461 0.936956925 
0.003259900 0.060002032 9545.678454357 0.936952851 
0.003269900 0.060002032 9546.311483536 0.936948043 
0.003279900 0.060002032 9546.911681378 0.936942552 
0.003289900 0.060002032 9547.476631594 0.936936435 
0.003299900 0.060002032 9548.004206525 0.936929749 
0.003309900 0.060002032 9548.492569664 0.936922554 
0.003319900 0.060002032 9548.940176420 0.936914909 
0.003329900 0.060002032 9549.345773216 0.936906874 
0.003339900 0.060002032 9549.708394948 0.936898510 
0.003349900 0.060002032 9550.027360902 0.936889877 
0.003359900 0.060002032 9550.302269174 0.936881034 
0.003369900 0.060002032 9550.532989687 0.936872040 
0.003379900 0.060002032 9550.719655878 0.936862954 
0.003389900 0.060002032 9550.862655145 0.936853831 
0.003399900 0.060002032 9550.962618142 0.936844726 
0.003409900 0.060002032 9551.020407011 0.936835692 
0.003419900 0.060002032 9551.037102660 0.936826778 
0.003429900 0.060002032 9551.013991176 0.936818034 
0.003439900 0.060002032 9550.952549485 0.936809504 
0.003449900 0.060002032 9550.854430361 0.936801231 
0.003459900 0.060002032 9550.721446883 0.936793255 
0.003469900 0.060002032 9550.555556466 0.936785612 
0.003479900 0.060002032 9550.358844553 0.936778336 
0.003489900 0.060002032 9550.133508092 0.936771458 
0.003499900 0.060002032 9549.881838885 0.936765003 
0.003509900 0.060002032 9549.606206934 0.936758997 
0.003519900 0.060002032 9549.309043860 0.936753459 
0.003529900 0.060002032 9548.992826517 0.936748405 
0.003539900 0.060002032 9548.660060869 0.936743849 
0.003549900 0.060002032 9548.313266233 0.936739802 
0.003559900 0.060002032 9547.954959969 0.936736270 
0.003569900 0.060002032 9547.587642689 0.936733256 
0.003579900 0.060002032 9547.213784059 0.936730761 
0.003589900 0.060002032 9546.835809258 0.936728782 
0.003599900 0.060002032 9546.456086157 0.936727313 
0.003609900 0.060002032 9546.076913260 0.936726347 
0.003619900 0.060002032 9545.700508467 0.936725871 
0.003629900 0.060002032 9545.328998682 0.936725873 
0.003639900 0.060002032 9544.964410317 0.936726336 
0.003649900 0.060002032 9544.608660696 0.936727242 
0.003659900 0.060002032 9544.263550405 0.936728571 
0.003669900 0.060002032 9543.930756575 0.936730301 
0.003679900 0.060002032 9543.611827128 0.936732409 
0.003689900 0.060002032 9543.308175972 0.936734868 
0.003699900 0.060002032 9543.021079158 0.936737654 
0.003709900 0.060002032 9542.751671967 0.936740738 
0.003719900 0.060002032 9542.500946941 0.936744093 
0.003729900 0.060002032 9542.269752807 0.936747689 
0.003739900 0.060002032 9542.058794307 0.936751497 
0.003749900 0.060002032 9541.868632869 0.936755488 
0.003759900 0.060002032 9541.699688114 0.936759631 
0.003769900 0.060002032 9541.552240152 0.936763898 
0.003779900 0.060002032 9541.426432625 0.936768258 
0.003789900 0.060002032 9541.322276460 0.936772684 
0.003799900 0.060002032 9541.239654286 0.936777145 
0.003809900 0.060002032 9541.178325460 0.936781616 
0.003819900 0.060002032 9541.137931659 0.936786069 
0.003829900 0.060002032 9541.118002986 0.936790478 
0.003839900 0.060002032 9541.117964527 0.936794818 
0.003849900 0.060002032 9541.137143317 0.936799067 
0.003859900 0.060002032 9541.174775649 0.936803203 
0.003869900 0.060002032 9541.230014676 0.936807204 
0.003879900 0.060002032 9541.301938251 0.936811051 
0.003889900 0.060002032 9541.389556943 0.936814728 
0.003899900 0.060002032 9541.491822182 0.936818217 
0.003909900 0.060002032 9541.607634480 0.936821505 
0.003919900 0.060002032 9541.735851666 0.936824579 
0.003929900 0.060002032 9541.875297094 0.936827428 
0.003939900 0.060002032 9542.024767782 0.936830043 
0.003949900 0.060002032 9542.183042411 0.936832416 
0.003959900 0.060002032 9542.348889172 0.936834541 
0.003969900 0.060002032 9542.521073398 0.936836415 
0.003979900 0.060002032 9542.698364950 0.936838035 
0.003989900 0.060002032 9542.879545326 0.936839400 
0.003999900 0.060002032 9543.063414449 0.936840510 
0.004009900 0.060002032 9543.248797118 0.936841368 
0.004019900 0.060002032 9543.434549090 0.936841977 
0.004029900 0.060002032 9543.619562768 0.936842341 
0.004039900 0.060002032 9543.802772478 0.936842468 
0.004049900 0.060002032 9543.983159320 0.936842364 
0.004059900 0.060002032 9544.159755575 0.936842039 
0.004069900 0.060002032 9544.331648663 0.936841500 
0.004079900 0.060002032 9544.497984636 0.936840760 
0.004089900 0.060002032 9544.657971219 0.936839828 
0.004099900 0.060002032 9544.810880370 0.936838717 
0.004109900 0.060002032 9544.956050387 0.936837440 
0.004119900 0.060002032 9545.092887554 0.936836010 
0.004129900 0.060002032 9545.220867321 0.936834441 
0.004139900 0.060002032 9545.339535055 0.936832745 
0.004149900 0.060002032 9545.448506344 0.936830939 
0.004159900 0.060002032 9545.547466879 0.936829035 
0.004169900 0.060002032 9545.636171937 0.936827049 
0.004179900 0.060002032 9545.714445467 0.936824995 
0.004189900 0.060002032 9545.782178802 0.936822888 
0.004199900 0.060002032 9545.839329028 0.936820741 
0.004209900 0.060002032 9545.885917012 0.936818569 
0.004219900 0.060002032 9545.922025132 0.936816385 
0.004229900 0.060002032 9545.947794710 0.936814202 
0.004239900 0.060002032 9545.963423199 0.936812034 
0.004249900 0.060002032 9545.969161123 0.936809893 
0.004259900 0.060002032 9545.965308816 0.936807790 
0.004269900 0.060002032 9545.952212974 0.936805736 
0.004279900 0.060002032 9545.930263052 0.936803742 
0.004289900 0.060002032 9545.899887527 0.936801818 
0.004299900 0.060002032 9545.861550062 0.936799972 
0.004309900 0.060002032 9545.815745590 0.936798213 
0.004319900 0.060002032 9545.762996341 0.936796548 
0.004329900 0.060002032 9545.703847852 0.936794983 
0.004339900 0.060002032 9545.638864963 0.936793526 
0.004349900 0.060002032 9545.568627838 0.936792179 
0.004359900 0.060002032 9545.493728033 0.936790949 
0.004369900 0.060002032 9545.414764625 0.936789838 
0.004379900 0.060002032 9545.332340424 0.936788848 
0.004389900 0.060002032 9545.247058300 0.936787981 
0.004399900 0.060002032 9545.159517623 0.936787239 
0.004409900 0.060002032 9545.070310846 0.936786621 
0.004419900 0.060002032 9544.980020250 0.936786127 
0.004429900 0.060002032 9544.889214851 0.936785756 
0.004439900 0.060002032 9544.798447489 0.936785505 
0.004449900 0.060002032 9544.708252117 0.936785372 
0.004459900 0.060002032 9544.619141288 0.936785355 
0.004469900 0.060002032 9544.531603852 0.936785448 
0.004479900 0.060002032 9544.446102872 0.936785648 
0.004489900 0.060002032 9544.363073764 0.936785950 
0.004499900 0.060002032 9544.282922658 0.936786349 
0.004509900 0.060002032 9544.206024991 0.936786840 
0.004519900 0.060002032 9544.132724331 0.936787415 
0.004529900 0.060002032 9544.063331418 0.936788069 
0.004539900 0.060002032 9543.998123446 0.936788796 
0.004549900 0.060002032 9543.937343554 0.936789589 
0.004559900 0.060002032 9543.881200546 0.936790440 
0.004569900 0.060002032 9543.829868811 0.936791343 
0.004579900 0.060002032 9543.783488466 0.936792291 
0.004589900 0.060002032 9543.742165677 0.936793277 
0.004599900 0.060002032 9543.705973187 0.936794293 
0.004609900 0.060002032 9543.674951013 0.936795332 
0.004619900 0.060002032 9543.649107315 0.936796388 
0.004629900 0.060002032 9543.628419429 0.936797454 
0.004639900 0.060002032 9543.612835038 0.936798523 
0.004649900 0.060002032 9543.602273489 0.936799589 
0.004659900 0.060002032 9543.596627221 0.936800645 
0.004669900 0.060002032 9543.595763319 0.936801686 
0.004679900 0.060002032 9543.599525150 0.936802706 
0.004689900 0.060002032 9543.607734090 0.936803700 
0.004699900 0.060002032 9543.620191327 0.936804663 
0.004709900 0.060002032 9543.636679715 0.936805589 
0.004719900 0.060002032 9543.656965675 0.936806476 
0.004729900 0.060002032 9543.680801134 0.936807318 
0.004739900 0.060002032 9543.707925475 0.936808114 
0.004749900 0.060002032 9543.738067502 0.936808858 
0.004759900 0.060002032 9543.770947396 0.936809549 
0.004769900 0.060002032 9543.806278662 0.936810185 
0.004779900 0.060002032 9543.843770042 0.936810763 
0.004789900 0.060002032 9543.883127394 0.936811282 
0.004799900 0.060002032 9543.924055526 0.936811742 
0.004809900 0.060002032 9543.966259973 0.936812140 
0.004819900 0.060002032 9544.009448706 0.936812478 
0.004829900 0.060002032 9544.053333776 0.936812755 
0.004839900 0.060002032 9544.097632869 0.936812972 
0.004849900 0.060002032 9544.142070783 0.936813129 
0.004859900 0.060002032 9544.186380808 0.936813227 
0.004869900 0.060002032 9544.230306013 0.936813268 
0.004879900 0.060002032 9544.273600426 0.936813254 
0.004889900 0.060002032 9544.316030115 0.936813186 
0.004899900 0.060002032 9544.357374162 0.936813067 
0.004909900 0.060002032 9544.397425520 0.936812899 
0.004919900 0.060002032 9544.435991764 0.936812684 
0.004929900 0.060002032 9544.472895737 0.936812427 
0.004939900 0.060002032 9544.507976068 0.936812129 
0.004949900 0.060002032 9544.541087597 0.936811793 
0.004959900 0.060002032 9544.572101677 0.936811424 
0.004969900 0.060002032 9544.600906377 0.936811024 
0.004979900 0.060002032 9544.627406573 0.936810597 
0.004989900 0.060002032 9544.651523943 0.936810145 
0.004999900 0.060002032 9544.673196860 0.936809674 
0.005009900 0.060002032 9544.692380190 0.936809185 
0.005019900 0.060002032 9544.709044999 0.936808683 
0.005029900 0.060002032 9544.723178178 0.936808171 
0.005039900 0.060002032 9544.734781987 0.936807652 
0.005049900 0.060002032 9544.743873518 0.936807130 
0.005059900 0.060002032 9544.750484094 0.936806607 
0.005069900 0.060002032 9544.754658607 0.936806088 
0.005079900 0.060002032 9544.756454791 0.936805574 
0.005089900 0.060002032 9544.755942450 0.936805069 
0.005099900 0.060002032 9544.753202636 0.936804575 
0.005109900 0.060002032 9544.748326796 0.936804095 
0.005119900 0.060002032 9544.741415877 0.936803631 
0.005129900 0.060002032 9544.732579413 0.936803186 
0.005139900 0.060002032 9544.721934588 0.936802761 
0.005149900 0.060002032 9544.709605287 0.936802359 
0.005159900 0.060002032 9544.695721139 0.936801980 
0.005169900 0.060002032 9544.680416561 0.936801626 
0.005179900 0.060002032 9544.663829800 0.936801299 
0.005189900 0.060002032 9544.646101992 0.936801000 
0.005199900 0.060002032 9544.627376231 0.936800729 
0.005209900 0.060002032 9544.607796660 0.936800487 
0.005219900 0.060002032 9544.587507583 0.936800274 
0.005229900 0.060002032 9544.566652613 0.936800091 
0.005239900 0.060002032 9544.545373846 0.936799938 
0.005249900 0.060002032 9544.523811074 0.936799815 
0.005259900 0.060002032 9544.502101040 0.936799721 
0.005269900 0.060002032 9544.480376735 0.936799656 
0.005279900 0.060002032 9544.458766738 0.936799619 
0.005289900 0.060002032 9544.437394609 0.936799610 
0.005299900 0.060002032 9544.416378330 0.936799628 
0.005309900 0.060002032 9544.395829797 0.936799671 
0.005319900 0.060002032 9544.375854367 0.936799739 
0.005329900 0.060002032 9544.356550454 0.936799831 
0.005339900 0.060002032 9544.338009187 0.936799944 
0.005349900 0.060002032 9544.320314119 0.936800078 
0.005359900 0.060002032 9544.303540988 0.936800232 
0.005369900 0.060002032 9544.287757533 0.936800403 
0.005379900 0.060002032 9544.273023370 0.936800590 
0.005389900 0.060002032 9544.259389911 0.936800791 
0.005399900 0.060002032 9544.246900339 0.936801005 
0.005409900 0.060002032 9544.235589631 0.936801230 
0.005419900 0.060002032 9544.225484629 0.936801464 
0.005429900 0.060002032 9544.216604161 0.936801706 
0.005439900 0.060002032 9544.208959192 0.936801954 
0.005449900 0.060002032 9544.202553035 0.936802206 
0.005459900 0.060002032 9544.197381582 0.936802460 
0.005469900 0.060002032 9544.193433584 0.936802716 
0.005479900 0.060002032 9544.190690959 0.936802971 
0.005489900 0.060002032 9544.189129126 0.936803224 
0.005499900 0.060002032 9544.188717372 0.936803474 
0.005509900 0.060002032 9544.189419242 0.936803719 
0.005519900 0.060002032 9544.191192944 0.936803958 
0.005529900 0.060002032 9544.193991782 0.936804190 
0.005539900 0.060002032 9544.197764591 0.936804413 
0.005549900 0.060002032 9544.202456194 0.936804627 
0.005559900 0.060002032 9544.208007860 0.936804830 
0.005569900 0.060002032 9544.214357774 0.936805023 
0.005579900 0.060002032 9544.221441504 0.936805203 
0.005589900 0.060002032 9544.229192469 0.936805371 
0.005599900 0.060002032 9544.237542406 0.936805525 
0.005609900 0.060002032 9544.246421826 0.936805666 
0.005619900 0.060002032 9544.255760470 0.936805793 
0.005629900 0.060002032 9544.265487746 0.936805905 
0.005639900 0.060002032 9544.275533158 0.936806003 
0.005649900 0.060002032 9544.285826716 0.936806087 
0.005659900 0.060002032 9544.296299336 0.936806156 
0.005669900 0.060002032 9544.306883213 0.936806210 
0.005679900 0.060002032 9544.317512179 0.936806250 
0.005689900 0.060002032 9544.328122036 0.936806276 
0.005699900 0.060002032 9544.338650872 0.936806289 
0.005709900 0.060002032 9544.349039345 0.936806288 
0.005719900 0.060002032 9544.359230946 0.936806274 
0.005729900 0.060002032 9544.369172239 0.936806247 
0.005739900 0.060002032 9544.378813071 0.936806209 
0.005749900 0.060002032 9544.388106754 0.936806160 
0.005759900 0.060002032 9544.397010227 0.936806100 
0.005769900 0.060002032 9544.405484187 0.936806031 
0.005779900 0.060002032 9544.413493189 0.936805952 
0.005789900 0.060002032 9544.421005730 0.936805865 
0.005799900 0.060002032 9544.427994299 0.936805771 
0.005809900 0.060002032 9544.434435405 0.936805670 
0.005819900 0.060002032 9544.440309578 0.936805563 
0.005829900 0.060002032 9544.445601348 0.936805451 
0.005839900 0.060002032 9544.450299205 0.936805334 
0.005849900 0.060002032 9544.454395527 0.936805215 
0.005859900 0.060002032 9544.457886498 0.936805093 
0.005869900 0.060002032 9544.460771998 0.936804969 
0.005879900 0.060002032 9544.463055485 0.936804844 
0.005889900 0.060002032 9544.464743845 0.936804719 
0.005899900 0.060002032 9544.465847242 0.936804594 
0.005909900 0.060002032 9544.466378947 0.936804471 
0.005919900 0.060002032 9544.466355152 0.936804350 
0.005929900 0.060002032 9544.465794775 0.936804231 
0.005939900 0.060002032 9544.464719260 0.936804116 
0.005949900 0.060002032 9544.463152364 0.936804004 
0.005959900 0.060002032 9544.461119938 0.936803897 
0.005969900 0.060002032 9544.458649702 0.936803794 
0.005979900 0.060002032 9544.455771022 0.936803697 
0.005989900 0.060002032 9544.452514680 0.936803605 
0.005999900 0.060002032 9544.448912643 0.936803520 
0.006009900 0.060002032 9544.444997836 0.936803440 
0.006019900 0.060002032 9544.440803916 0.936803367 
0.006029900 0.060002032 9544.436365047 0.936803301 
0.006039900 0.060002032 9544.431715682 0.936803242 
0.006049900 0.060002032 9544.426890354 0.936803190 
0.006059900 0.060002032 9544.421923460 0.936803145 
0.006069900 0.060002032 9544.416849076 0.936803107 
0.006079900 0.060002032 9544.411700753 0.936803076 
0.006089900 0.060002032 9544.406511350 0.936803052 
0.006099900 0.060002032 9544.401312853 0.936803036 
0.006109900 0.060002032 9544.396136222 0.936803026 
0.006119900 0.060002032 9544.391011242 0.936803022 
0.006129900 0.060002032 9544.385966386 0.936803025 
0.006139900 0.060002032 9544.381028692 0.936803035 
0.006149900 0.060002032 9544.376223652 0.936803050 
0.006159900 0.060002032 9544.371575114 0.936803071 
0.006169900 0.060002032 9544.367105198 0.936803097 
0.006179900 0.060002032 9544.362834221 0.936803128 
0.006189900 0.060002032 9544.358780642 0.936803164 
0.006199900 0.060002032 9544.354961014 0.936803204 
0.006209900 0.060002032 9544.351389949 0.936803248 
0.006219900 0.060002032 9544.348080100 0.936803296 
0.006229900 0.060002032 9544.345042155 0.936803347 
0.006239900 0.060002032 9544.342284833 0.936803400 
0.006249900 0.060002032 9544.339814906 0.936803456 
0.006259900 0.060002032 9544.337637221 0.936803513 
0.006269900 0.060002032 9544.335754741 0.936803572 
0.006279900 0.060002032 9544.334168583 0.936803632 
0.006289900 0.060002032 9544.332878084 0.936803693 
0.006299900 0.060002032 9544.331880857 0.936803754 
0.006309900 0.060002032 9544.331172868 0.936803815 
0.006319900 0.060002032 9544.330748512 0.936803876 
0.006329900 0.060002032 9544.330600702 0.936803936 
0.006339900 0.060002032 9544.330720962 0.936803995 
0.006349900 0.060002032 9544.331099518 0.936804052 
0.006359900 0.060002032 9544.331725407 0.936804108 
0.006369900 0.060002032 9544.332586575 0.936804162 
0.006379900 0.060002032 9544.333669991 0.936804213 
0.006389900 0.060002032 9544.334961752 0.936804263 
0.006399900 0.060002032 9544.336447198 0.936804309 
0.006409900 0.060002032 9544.338111022 0.936804353 
0.006419900 0.060002032 9544.339937382 0.936804393 
0.006429900 0.060002032 9544.341910016 0.936804431 
0.006439900 0.060002032 9544.344012344 0.936804465 
0.006449900 0.060002032 9544.346227588 0.936804496 
0.006459900 0.060002032 9544.348538867 0.936804524 
0.006469900 0.060002032 9544.350929306 0.936804548 
0.006479900 0.060002032 9544.353382134 0.936804568 
0.006489900 0.060002032 9544.355880779 0.936804586 
0.006499900 0.060002032 9544.358408959 0.936804599 
0.006509900 0.060002032 9544.360950768 0.936804609 
0.006519900 0.060002032 9544.363490758 0.936804616 
0.006529900 0.060002032 9544.366014013 0.936804620 
0.006539900 0.060002032 9544.368506222 0.936804620 
0.006549900 0.060002032 9544.370953739 0.936804617 
0.006559900 0.060002032 9544.373343643 0.936804612 
0.006569900 0.060002032 9544.375663791 0.936804603 
0.006579900 0.060002032 9544.377902859 0.936804592 
0.006589900 0.060002032 9544.380050388 0.936804578 
0.006599900 0.060002032 9544.382096809 0.936804562 
0.006609900 0.060002032 9544.384033473 0.936804543 
0.006619900 0.060002032 9544.385852673 0.936804523 
0.006629900 0.060002032 9544.387547652 0.936804500 
0.006639900 0.060002032 9544.389112617 0.936804476 
0.006649900 0.060002032 9544.390542735 0.936804451 
0.006659900 0.060002032 9544.391834132 0.936804425 
0.006669900 0.060002032 9544.392983883 0.936804397 
0.006679900 0.060002032 9544.393989999 0.936804368 
0.006689900 0.060002032 9544.394851402 0.936804339 
0.006699900 0.060002032 9544.395567905 0.936804310 
0.006709900 0.060002032 9544.396140183 0.936804280 
0.006719900 0.060002032 9544.396569737 0.936804250 
0.006729900 0.060002032 9544.396858860 0.936804220 
0.006739900 0.060002032 9544.397010593 0.936804191 
0.006749900 0.060002032 9544.397028688 0.936804162 
0.006759900 0.060002032 9544.396917555 0.936804133 
0.006769900 0.060002032 9544.396682219 0.936804105 
0.006779900 0.060002032 9544.396328266 0.936804078 
0.006789900 0.060002032 9544.395861792 0.936804052 
0.006799900 0.060002032 9544.395289354 0.936804028 
0.006809900 0.060002032 9544.394617908 0.936804004 
0.006819900 0.060002032 9544.393854760 0.936803982 
0.006829900 0.060002032 9544.393007512 0.936803961 
0.006839900 0.060002032 9544.392084000 0.936803942 
0.006849900 0.060002032 9544.391092250 0.936803924 
0.006859900 0.060002032 9544.390040415 0.936803908 
0.006869900 0.060002032 9544.388936729 0.936803894 
0.006879900 0.060002032 9544.387789453 0.936803881 
0.006889900 0.060002032 9544.386606826 0.936803870 
0.006899900 0.060002032 9544.385397014 0.936803860 
0.006909900 0.060002032 9544.384168072 0.936803853 
0.006919900 0.060002032 9544.382927892 0.936803847 
0.006929900 0.060002032 9544.381684167 0.936803843 
0.006939900 0.060002032 9544.380444350 0.936803840 
0.006949900 0.060002032 9544.379215619 0.936803839 
0.006959900 0.060002032 9544.378004845 0.936803839 
0.006969900 0.060002032 9544.376818560 0.936803841 
0.006979900 0.060002032 9544.375662931 0.936803845 
0.006989900 0.060002032 9544.374543735 0.936803849 
0.006999900 0.060002032 9544.373466340 0.936803855 
0.007009900 0.060002032 9544.372435686 0.936803863 
0.007019900 0.060002032 9544.371456270 0.936803871 
0.007029900 0.060002032 9544.370532134 0.936803880 
0.007039900 0.060002032 9544.369666858 0.936803891 
0.007049900 0.060002032 9544.368863556 0.936803902 
0.007059900 0.060002032 9544.368124868 0.936803914 
0.007069900 0.060002032 9544.367452965 0.936803927 
0.007079900 0.060002032 9544.366849551 0.936803940 
0.007089900 0.060002032 9544.366315870 0.936803954 
0.007099900 0.060002032 9544.365852710 0.936803968 
0.007109900 0.060002032 9544.365460418 0.936803982 
0.007119900 0.060002032 9544.365138912 0.936803997 
0.007129900 0.060002032 9544.364887694 0.936804011 
0.007139900 0.060002032 9544.364705869 0.936804026 
0.007149900 0.060002032 9544.364592163 0.936804040 
0.007159900 0.060002032 9544.364544944 0.936804055 
0.007169900 0.060002032 9544.364562242 0.936804069 
0.007179900 0.060002032 9544.364641775 0.936804083 
0.007189900 0.060002032 9544.364780969 0.936804096 
0.007199900 0.060002032 9544.364976986 0.936804109 
0.007209900 0.060002032 9544.365226750 0.936804121 
0.007219900 0.060002032 9544.365526971 0.936804133 
0.007229900 0.060002032 9544.365874173 0.936804145 
0.007239900 0.060002032 9544.366264720 0.936804155 
0.007249900 0.060002032 9544.366694845 0.936804165 
0.007259900 0.060002032 9544.367160672 0.936804174 
0.007269900 0.060002032 9544.367658249 0.936804182 
0.007279900 0.060002032 9544.368183567 0.936804190 
0.007289900 0.060002032 9544.368732592 0.936804197 
0.007299900 0.060002032 9544.369301285 0.936804203 
0.007309900 0.060002032 9544.369885627 0.936804208 
0.007319900 0.060002032 9544.370481644 0.936804212 
0.007329900 0.060002032 9544.371085427 0.936804215 
0.007339900 0.060002032 9544.371693154 0.936804218 
0.007349900 0.060002032 9544.372301107 0.936804220 
0.007359900 0.060002032 9544.372905694 0.936804221 
0.007369900 0.060002032 9544.373503464 0.936804221 
0.007379900 0.060002032 9544.374091124 0.936804220 
0.007389900 0.060002032 9544.374665548 0.936804219 
0.007399900 0.060002032 9544.375223799 0.936804217 
0.007409900 0.060002032 9544.375763131 0.936804215 
0.007419900 0.060002032 9544.376281003 0.936804211 
0.007429900 0.060002032 9544.376775088 0.936804208 
0.007439900 0.060002032 9544.377243277 0.936804203 
0.007449900 0.060002032 9544.377683683 0.936804199 
0.007459900 0.060002032 9544.378094650 0.936804193 
0.007469900 0.060002032 9544.378474750 0.936804188 
0.007479900 0.060002032 9544.378822785 0.936804182 
0.007489900 0.060002032 9544.379137787 0.936804175 
0.007499900 0.060002032 9544.379419016 0.936804169 
0.007509900 0.060002032 9544.379665954 0.936804162 
0.007519900 0.060002032 9544.379878305 0.936804155 
0.007529900 0.060002032 9544.380055987 0.936804148 
0.007539900 0.060002032 9544.380199123 0.936804141 
0.007549900 0.060002032 9544.380308038 0.936804134 
0.007559900 0.060002032 9544.380383246 0.936804127 
0.007569900 0.060002032 9544.380425444 0.936804119 
0.007579900 0.060002032 9544.380435498 0.936804113 
0.007589900 0.060002032 9544.380414436 0.936804106 
0.007599900 0.060002032 9544.380363434 0.936804099 
0.007609900 0.060002032 9544.380283805 0.936804093 
0.007619900 0.060002032 9544.380176987 0.936804086 
0.007629900 0.060002032 9544.380044528 0.936804080 
0.007639900 0.060002032 9544.379888076 0.936804075 
0.007649900 0.060002032 9544.379709366 0.936804069 
0.007659900 0.060002032 9544.379510202 0.936804064 
0.007669900 0.060002032 9544.379292451 0.936804060 
0.007679900 0.060002032 9544.379058026 0.936804055 
0.007689900 0.060002032 9544.378808872 0.936804051 
0.007699900 0.060002032 9544.378546956 0.936804048 
0.007709900 0.060002032 9544.378274255 0.936804045 
0.007719900 0.060002032 9544.377992740 0.936804042 
0.007729900 0.060002032 9544.377704370 0.936804040 
0.007739900 0.060002032 9544.377411076 0.936804038 
0.007749900 0.060002032 9544.377114755 0.936804036 
0.007759900 0.060002032 9544.376817256 0.936804035 
0.007769900 0.060002032 9544.376520373 0.936804034 
0.007779900 0.060002032 9544.376225837 0.936804034 
0.007789900 0.060002032 9544.375935303 0.936804034 
0.007799900 0.060002032 9544.375650350 0.936804034 
0.007809900 0.060002032 9544.375372470 0.936804035 
0.007819900 0.060002032 9544.375103062 0.936804036 
0.007829900 0.060002032 9544.374843427 0.936804038 
0.007839900 0.060002032 9544.374594768 0.936804039 
0.007849900 0.060002032 9544.374358178 0.936804041 
0.007859900 0.060002032 9544.374134644 0.936804044 
0.007869900 0.060002032 9544.373925044 0.936804046 
0.007879900 0.060002032 9544.373730142 0.936804049 
0.007889900 0.060002032 9544.373550591 0.936804052 
0.007899900 0.060002032 9544.373386929 0.936804055 
0.007909900 0.060002032 9544.373239586 0.936804058 
0.007919900 0.060002032 9544.373108878 0.936804061 
0.007929900 0.060002032 9544.372995013 0.936804064 
0.007939900 0.060002032 9544.372898094 0.936804068 
0.007949900 0.060002032 9544.372818119 0.936804071 
0.007959900 0.060002032 9544.372754987 0.936804075 
0.007969900 0.060002032 9544.372708500 0.936804078 
0.007979900 0.060002032 9544.372678370 0.936804082 
0.007989900 0.060002032 9544.372664222 0.936804085 
0.007999900 0.060002032 9544.372665598 0.936804088 
0.008009900 0.060002032 9544.372681966 0.936804092 
0.008019900 0.060002032 9544.372712723 0.936804095 
0.008029900 0.060002032 9544.372757200 0.936804098 
0.008039900 0.060002032 9544.372814672 0.936804101 
0.008049900 0.060002032 9544.372884361 0.936804104 
0.008059900 0.060002032 9544.372965441 0.936804107 
0.008069900 0.060002032 9544.373057051 0.936804109 
0.008079900 0.060002032 9544.373158294 0.936804112 
0.008089900 0.060002032 9544.373268248 0.936804114 
0.008099900 0.060002032 9544.373385968 0.936804116 
0.008109900 0.060002032 9544.373510500 0.936804118 
0.008119900 0.060002032 9544.373640879 0.936804119 
0.008129900 0.060002032 9544.373776137 0.936804121 
0.008139900 0.060002032 9544.373915312 0.936804122 
0.008149900 0.060002032 9544.374057452 0.936804123 
0.008159900 0.060002032 9544.374201618 0.936804124 
0.008169900 0.060002032 9544.374346891 0.936804125 
0.008179900 0.060002032 9544.374492378 0.936804125 
0.008189900 0.060002032 9544.374637213 0.936804125 
0.008199900 0.060002032 9544.374780565 0.936804125 
0.008209900 0.060002032 9544.374921638 0.936804125 
0.008219900 0.060002032 9544.375059677 0.936804125 
0.008229900 0.060002032 9544.375193971 0.936804125 
0.008239900 0.060002032 9544.375323856 0.936804124 
0.008249900 0.060002032 9544.375448713 0.936804123 
0.008259900 0.060002032 9544.375567977 0.936804122 
0.008269900 0.060002032 9544.375681134 0.936804121 
0.008279900 0.060002032 9544.375787723 0.936804120 
0.008289900 0.060002032 9544.375887338 0.936804119 
0.008299900 0.060002032 9544.375979626 0.936804118 
0.008309900 0.060002032 9544.376064292 0.936804116 
0.008319900 0.060002032 9544.376141093 0.936804115 
0.008329900 0.060002032 9544.376209844 0.936804113 
0.008339900 0.060002032 9544.376270411 0.936804112 
0.008349900 0.060002032 9544.376322712 0.936804110 
0.008359900 0.060002032 9544.376366720 0.936804108 
0.008369900 0.060002032 9544.376402456 0.936804107 
0.008379900 0.060002032 9544.376429987 0.936804105 
0.008389900 0.060002032 9544.376449430 0.936804103 
0.008399900 0.060002032 9544.376460942 0.936804101 
0.008409900 0.060002032 9544.376464725 0.936804100 
0.008419900 0.060002032 9544.376461017 0.936804098 
0.008429900 0.060002032 9544.376450094 0.936804097 
0.008439900 0.060002032 9544.376432263 0.936804095 
0.008449900 0.060002032 9544.376407864 0.936804094 
0.008459900 0.060002032 9544.376377261 0.936804092 
0.008469900 0.060002032 9544.376340847 0.936804091 
0.008479900 0.060002032 9544.376299031 0.936804089 
0.008489900 0.060002032 9544.376252242 0.936804088 
0.008499900 0.060002032 9544.376200926 0.936804087 
0.008509900 0.060002032 9544.376145537 0.936804086 
0.008519900 0.060002032 9544.376086540 0.936804085 
0.008529900 0.060002032 9544.376024404 0.936804084 
0.008539900 0.060002032 9544.375959603 0.936804083 
0.008549900 0.060002032 9544.375892608 0.936804083 
0.008559900 0.060002032 9544.375823888 0.936804082 
0.008569900 0.060002032 9544.375753907 0.936804082 
0.008579900 0.060002032 9544.375683121 0.936804081 
0.008589900 0.060002032 9544.375611973 0.936804081 
0.008599900 0.060002032 9544.375540896 0.936804081 
0.008609900 0.060002032 9544.375470307 0.936804081 
0.008619900 0.060002032 9544.375400604 0.936804081 
0.008629900 0.060002032 9544.375332170 0.936804081 
0.008639900 0.060002032 9544.375265364 0.936804081 
0.008649900 0.060002032 9544.375200526 0.936804081 
0.008659900 0.060002032 9544.375137971 0.936804082 
0.008669900 0.060002032 9544.375077991 0.936804082 
0.008679900 0.060002032 9544.375020853 0.936804082 
0.008689900 0.060002032 9544.374966798 0.936804083 
0.008699900 0.060002032 9544.374916039 0.936804084 
0.008709900 0.060002032 9544.374868765 0.936804084 
0.008719900 0.060002032 9544.374825137 0.936804085 
0.008729900 0.060002032 9544.374785289 0.936804086 
0.008739900 0.060002032 9544.374749327 0.936804086 
0.008749900 0.060002032 9544.374717334 0.936804087 
0.008759900 0.060002032 9544.374689362 0.936804088 
0.008769900 0.060002032 9544.374665441 0.936804089 
0.008779900 0.060002032 9544.374645576 0.936804089 
0.008789900 0.060002032 9544.374629745 0.936804090 
0.008799900 0.060002032 9544.374617907 0.936804091 
0.008809900 0.060002032 9544.374609996 0.936804092 
0.008819900 0.060002032 9544.374605925 0.936804093 
0.008829900 0.060002032 9544.374605590 0.936804094 
0.008839900 0.060002032 9544.374608865 0.936804094 
0.008849900 0.060002032 9544.374615609 0.936804095 
0.008859900 0.060002032 9544.374625666 0.936804096 
0.008869900 0.060002032 9544.374638864 0.936804097 
0.008879900 0.060002032 9544.374655019 0.936804097 
0.008889900 0.060002032 9544.374673935 0.936804098 
0.008899900 0.060002032 9544.374695408 0.936804099 
0.008909900 0.060002032 9544.374719225 0.936804099 
0.008919900 0.060002032 9544.374745166 0.936804100 
0.008929900 0.060002032 9544.374773007 0.936804100 
0.008939900 0.060002032 9544.374802518 0.936804101 
0.008949900 0.060002032 9544.374833470 0.936804101 
0.008959900 0.060002032 9544.374865632 0.936804101 
0.008969900 0.060002032 9544.374898772 0.936804102 
0.008979900 0.060002032 9544.374932662 0.936804102 
0.008989900 0.060002032 9544.374967077 0.936804102 
0.008999900 0.060002032 9544.375001797 0.936804102 
0.009009900 0.060002032 9544.375036606 0.936804103 
0.009019900 0.060002032 9544.375071296 0.936804103 
0.009029900 0.060002032 9544.375105667 0.936804103 
0.009039900 0.060002032 9544.375139526 0.936804103 
0.009049900 0.060002032 9544.375172692 0.936804103 
0.009059900 0.060002032 9544.375204992 0.936804102 
0.009069900 0.060002032 9544.375236265 0.936804102 
0.009079900 0.060002032 9544.375266361 0.936804102 
0.009089900 0.060002032 9544.375295143 0.936804102 
0.009099900 0.060002032 9544.375322486 0.936804102 
0.009109900 0.060002032 9544.375348276 0.936804101 
0.009119900 0.060002032 9544.375372415 0.936804101 
0.009129900 0.060002032 9544.375394815 0.936804101 
0.009139900 0.060002032 9544.375415404 0.936804100 
0.009149900 0.060002032 9544.375434121 0.936804100 
0.009159900 0.060002032 9544.375450920 0.936804100 
0.009169900 0.060002032 9544.375465765 0.936804099 
0.009179900 0.060002032 9544.375478636 0.936804099 
0.009189900 0.060002032 9544.375489523 0.936804099 
0.009199900 0.060002032 9544.375498430 0.936804098 
0.009209900 0.060002032 9544.375505370 0.936804098 
0.009219900 0.060002032 9544.375510370 0.936804097 
0.009229900 0.060002032 9544.375513464 0.936804097 
0.009239900 0.060002032 9544.375514701 0.936804097 
0.009249900 0.060002032 9544.375514134 0.936804096 
0.009259900 0.060002032 9544.375511829 0.936804096 
0.009269900 0.060002032 9544.375507858 0.936804095 
0.009279900 0.060002032 9544.375502300 0.936804095 
0.009289900 0.060002032 9544.375495242 0.936804095 
0.009299900 0.060002032 9544.375486776 0.936804094 
0.009309900 0.060002032 9544.375477000 0.936804094 
0.009319900 0.060002032 9544.375466015 0.936804094 
0.009329900 0.060002032 9544.375453928 0.936804093 
0.009339900 0.060002032 9544.375440847 0.936804093 
0.009349900 0.060002032 9544.375426882 0.936804093 
0.009359900 0.060002032 9544.375412146 0.936804093 
0.009369900 0.060002032 9544.375396752 0.936804093 
0.009379900 0.060002032 9544.375380812 0.936804092 
0.009389900 0.060002032 9544.375364440 0.936804092 
0.009399900 0.060002032 9544.375347746 0.936804092 
0.009409900 0.060002032 9544.375330840 0.936804092 
0.009419900 0.060002032 9544.375313828 0.936804092 
0.009429900 0.060002032 9544.375296815 0.936804092 
0.009439900 0.060002032 9544.375279900 0.936804092 
0.009449900 0.060002032 9544.375263181 0.936804092 
0.009459900 0.060002032 9544.375246749 0.936804092 
0.009469900 0.060002032 9544.375230691 0.936804092 
0.009479900 0.060002032 9544.375215089 0.936804092 
0.009489900 0.060002032 9544.375200021 0.936804092 
0.009499900 0.060002032 9544.375185556 0.936804092 
0.009509900 0.060002032 9544.375171760 0.936804092 
0.009519900 0.060002032 9544.375158691 0.936804092 
0.009529900 0.060002032 9544.375146402 0.936804093 
0.009539900 0.060002032 9544.375134939 0.936804093 
0.009549900 0.060002032 9544.375124342 0.936804093 
0.009559900 0.060002032 9544.375114644 0.936804093 
0.009569900 0.060002032 9544.375105871 0.936804093 
0.009579900 0.060002032 9544.375098044 0.936804093 
0.009589900 0.060002032 9544.375091178 0.936804094 
0.009599900 0.060002032 9544.375085279 0.936804094 
0.009609900 0.060002032 9544.375080351 0.936804094 
0.009619900 0.060002032 9544.375076390 0.936804094 
0.009629900 0.060002032 9544.375073386 0.936804094 
0.009639900 0.060002032 9544.375071324 0.936804095 
0.009649900 0.060002032 9544.375070186 0.936804095 
0.009659900 0.060002032 9544.375069945 0.936804095 
0.009669900 0.060002032 9544.375070575 0.936804095 
0.009679900 0.060002032 9544.375072040 0.936804095 
0.009689900 0.060002032 9544.375074305 0.936804096 
0.009699900 0.060002032 9544.375077329 0.936804096 
0.009709900 0.060002032 9544.375081069 0.936804096 
0.009719900 0.060002032 9544.375085477 0.936804096 
0.009729900 0.060002032 9544.375090507 0.936804096 
0.009739900 0.060002032 9544.375096106 0.936804096 
0.009749900 0.060002032 9544.375102224 0.936804096 
0.009759900 0.060002032 9544.375108805 0.936804097 
0.009769900 0.060002032 9544.375115796 0.936804097 
0.009779900 0.060002032 9544.375123142 0.936804097 
0.009789900 0.060002032 9544.375130787 0.936804097 
0.009799900 0.060002032 9544.375138677 0.936804097 
0.009809900 0.060002032 9544.375146755 0.936804097 
0.009819900 0.060002032 9544.375154969 0.936804097 
0.009829900 0.060002032 9544.375163265 0.936804097 
0.009839900 0.060002032 9544.375171592 0.936804097 
0.009849900 0.060002032 9544.375179899 0.936804097 
0.009859900 0.060002032 9544.375188138 0.936804097 
0.009869900 0.060002032 9544.375196263 0.936804097 
0.009879900 0.060002032 9544.375204230 0.936804097 
0.009889900 0.060002032 9544.375211998 0.936804097 
0.009899900 0.060002032 9544.375219526 0.936804097 
0.009909900 0.060002032 9544.375226779 0.936804097 
0.009919900 0.060002032 9544.375233724 0.936804097 
0.009929900 0.060002032 9544.375240329 0.936804097 
0.009939900 0.060002032 9544.375246568 0.936804097 
0.009949900 0.060002032 9544.375252415 0.936804097 
0.009959900 0.060002032 9544.375257851 0.936804097 
0.009969900 0.060002032 9544.375262856 0.936804097 
0.009979900 0.060002032 9544.375267415 0.936804097 
0.009989900 0.060002032 9544.375271518 0.936804096 
0.009999900 0.060002032 9544.375275154 0.936804096 
