Sim: 2
ID: 138
Description: Test run of cold flow MSSE simulation with Ma 0.1 initialisation
Variables: 4
time A mass_flux Ma
0.000009900 0.418538681 5885.721260744 0.940809018 
0.000019900 0.418538681 5431.119572798 0.976867892 
0.000029900 0.418538681 5173.927185482 0.993992425 
0.000039900 0.418538681 5000.710605176 1.003647762 
0.000049900 0.418538681 4870.536934288 1.031794711 
0.000059900 0.418538681 4723.886712886 1.064211782 
0.000069900 0.418538681 4570.840738180 1.094493821 
0.000079900 0.418538681 4415.670278176 1.116398732 
0.000089900 0.418538681 4262.937837133 1.130422393 
0.000009900 0.418538681 5885.721260744 0.940809018 
0.000019900 0.418538681 5431.119572798 0.976867892 
0.000029900 0.418538681 5173.927185482 0.993992425 
0.000039900 0.418538681 5000.710605176 1.003647762 
0.000049900 0.418538681 4870.536934288 1.031794711 
0.000059900 0.418538681 4723.886712886 1.064211782 
0.000069900 0.418538681 4570.840738180 1.094493821 
0.000079900 0.418538681 4415.670278176 1.116398732 
0.000089900 0.418538681 4262.937837133 1.130422393 
0.000099900 0.418538681 4114.068379835 1.139425353 
0.000109900 0.418538681 3969.642745560 1.147375104 
0.000119900 0.418538681 3829.941232375 1.156514476 
0.000129900 0.418538681 3696.459963713 1.167789824 
0.000139900 0.418538681 3571.206448750 1.181596567 
0.000149900 0.418538681 3456.214216141 1.198091431 
0.000159900 0.418538681 3353.277382350 1.217335473 
0.000169900 0.418538681 3262.672244552 1.239201111 
0.000179900 0.418538681 3181.378321917 1.263128500 
0.000189900 0.418538681 3102.772583969 1.288037953 
0.000199900 0.418538681 3019.816447457 1.312760758 
0.000209900 0.418538681 2929.465355184 1.336719336 
0.000219900 0.418538681 2833.689172389 1.360154401 
0.000229900 0.418538681 2736.883278940 1.383786917 
0.000239900 0.418538681 2643.189259891 1.408408331 
0.000249900 0.418538681 2555.894729566 1.434776251 
0.000259900 0.418538681 2478.601576167 1.463837981 
0.000269900 0.418538681 2416.877405356 1.497101346 
0.000279900 0.418538681 2378.487375595 1.536747089 
0.000289900 0.418538681 2368.870215680 1.584643217 
0.000299900 0.418538681 2381.032613564 1.639990946 
0.000309900 0.418538681 2392.470922065 1.698544740 
0.000319900 0.418538681 2381.573663408 1.756149248 
0.000329900 0.418538681 2343.537659468 1.812103152 
0.000339900 0.418538681 2286.160718839 1.868385960 
0.000349900 0.418538681 2218.518562338 1.927458263 
0.000359900 0.418538681 2145.953506184 1.991224985 
0.000369900 0.418538681 2070.476208307 2.061001589 
0.000379900 0.418538681 1992.452221146 2.137643766 
0.000389900 0.418538681 1911.877076041 2.221388918 
0.000399900 0.418538681 1829.259714047 2.311352494 
0.000409900 0.418538681 1746.296757257 2.404927990 
0.000419900 0.418538681 1666.026695891 2.497682914 
0.000429900 0.418538681 1591.991363351 2.584341016 
0.000439900 0.418538681 1526.897384492 2.660601966 
0.000449900 0.418538681 1471.747233905 2.724456575 
0.000459900 0.418538681 1426.038281098 2.776164339 
0.000469900 0.418538681 1388.534329304 2.817355506 
0.000479900 0.418538681 1357.878259185 2.850098170 
0.000489900 0.418538681 1332.878250097 2.876340908 
0.000499900 0.418538681 1312.563209955 2.897693044 
0.000509900 0.418538681 1296.147649496 2.915392326 
0.000519900 0.418538681 1282.980677717 2.930348613 
0.000529900 0.418538681 1272.490630529 2.943202477 
0.000539900 0.418538681 1264.158928201 2.954388158 
0.000549900 0.418538681 1257.519577686 2.964193343 
0.000559900 0.418538681 1252.165964664 2.972808511 
0.000569900 0.418538681 1247.765912187 2.980368317 
0.000579900 0.418538681 1244.077131662 2.986983891 
0.000589900 0.418538681 1240.946553005 2.992761114 
0.000599900 0.418538681 1238.307131213 2.997811883 
0.000609900 0.418538681 1236.172441270 3.002259857 
0.000619900 0.418538681 1234.613876811 3.006235896 
0.000629900 0.418538681 1233.737930069 3.009871258 
0.000639900 0.418538681 1233.666161387 3.013290082 
0.000649900 0.418538681 1234.515718889 3.016600852 
0.000659900 0.418538681 1236.381799579 3.019888404 
0.000669900 0.418538681 1239.323316435 3.023207857 
0.000679900 0.418538681 1243.352516107 3.026581286 
0.000689900 0.418538681 1248.430098742 3.029998039 
0.000699900 0.418538681 1254.467716770 3.033419331 
0.000709900 0.418538681 1261.334583254 3.036785333 
0.000719900 0.418538681 1268.868660759 3.040024208 
0.000729900 0.418538681 1276.893100297 3.043062503 
0.000739900 0.418538681 1285.232146798 3.045834053 
0.000749900 0.418538681 1293.723810608 3.048286208 
0.000759900 0.418538681 1302.228458237 3.050383174 
0.000769900 0.418538681 1310.632941312 3.052106592 
0.000779900 0.418538681 1318.851143179 3.053454082 
0.000789900 0.418538681 1326.819746791 3.054435776 
0.000799900 0.418538681 1334.492849691 3.055070553 
0.000809900 0.418538681 1341.841368646 3.055384403 
0.000819900 0.418538681 1348.847700411 3.055407476 
0.000829900 0.418538681 1355.500733060 3.055171823 
0.000839900 0.418538681 1361.793922418 3.054710504 
0.000849900 0.418538681 1367.723892230 3.054056831 
0.000859900 0.418538681 1373.289379551 3.053243706 
0.000869900 0.418538681 1378.490747096 3.052303166 
0.000879900 0.418538681 1383.329898905 3.051266004 
0.000889900 0.418538681 1387.810361585 3.050161331 
0.000899900 0.418538681 1391.937461665 3.049016102 
0.000909900 0.418538681 1395.718602225 3.047854698 
0.000919900 0.418538681 1399.162016974 3.046698055 
0.000929900 0.418538681 1402.276423172 3.045563266 
0.000939900 0.418538681 1405.072439816 3.044463971 
0.000949900 0.418538681 1407.561142745 3.043409964 
0.000959900 0.418538681 1409.753014576 3.042407194 
0.000969900 0.418538681 1411.657706526 3.041458151 
0.000979900 0.418538681 1413.283613794 3.040562175 
0.000989900 0.418538681 1414.637435979 3.039715814 
0.000999900 0.418538681 1415.723939546 3.038913334 
0.001009900 0.418538681 1416.545937069 3.038147301 
0.001019900 0.418538681 1417.104452399 3.037409187 
0.001029900 0.418538681 1417.399052468 3.036689965 
0.001039900 0.418538681 1417.428324643 3.035980671 
0.001049900 0.418538681 1417.190467242 3.035272927 
0.001059900 0.418538681 1416.683951242 3.034559402 
0.001069900 0.418538681 1415.908206050 3.033834206 
0.001079900 0.418538681 1414.864281375 3.033093205 
0.001089900 0.418538681 1413.555440108 3.032334235 
0.001099900 0.418538681 1411.987643180 3.031557224 
0.001109900 0.418538681 1410.169895761 3.030764207 
0.001119900 0.418538681 1408.114434146 3.029959231 
0.001129900 0.418538681 1405.836743633 3.029148168 
0.001139900 0.418538681 1403.355408878 3.028338440 
0.001149900 0.418538681 1400.691809080 3.027538669 
0.001159900 0.418538681 1397.869680070 3.026758280 
0.001169900 0.418538681 1394.914573386 3.026007082 
0.001179900 0.418538681 1391.853247980 3.025294844 
0.001189900 0.418538681 1388.713032916 3.024630893 
0.001199900 0.418538681 1385.521199162 3.024023757 
0.001209900 0.418538681 1382.304375416 3.023480871 
0.001219900 0.418538681 1379.088037295 3.023008341 
0.001229900 0.418538681 1375.896091779 3.022610808 
0.001239900 0.418538681 1372.750570344 3.022291368 
0.001249900 0.418538681 1369.671435513 3.022051586 
0.001259900 0.418538681 1366.676497370 3.021891569 
0.001269900 0.418538681 1363.781429598 3.021810098 
0.001279900 0.418538681 1360.999869118 3.021804798 
0.001289900 0.418538681 1358.343579852 3.021872347 
0.001299900 0.418538681 1355.822659296 3.022008688 
0.001309900 0.418538681 1353.445766584 3.022209247 
0.001319900 0.418538681 1351.220352081 3.022469132 
0.001329900 0.418538681 1349.152871067 3.022783319 
0.001339900 0.418538681 1347.248967409 3.023146798 
0.001349900 0.418538681 1345.513616848 3.023554690 
0.001359900 0.418538681 1343.951223507 3.024002330 
0.001369900 0.418538681 1342.565667129 3.024485305 
0.001379900 0.418538681 1341.360302209 3.024999471 
0.001389900 0.418538681 1340.337913523 3.025540929 
0.001399900 0.418538681 1339.500635352 3.026105991 
0.001409900 0.418538681 1338.849843930 3.026691124 
0.001419900 0.418538681 1338.386034175 3.027292885 
0.001429900 0.418538681 1338.108692501 3.027907855 
0.001439900 0.418538681 1338.016177466 3.028532589 
0.001449900 0.418538681 1338.105619133 3.029163561 
0.001459900 0.418538681 1338.372846403 3.029797139 
0.001469900 0.418538681 1338.812349369 3.030429572 
0.001479900 0.418538681 1339.417281109 3.031056997 
0.001489900 0.418538681 1340.179500494 3.031675471 
0.001499900 0.418538681 1341.089654798 3.032281011 
0.001509900 0.418538681 1342.137298412 3.032869656 
0.001519900 0.418538681 1343.311041862 3.033437539 
0.001529900 0.418538681 1344.598723867 3.033980953 
0.001539900 0.418538681 1345.987598312 3.034496434 
0.001549900 0.418538681 1347.464527845 3.034980825 
0.001559900 0.418538681 1349.016176108 3.035431340 
0.001569900 0.418538681 1350.629191537 3.035845612 
0.001579900 0.418538681 1352.290376795 3.036221731 
0.001589900 0.418538681 1353.986839346 3.036558261 
0.001599900 0.418538681 1355.706120102 3.036854251 
0.001609900 0.418538681 1357.436298563 3.037109223 
0.001619900 0.418538681 1359.166074120 3.037323153 
0.001629900 0.418538681 1360.884824353 3.037496433 
0.001639900 0.418538681 1362.582642013 3.037629839 
0.001649900 0.418538681 1364.250353059 3.037724475 
0.001659900 0.418538681 1365.879518559 3.037781727 
0.001669900 0.418538681 1367.462423490 3.037803209 
0.001679900 0.418538681 1368.992055522 3.037790712 
0.001689900 0.418538681 1370.462076816 3.037746159 
0.001699900 0.418538681 1371.866791607 3.037671555 
0.001709900 0.418538681 1373.201112104 3.037568951 
0.001719900 0.418538681 1374.460524855 3.037440414 
0.001729900 0.418538681 1375.641059324 3.037287996 
0.001739900 0.418538681 1376.739260023 3.037113714 
0.001749900 0.418538681 1377.752163112 3.036919541 
0.001759900 0.418538681 1378.677277971 3.036707389 
0.001769900 0.418538681 1379.512573845 3.036479113 
0.001779900 0.418538681 1380.256471325 3.036236507 
0.001789900 0.418538681 1380.907838119 3.035981311 
0.001799900 0.418538681 1381.465988311 3.035715209 
0.001809900 0.418538681 1381.930684114 3.035439848 
0.001819900 0.418538681 1382.302138998 3.035156833 
0.001829900 0.418538681 1382.581021031 3.034867746 
0.001839900 0.418538681 1382.768455230 3.034574143 
0.001849900 0.418538681 1382.866023841 3.034277565 
0.001859900 0.418538681 1382.875763523 3.033979541 
0.001869900 0.418538681 1382.800158615 3.033681587 
0.001879900 0.418538681 1382.642129845 3.033385206 
0.001889900 0.418538681 1382.405018036 3.033091885 
0.001899900 0.418538681 1382.092562640 3.032803090 
0.001909900 0.418538681 1381.708875121 3.032520261 
0.001919900 0.418538681 1381.258407445 3.032244796 
0.001929900 0.418538681 1380.745916149 3.031978052 
0.001939900 0.418538681 1380.176422608 3.031721322 
0.001949900 0.418538681 1379.555170288 3.031475835 
0.001959900 0.418538681 1378.887579834 3.031242735 
0.001969900 0.418538681 1378.179202936 3.031023078 
0.001979900 0.418538681 1377.435675895 3.030817817 
0.001989900 0.418538681 1376.662673796 3.030627796 
0.001999900 0.418538681 1375.865866135 3.030453741 
0.002009900 0.418538681 1375.050874615 3.030296257 
0.002019900 0.418538681 1374.223233748 3.030155821 
0.002029900 0.418538681 1373.388354710 3.030032782 
0.002039900 0.418538681 1372.551492790 3.029927363 
0.002049900 0.418538681 1371.717718584 3.029839660 
0.002059900 0.418538681 1370.891892988 3.029769646 
0.002069900 0.418538681 1370.078645872 3.029717178 
0.002079900 0.418538681 1369.282358255 3.029682002 
0.002089900 0.418538681 1368.507147684 3.029663758 
0.002099900 0.418538681 1367.756856500 3.029661992 
0.002109900 0.418538681 1367.035042603 3.029676162 
0.002119900 0.418538681 1366.344972384 3.029705647 
0.002129900 0.418538681 1365.689615447 3.029749752 
0.002139900 0.418538681 1365.071640842 3.029807724 
0.002149900 0.418538681 1364.493414541 3.029878751 
0.002159900 0.418538681 1363.956997974 3.029961976 
0.002169900 0.418538681 1363.464147500 3.030056502 
0.002179900 0.418538681 1363.016314757 3.030161395 
0.002189900 0.418538681 1362.614647890 3.030275697 
0.002199900 0.418538681 1362.259993701 3.030398428 
0.002209900 0.418538681 1361.952900832 3.030528589 
0.002219900 0.418538681 1361.693624067 3.030665172 
0.002229900 0.418538681 1361.482129898 3.030807163 
0.002239900 0.418538681 1361.318103475 3.030953548 
0.002249900 0.418538681 1361.200957030 3.031103315 
0.002259900 0.418538681 1361.129839865 3.031255462 
0.002269900 0.418538681 1361.103649937 3.031409005 
0.002279900 0.418538681 1361.121047042 3.031562974 
0.002289900 0.418538681 1361.180467536 3.031716428 
0.002299900 0.418538681 1361.280140515 3.031868455 
0.002309900 0.418538681 1361.418105299 3.032018178 
0.002319900 0.418538681 1361.592230054 3.032164761 
0.002329900 0.418538681 1361.800231334 3.032307412 
0.002339900 0.418538681 1362.039694311 3.032445389 
0.002349900 0.418538681 1362.308093455 3.032578005 
0.002359900 0.418538681 1362.602813387 3.032704627 
0.002369900 0.418538681 1362.921169686 3.032824684 
0.002379900 0.418538681 1363.260429375 3.032937667 
0.002389900 0.418538681 1363.617830902 3.033043131 
0.002399900 0.418538681 1363.990603384 3.033140696 
0.002409900 0.418538681 1364.375984977 3.033230048 
0.002419900 0.418538681 1364.771240210 3.033310936 
0.002429900 0.418538681 1365.173676196 3.033383177 
0.002439900 0.418538681 1365.580657637 3.033446647 
0.002449900 0.418538681 1365.989620580 3.033501285 
0.002459900 0.418538681 1366.398084907 3.033547087 
0.002469900 0.418538681 1366.803665578 3.033584107 
0.002479900 0.418538681 1367.204082629 3.033612447 
0.002489900 0.418538681 1367.597169996 3.033632261 
0.002499900 0.418538681 1367.980883190 3.033643749 
0.002509900 0.418538681 1368.353305905 3.033647150 
0.002519900 0.418538681 1368.712655611 3.033642743 
0.002529900 0.418538681 1369.057288187 3.033630841 
0.002539900 0.418538681 1369.385701672 3.033611788 
0.002549900 0.418538681 1369.696539162 3.033585954 
0.002559900 0.418538681 1369.988590929 3.033553734 
0.002569900 0.418538681 1370.260795771 3.033515545 
0.002579900 0.418538681 1370.512241654 3.033471817 
0.002589900 0.418538681 1370.742165643 3.033423001 
0.002599900 0.418538681 1370.949953167 3.033369553 
0.002609900 0.418538681 1371.135136617 3.033311942 
0.002619900 0.418538681 1371.297393289 3.033250642 
0.002629900 0.418538681 1371.436542683 3.033186130 
0.002639900 0.418538681 1371.552543175 3.033118885 
0.002649900 0.418538681 1371.645488056 3.033049385 
0.002659900 0.418538681 1371.715600970 3.032978103 
0.002669900 0.418538681 1371.763230753 3.032905509 
0.002679900 0.418538681 1371.788845712 3.032832062 
0.002689900 0.418538681 1371.793027361 3.032758213 
0.002699900 0.418538681 1371.776463653 3.032684402 
0.002709900 0.418538681 1371.739941759 3.032611051 
0.002719900 0.418538681 1371.684340426 3.032538571 
0.002729900 0.418538681 1371.610621984 3.032467352 
0.002739900 0.418538681 1371.519824046 3.032397766 
0.002749900 0.418538681 1371.413050982 3.032330165 
0.002759900 0.418538681 1371.291465202 3.032264878 
0.002769900 0.418538681 1371.156278351 3.032202209 
0.002779900 0.418538681 1371.008742447 3.032142439 
0.002789900 0.418538681 1370.850141056 3.032085824 
0.002799900 0.418538681 1370.681780545 3.032032592 
0.002809900 0.418538681 1370.504981486 3.031982945 
0.002819900 0.418538681 1370.321070265 3.031937057 
0.002829900 0.418538681 1370.131370942 3.031895074 
0.002839900 0.418538681 1369.937197409 3.031857117 
0.002849900 0.418538681 1369.739845903 3.031823275 
0.002859900 0.418538681 1369.540587874 3.031793613 
0.002869900 0.418538681 1369.340663284 3.031768169 
0.002879900 0.418538681 1369.141274318 3.031746952 
0.002889900 0.418538681 1368.943579563 3.031729950 
0.002899900 0.418538681 1368.748688639 3.031717122 
0.002909900 0.418538681 1368.557657325 3.031708407 
0.002919900 0.418538681 1368.371483162 3.031703720 
0.002929900 0.418538681 1368.191101547 3.031702956 
0.002939900 0.418538681 1368.017382333 3.031705988 
0.002949900 0.418538681 1367.851126904 3.031712673 
0.002959900 0.418538681 1367.693065764 3.031722850 
0.002969900 0.418538681 1367.543856592 3.031736344 
0.002979900 0.418538681 1367.404082795 3.031752963 
0.002989900 0.418538681 1367.274252528 3.031772507 
0.002999900 0.418538681 1367.154798180 3.031794761 
0.003009900 0.418538681 1367.046076318 3.031819504 
0.003019900 0.418538681 1366.948368073 3.031846506 
0.003029900 0.418538681 1366.861879954 3.031875533 
0.003039900 0.418538681 1366.786745079 3.031906343 
0.003049900 0.418538681 1366.723024796 3.031938696 
0.003059900 0.418538681 1366.670710689 3.031972347 
0.003069900 0.418538681 1366.629726932 3.032007053 
0.003079900 0.418538681 1366.599932979 3.032042572 
0.003089900 0.418538681 1366.581126558 3.032078667 
0.003099900 0.418538681 1366.573046945 3.032115103 
0.003109900 0.418538681 1366.575378490 3.032151652 
0.003119900 0.418538681 1366.587754363 3.032188092 
0.003129900 0.418538681 1366.609760488 3.032224211 
0.003139900 0.418538681 1366.640939645 3.032259805 
0.003149900 0.418538681 1366.680795684 3.032294680 
0.003159900 0.418538681 1366.728797844 3.032328652 
0.003169900 0.418538681 1366.784385135 3.032361550 
0.003179900 0.418538681 1366.846970747 3.032393215 
0.003189900 0.418538681 1366.915946463 3.032423501 
0.003199900 0.418538681 1366.990687044 3.032452275 
0.003209900 0.418538681 1367.070554563 3.032479418 
0.003219900 0.418538681 1367.154902653 3.032504824 
0.003229900 0.418538681 1367.243080651 3.032528403 
0.003239900 0.418538681 1367.334437622 3.032550077 
0.003249900 0.418538681 1367.428326228 3.032569783 
0.003259900 0.418538681 1367.524106437 3.032587473 
0.003269900 0.418538681 1367.621149050 3.032603110 
0.003279900 0.418538681 1367.718839033 3.032616673 
0.003289900 0.418538681 1367.816578647 3.032628154 
0.003299900 0.418538681 1367.913790354 3.032637555 
0.003309900 0.418538681 1368.009919508 3.032644895 
0.003319900 0.418538681 1368.104436804 3.032650199 
0.003329900 0.418538681 1368.196840504 3.032653507 
0.003339900 0.418538681 1368.286658415 3.032654868 
0.003349900 0.418538681 1368.373449628 3.032654341 
0.003359900 0.418538681 1368.456806018 3.032651994 
0.003369900 0.418538681 1368.536353500 3.032647903 
0.003379900 0.418538681 1368.611753049 3.032642151 
0.003389900 0.418538681 1368.682701483 3.032634831 
0.003399900 0.418538681 1368.748932011 3.032626037 
0.003409900 0.418538681 1368.810214557 3.032615873 
0.003419900 0.418538681 1368.866355860 3.032604444 
0.003429900 0.418538681 1368.917199363 3.032591861 
0.003439900 0.418538681 1368.962624888 3.032578236 
0.003449900 0.418538681 1369.002548118 3.032563686 
0.003459900 0.418538681 1369.036919890 3.032548326 
0.003469900 0.418538681 1369.065725298 3.032532275 
0.003479900 0.418538681 1369.088982643 3.032515650 
0.003489900 0.418538681 1369.106742208 3.032498568 
0.003499900 0.418538681 1369.119084900 3.032481144 
0.003509900 0.418538681 1369.126120751 3.032463493 
0.003519900 0.418538681 1369.127987302 3.032445725 
0.003529900 0.418538681 1369.124847874 3.032427949 
0.003539900 0.418538681 1369.116889750 3.032410270 
0.003549900 0.418538681 1369.104322275 3.032392787 
0.003559900 0.418538681 1369.087374885 3.032375598 
0.003569900 0.418538681 1369.066295089 3.032358792 
0.003579900 0.418538681 1369.041346405 3.032342457 
0.003589900 0.418538681 1369.012806275 3.032326671 
0.003599900 0.418538681 1368.980963966 3.032311510 
0.003609900 0.418538681 1368.946118467 3.032297042 
0.003619900 0.418538681 1368.908576406 3.032283328 
0.003629900 0.418538681 1368.868649982 3.032270423 
0.003639900 0.418538681 1368.826654945 3.032258378 
0.003649900 0.418538681 1368.782908608 3.032247232 
0.003659900 0.418538681 1368.737727931 3.032237023 
0.003669900 0.418538681 1368.691427661 3.032227779 
0.003679900 0.418538681 1368.644318549 3.032219521 
0.003689900 0.418538681 1368.596705657 3.032212265 
0.003699900 0.418538681 1368.548886744 3.032206021 
0.003709900 0.418538681 1368.501150761 3.032200791 
0.003719900 0.418538681 1368.453776437 3.032196572 
0.003729900 0.418538681 1368.407030983 3.032193354 
0.003739900 0.418538681 1368.361168898 3.032191125 
0.003749900 0.418538681 1368.316430898 3.032189862 
0.003759900 0.418538681 1368.273042954 3.032189541 
0.003769900 0.418538681 1368.231215460 3.032190133 
0.003779900 0.418538681 1368.191142505 3.032191603 
0.003789900 0.418538681 1368.153001284 3.032193914 
0.003799900 0.418538681 1368.116951613 3.032197022 
0.003809900 0.418538681 1368.083135569 3.032200884 
0.003819900 0.418538681 1368.051677252 3.032205450 
0.003829900 0.418538681 1368.022682651 3.032210671 
0.003839900 0.418538681 1367.996239629 3.032216493 
0.003849900 0.418538681 1367.972418015 3.032222861 
0.003859900 0.418538681 1367.951269797 3.032229721 
0.003869900 0.418538681 1367.932829416 3.032237014 
0.003879900 0.418538681 1367.917114153 3.032244682 
0.003889900 0.418538681 1367.904124612 3.032252669 
0.003899900 0.418538681 1367.893845271 3.032260916 
0.003909900 0.418538681 1367.886245127 3.032269365 
0.003919900 0.418538681 1367.881278398 3.032277960 
0.003929900 0.418538681 1367.878885296 3.032286645 
0.003939900 0.418538681 1367.878992858 3.032295366 
0.003949900 0.418538681 1367.881515820 3.032304069 
0.003959900 0.418538681 1367.886357541 3.032312704 
0.003969900 0.418538681 1367.893410964 3.032321223 
0.003979900 0.418538681 1367.902559598 3.032329579 
0.003989900 0.418538681 1367.913678529 3.032337728 
0.003999900 0.418538681 1367.926635449 3.032345628 
0.004009900 0.418538681 1367.941291685 3.032353242 
0.004019900 0.418538681 1367.957503237 3.032360535 
0.004029900 0.418538681 1367.975121810 3.032367474 
0.004039900 0.418538681 1367.993995839 3.032374030 
0.004049900 0.418538681 1368.013971489 3.032380178 
0.004059900 0.418538681 1368.034893648 3.032385895 
0.004069900 0.418538681 1368.056606879 3.032391161 
0.004079900 0.418538681 1368.078956355 3.032395962 
0.004089900 0.418538681 1368.101788746 3.032400285 
0.004099900 0.418538681 1368.124953073 3.032404119 
0.004109900 0.418538681 1368.148301523 3.032407460 
0.004119900 0.418538681 1368.171690206 3.032410305 
0.004129900 0.418538681 1368.194979874 3.032412652 
0.004139900 0.418538681 1368.218036581 3.032414507 
0.004149900 0.418538681 1368.240732294 3.032415873 
0.004159900 0.418538681 1368.262945444 3.032416760 
0.004169900 0.418538681 1368.284561424 3.032417179 
0.004179900 0.418538681 1368.305473025 3.032417143 
0.004189900 0.418538681 1368.325580822 3.032416668 
0.004199900 0.418538681 1368.344793488 3.032415772 
0.004209900 0.418538681 1368.363028061 3.032414473 
0.004219900 0.418538681 1368.380210151 3.032412794 
0.004229900 0.418538681 1368.396274082 3.032410758 
0.004239900 0.418538681 1368.411162988 3.032408387 
0.004249900 0.418538681 1368.424828848 3.032405708 
0.004259900 0.418538681 1368.437232471 3.032402747 
0.004269900 0.418538681 1368.448343425 3.032399530 
0.004279900 0.418538681 1368.458139923 3.032396086 
0.004289900 0.418538681 1368.466608658 3.032392442 
0.004299900 0.418538681 1368.473744595 3.032388627 
0.004309900 0.418538681 1368.479550721 3.032384669 
0.004319900 0.418538681 1368.484037756 3.032380596 
0.004329900 0.418538681 1368.487223833 3.032376435 
0.004339900 0.418538681 1368.489134133 3.032372215 
0.004349900 0.418538681 1368.489800508 3.032367962 
0.004359900 0.418538681 1368.489261062 3.032363703 
0.004369900 0.418538681 1368.487559717 3.032359462 
0.004379900 0.418538681 1368.484745760 3.032355264 
0.004389900 0.418538681 1368.480873369 3.032351133 
0.004399900 0.418538681 1368.476001133 3.032347090 
0.004409900 0.418538681 1368.470191552 3.032343156 
0.004419900 0.418538681 1368.463510543 3.032339350 
0.004429900 0.418538681 1368.456026933 3.032335692 
0.004439900 0.418538681 1368.447811956 3.032332197 
0.004449900 0.418538681 1368.438938750 3.032328881 
0.004459900 0.418538681 1368.429481868 3.032325756 
0.004469900 0.418538681 1368.419516783 3.032322835 
0.004479900 0.418538681 1368.409119417 3.032320129 
0.004489900 0.418538681 1368.398365679 3.032317646 
0.004499900 0.418538681 1368.387331014 3.032315392 
0.004509900 0.418538681 1368.376089976 3.032313375 
0.004519900 0.418538681 1368.364715820 3.032311596 
0.004529900 0.418538681 1368.353280112 3.032310060 
0.004539900 0.418538681 1368.341852363 3.032308767 
0.004549900 0.418538681 1368.330499690 3.032307716 
0.004559900 0.418538681 1368.319286503 3.032306905 
0.004569900 0.418538681 1368.308274212 3.032306331 
0.004579900 0.418538681 1368.297520968 3.032305989 
0.004589900 0.418538681 1368.287081431 3.032305874 
0.004599900 0.418538681 1368.277006565 3.032305979 
0.004609900 0.418538681 1368.267343459 3.032306295 
0.004619900 0.418538681 1368.258135185 3.032306813 
0.004629900 0.418538681 1368.249420675 3.032307524 
0.004639900 0.418538681 1368.241234636 3.032308417 
0.004649900 0.418538681 1368.233607481 3.032309481 
0.004659900 0.418538681 1368.226565303 3.032310703 
0.004669900 0.418538681 1368.220129857 3.032312071 
0.004679900 0.418538681 1368.214318590 3.032313572 
0.004689900 0.418538681 1368.209144671 3.032315192 
0.004699900 0.418538681 1368.204617069 3.032316919 
0.004709900 0.418538681 1368.200740634 3.032318738 
0.004719900 0.418538681 1368.197516213 3.032320635 
0.004729900 0.418538681 1368.194940777 3.032322596 
0.004739900 0.418538681 1368.193007571 3.032324609 
0.004749900 0.418538681 1368.191706280 3.032326658 
0.004759900 0.418538681 1368.191023211 3.032328732 
0.004769900 0.418538681 1368.190941488 3.032330816 
0.004779900 0.418538681 1368.191441256 3.032332898 
0.004789900 0.418538681 1368.192499905 3.032334966 
0.004799900 0.418538681 1368.194092290 3.032337009 
0.004809900 0.418538681 1368.196190973 3.032339014 
0.004819900 0.418538681 1368.198766452 3.032340972 
0.004829900 0.418538681 1368.201787417 3.032342872 
0.004839900 0.418538681 1368.205220985 3.032344706 
0.004849900 0.418538681 1368.209032956 3.032346464 
0.004859900 0.418538681 1368.213188052 3.032348139 
0.004869900 0.418538681 1368.217650167 3.032349724 
0.004879900 0.418538681 1368.222382606 3.032351213 
0.004889900 0.418538681 1368.227348320 3.032352599 
0.004899900 0.418538681 1368.232510141 3.032353879 
0.004909900 0.418538681 1368.237830997 3.032355048 
0.004919900 0.418538681 1368.243274138 3.032356103 
0.004929900 0.418538681 1368.248803331 3.032357042 
0.004939900 0.418538681 1368.254383066 3.032357863 
0.004949900 0.418538681 1368.259978733 3.032358565 
0.004959900 0.418538681 1368.265556801 3.032359149 
0.004969900 0.418538681 1368.271084975 3.032359614 
0.004979900 0.418538681 1368.276532347 3.032359963 
0.004989900 0.418538681 1368.281869533 3.032360196 
0.004999900 0.418538681 1368.287068790 3.032360317 
0.005009900 0.418538681 1368.292104127 3.032360328 
0.005019900 0.418538681 1368.296951399 3.032360234 
0.005029900 0.418538681 1368.301588386 3.032360038 
0.005039900 0.418538681 1368.305994860 3.032359745 
0.005049900 0.418538681 1368.310152633 3.032359359 
0.005059900 0.418538681 1368.314045601 3.032358887 
0.005069900 0.418538681 1368.317659766 3.032358335 
0.005079900 0.418538681 1368.320983245 3.032357707 
0.005089900 0.418538681 1368.324006270 3.032357010 
0.005099900 0.418538681 1368.326721178 3.032356251 
0.005109900 0.418538681 1368.329122377 3.032355437 
0.005119900 0.418538681 1368.331206316 3.032354573 
0.005129900 0.418538681 1368.332971434 3.032353667 
0.005139900 0.418538681 1368.334418102 3.032352726 
0.005149900 0.418538681 1368.335548557 3.032351756 
0.005159900 0.418538681 1368.336366822 3.032350764 
0.005169900 0.418538681 1368.336878627 3.032349756 
0.005179900 0.418538681 1368.337091313 3.032348739 
0.005189900 0.418538681 1368.337013738 3.032347720 
0.005199900 0.418538681 1368.336656171 3.032346704 
0.005209900 0.418538681 1368.336030184 3.032345697 
0.005219900 0.418538681 1368.335148542 3.032344705 
0.005229900 0.418538681 1368.334025084 3.032343733 
0.005239900 0.418538681 1368.332674609 3.032342787 
0.005249900 0.418538681 1368.331112751 3.032341871 
0.005259900 0.418538681 1368.329355867 3.032340989 
0.005269900 0.418538681 1368.327420905 3.032340145 
0.005279900 0.418538681 1368.325325295 3.032339344 
0.005289900 0.418538681 1368.323086823 3.032338587 
0.005299900 0.418538681 1368.320723516 3.032337880 
0.005309900 0.418538681 1368.318253529 3.032337223 
0.005319900 0.418538681 1368.315695031 3.032336619 
0.005329900 0.418538681 1368.313066100 3.032336070 
0.005339900 0.418538681 1368.310384618 3.032335577 
0.005349900 0.418538681 1368.307668172 3.032335141 
0.005359900 0.418538681 1368.304933962 3.032334763 
0.005369900 0.418538681 1368.302198710 3.032334443 
0.005379900 0.418538681 1368.299478580 3.032334181 
0.005389900 0.418538681 1368.296789099 3.032333977 
0.005399900 0.418538681 1368.294145091 3.032333830 
0.005409900 0.418538681 1368.291560610 3.032333738 
0.005419900 0.418538681 1368.289048881 3.032333701 
0.005429900 0.418538681 1368.286622257 3.032333717 
0.005439900 0.418538681 1368.284292170 3.032333783 
0.005449900 0.418538681 1368.282069096 3.032333899 
0.005459900 0.418538681 1368.279962526 3.032334061 
0.005469900 0.418538681 1368.277980943 3.032334267 
0.005479900 0.418538681 1368.276131808 3.032334514 
0.005489900 0.418538681 1368.274421545 3.032334800 
0.005499900 0.418538681 1368.272855546 3.032335121 
0.005509900 0.418538681 1368.271438167 3.032335475 
0.005519900 0.418538681 1368.270172741 3.032335857 
0.005529900 0.418538681 1368.269061595 3.032336266 
0.005539900 0.418538681 1368.268106063 3.032336697 
0.005549900 0.418538681 1368.267306519 3.032337148 
0.005559900 0.418538681 1368.266662405 3.032337615 
0.005569900 0.418538681 1368.266172263 3.032338094 
0.005579900 0.418538681 1368.265833779 3.032338583 
0.005589900 0.418538681 1368.265643820 3.032339078 
0.005599900 0.418538681 1368.265598485 3.032339576 
0.005609900 0.418538681 1368.265693152 3.032340075 
0.005619900 0.418538681 1368.265922530 3.032340570 
0.005629900 0.418538681 1368.266280711 3.032341060 
0.005639900 0.418538681 1368.266761228 3.032341541 
0.005649900 0.418538681 1368.267357111 3.032342012 
0.005659900 0.418538681 1368.268060948 3.032342469 
0.005669900 0.418538681 1368.268864936 3.032342911 
0.005679900 0.418538681 1368.269760951 3.032343335 
0.005689900 0.418538681 1368.270740595 3.032343739 
0.005699900 0.418538681 1368.271795267 3.032344122 
0.005709900 0.418538681 1368.272916209 3.032344483 
0.005719900 0.418538681 1368.274094573 3.032344819 
0.005729900 0.418538681 1368.275321467 3.032345129 
0.005739900 0.418538681 1368.276588018 3.032345414 
0.005749900 0.418538681 1368.277885416 3.032345671 
0.005759900 0.418538681 1368.279204968 3.032345901 
0.005769900 0.418538681 1368.280538144 3.032346103 
0.005779900 0.418538681 1368.281876624 3.032346276 
0.005789900 0.418538681 1368.283212335 3.032346421 
0.005799900 0.418538681 1368.284537496 3.032346537 
0.005809900 0.418538681 1368.285844649 3.032346626 
0.005819900 0.418538681 1368.287126697 3.032346686 
0.005829900 0.418538681 1368.288376927 3.032346720 
0.005839900 0.418538681 1368.289589045 3.032346728 
0.005849900 0.418538681 1368.290757192 3.032346709 
0.005859900 0.418538681 1368.291875966 3.032346667 
0.005869900 0.418538681 1368.292940441 3.032346601 
0.005879900 0.418538681 1368.293946176 3.032346513 
0.005889900 0.418538681 1368.294889226 3.032346404 
0.005899900 0.418538681 1368.295766150 3.032346275 
0.005909900 0.418538681 1368.296574014 3.032346128 
0.005919900 0.418538681 1368.297310388 3.032345964 
0.005929900 0.418538681 1368.297973348 3.032345785 
0.005939900 0.418538681 1368.298561467 3.032345592 
0.005949900 0.418538681 1368.299073807 3.032345388 
0.005959900 0.418538681 1368.299509909 3.032345173 
0.005969900 0.418538681 1368.299869779 3.032344949 
0.005979900 0.418538681 1368.300153873 3.032344718 
0.005989900 0.418538681 1368.300363077 3.032344482 
0.005999900 0.418538681 1368.300498689 3.032344241 
0.006009900 0.418538681 1368.300562398 3.032343998 
0.006019900 0.418538681 1368.300556258 3.032343754 
0.006029900 0.418538681 1368.300482668 3.032343511 
0.006039900 0.418538681 1368.300344341 3.032343270 
0.006049900 0.418538681 1368.300144282 3.032343032 
0.006059900 0.418538681 1368.299885757 3.032342798 
0.006069900 0.418538681 1368.299572267 3.032342571 
0.006079900 0.418538681 1368.299207518 3.032342350 
0.006089900 0.418538681 1368.298795394 3.032342137 
0.006099900 0.418538681 1368.298339928 3.032341934 
0.006109900 0.418538681 1368.297845268 3.032341740 
0.006119900 0.418538681 1368.297315658 3.032341557 
0.006129900 0.418538681 1368.296755401 3.032341386 
0.006139900 0.418538681 1368.296168837 3.032341226 
0.006149900 0.418538681 1368.295560314 3.032341080 
0.006159900 0.418538681 1368.294934162 3.032340946 
0.006169900 0.418538681 1368.294294670 3.032340825 
0.006179900 0.418538681 1368.293646059 3.032340719 
0.006189900 0.418538681 1368.292992461 3.032340626 
0.006199900 0.418538681 1368.292337900 3.032340547 
0.006209900 0.418538681 1368.291686267 3.032340482 
0.006219900 0.418538681 1368.291041306 3.032340430 
0.006229900 0.418538681 1368.290406593 3.032340393 
0.006239900 0.418538681 1368.289785526 3.032340368 
0.006249900 0.418538681 1368.289181306 3.032340357 
0.006259900 0.418538681 1368.288596924 3.032340359 
0.006269900 0.418538681 1368.288035156 3.032340372 
0.006279900 0.418538681 1368.287498551 3.032340398 
0.006289900 0.418538681 1368.286989422 3.032340435 
0.006299900 0.418538681 1368.286509841 3.032340482 
0.006309900 0.418538681 1368.286061638 3.032340540 
0.006319900 0.418538681 1368.285646395 3.032340606 
0.006329900 0.418538681 1368.285265445 3.032340682 
0.006339900 0.418538681 1368.284919877 3.032340765 
0.006349900 0.418538681 1368.284610531 3.032340855 
0.006359900 0.418538681 1368.284338006 3.032340952 
0.006369900 0.418538681 1368.284102666 3.032341054 
0.006379900 0.418538681 1368.283904640 3.032341161 
0.006389900 0.418538681 1368.283743835 3.032341272 
0.006399900 0.418538681 1368.283619940 3.032341386 
0.006409900 0.418538681 1368.283532438 3.032341503 
0.006419900 0.418538681 1368.283480615 3.032341621 
0.006429900 0.418538681 1368.283463570 3.032341740 
0.006439900 0.418538681 1368.283480228 3.032341859 
0.006449900 0.418538681 1368.283529351 3.032341978 
0.006459900 0.418538681 1368.283609552 3.032342096 
0.006469900 0.418538681 1368.283719307 3.032342211 
0.006479900 0.418538681 1368.283856970 3.032342324 
0.006489900 0.418538681 1368.284020786 3.032342434 
0.006499900 0.418538681 1368.284208905 3.032342541 
0.006509900 0.418538681 1368.284419395 3.032342643 
0.006519900 0.418538681 1368.284650260 3.032342740 
0.006529900 0.418538681 1368.284899449 3.032342833 
0.006539900 0.418538681 1368.285164874 3.032342920 
0.006549900 0.418538681 1368.285444420 3.032343002 
0.006559900 0.418538681 1368.285735961 3.032343077 
0.006569900 0.418538681 1368.286037374 3.032343146 
0.006579900 0.418538681 1368.286346547 3.032343209 
0.006589900 0.418538681 1368.286661394 3.032343265 
0.006599900 0.418538681 1368.286979868 3.032343315 
0.006609900 0.418538681 1368.287299968 3.032343357 
0.006619900 0.418538681 1368.287619752 3.032343393 
0.006629900 0.418538681 1368.287937344 3.032343422 
0.006639900 0.418538681 1368.288250947 3.032343445 
0.006649900 0.418538681 1368.288558846 3.032343461 
0.006659900 0.418538681 1368.288859417 3.032343470 
0.006669900 0.418538681 1368.289151138 3.032343473 
0.006679900 0.418538681 1368.289432586 3.032343469 
0.006689900 0.418538681 1368.289702450 3.032343460 
0.006699900 0.418538681 1368.289959530 3.032343446 
0.006709900 0.418538681 1368.290202742 3.032343425 
0.006719900 0.418538681 1368.290431121 3.032343400 
0.006729900 0.418538681 1368.290643823 3.032343370 
0.006739900 0.418538681 1368.290840122 3.032343336 
0.006749900 0.418538681 1368.291019416 3.032343297 
0.006759900 0.418538681 1368.291181223 3.032343255 
0.006769900 0.418538681 1368.291325179 3.032343210 
0.006779900 0.418538681 1368.291451040 3.032343161 
0.006789900 0.418538681 1368.291558675 3.032343110 
0.006799900 0.418538681 1368.291648066 3.032343057 
0.006809900 0.418538681 1368.291719302 3.032343002 
0.006819900 0.418538681 1368.291772577 3.032342946 
0.006829900 0.418538681 1368.291808184 3.032342888 
0.006839900 0.418538681 1368.291826510 3.032342830 
0.006849900 0.418538681 1368.291828032 3.032342772 
0.006859900 0.418538681 1368.291813309 3.032342714 
0.006869900 0.418538681 1368.291782976 3.032342656 
0.006879900 0.418538681 1368.291737741 3.032342599 
0.006889900 0.418538681 1368.291678374 3.032342543 
0.006899900 0.418538681 1368.291605702 3.032342488 
0.006909900 0.418538681 1368.291520604 3.032342435 
0.006919900 0.418538681 1368.291424002 3.032342384 
0.006929900 0.418538681 1368.291316855 3.032342334 
0.006939900 0.418538681 1368.291200150 3.032342288 
0.006949900 0.418538681 1368.291074898 3.032342243 
0.006959900 0.418538681 1368.290942129 3.032342202 
0.006969900 0.418538681 1368.290802877 3.032342163 
0.006979900 0.418538681 1368.290658184 3.032342128 
0.006989900 0.418538681 1368.290509087 3.032342095 
0.006999900 0.418538681 1368.290356613 3.032342066 
0.007009900 0.418538681 1368.290201777 3.032342040 
0.007019900 0.418538681 1368.290045570 3.032342017 
0.007029900 0.418538681 1368.289888961 3.032341997 
0.007039900 0.418538681 1368.289732885 3.032341981 
0.007049900 0.418538681 1368.289578246 3.032341968 
0.007059900 0.418538681 1368.289425907 3.032341959 
0.007069900 0.418538681 1368.289276688 3.032341952 
0.007079900 0.418538681 1368.289131363 3.032341949 
0.007089900 0.418538681 1368.288990659 3.032341949 
0.007099900 0.418538681 1368.288855247 3.032341951 
0.007109900 0.418538681 1368.288725749 3.032341957 
0.007119900 0.418538681 1368.288602727 3.032341965 
0.007129900 0.418538681 1368.288486687 3.032341976 
0.007139900 0.418538681 1368.288378079 3.032341990 
0.007149900 0.418538681 1368.288277291 3.032342005 
0.007159900 0.418538681 1368.288184653 3.032342023 
0.007169900 0.418538681 1368.288100436 3.032342042 
0.007179900 0.418538681 1368.288024852 3.032342064 
0.007189900 0.418538681 1368.287958054 3.032342087 
0.007199900 0.418538681 1368.287900140 3.032342111 
0.007209900 0.418538681 1368.287851150 3.032342136 
0.007219900 0.418538681 1368.287811071 3.032342163 
0.007229900 0.418538681 1368.287779840 3.032342190 
0.007239900 0.418538681 1368.287757340 3.032342218 
0.007249900 0.418538681 1368.287743409 3.032342246 
0.007259900 0.418538681 1368.287737841 3.032342274 
0.007269900 0.418538681 1368.287740384 3.032342303 
0.007279900 0.418538681 1368.287750749 3.032342331 
0.007289900 0.418538681 1368.287768612 3.032342359 
0.007299900 0.418538681 1368.287793613 3.032342387 
0.007309900 0.418538681 1368.287825363 3.032342414 
0.007319900 0.418538681 1368.287863447 3.032342441 
0.007329900 0.418538681 1368.287907427 3.032342466 
0.007339900 0.418538681 1368.287956844 3.032342491 
0.007349900 0.418538681 1368.288011222 3.032342515 
0.007359900 0.418538681 1368.288070073 3.032342537 
0.007369900 0.418538681 1368.288132899 3.032342558 
0.007379900 0.418538681 1368.288199196 3.032342578 
0.007389900 0.418538681 1368.288268454 3.032342596 
0.007399900 0.418538681 1368.288340166 3.032342613 
0.007409900 0.418538681 1368.288413825 3.032342628 
0.007419900 0.418538681 1368.288488932 3.032342642 
0.007429900 0.418538681 1368.288564995 3.032342654 
0.007439900 0.418538681 1368.288641532 3.032342665 
0.007449900 0.418538681 1368.288718077 3.032342674 
0.007459900 0.418538681 1368.288794177 3.032342681 
0.007469900 0.418538681 1368.288869400 3.032342686 
0.007479900 0.418538681 1368.288943331 3.032342690 
0.007489900 0.418538681 1368.289015579 3.032342693 
0.007499900 0.418538681 1368.289085773 3.032342694 
0.007509900 0.418538681 1368.289153570 3.032342693 
0.007519900 0.418538681 1368.289218650 3.032342691 
0.007529900 0.418538681 1368.289280723 3.032342688 
0.007539900 0.418538681 1368.289339523 3.032342684 
0.007549900 0.418538681 1368.289394815 3.032342678 
0.007559900 0.418538681 1368.289446390 3.032342671 
0.007569900 0.418538681 1368.289494072 3.032342663 
0.007579900 0.418538681 1368.289537709 3.032342654 
0.007589900 0.418538681 1368.289577182 3.032342644 
0.007599900 0.418538681 1368.289612399 3.032342633 
0.007609900 0.418538681 1368.289643295 3.032342622 
0.007619900 0.418538681 1368.289669835 3.032342609 
0.007629900 0.418538681 1368.289692010 3.032342597 
0.007639900 0.418538681 1368.289709836 3.032342584 
0.007649900 0.418538681 1368.289723355 3.032342570 
0.007659900 0.418538681 1368.289732633 3.032342557 
0.007669900 0.418538681 1368.289737759 3.032342543 
0.007679900 0.418538681 1368.289738843 3.032342529 
0.007689900 0.418538681 1368.289736015 3.032342515 
0.007699900 0.418538681 1368.289729425 3.032342501 
0.007709900 0.418538681 1368.289719237 3.032342487 
0.007719900 0.418538681 1368.289705634 3.032342474 
0.007729900 0.418538681 1368.289688812 3.032342461 
0.007739900 0.418538681 1368.289668979 3.032342448 
0.007749900 0.418538681 1368.289646352 3.032342436 
0.007759900 0.418538681 1368.289621161 3.032342424 
0.007769900 0.418538681 1368.289593640 3.032342412 
0.007779900 0.418538681 1368.289564031 3.032342402 
0.007789900 0.418538681 1368.289532578 3.032342392 
0.007799900 0.418538681 1368.289499530 3.032342382 
0.007809900 0.418538681 1368.289465135 3.032342374 
0.007819900 0.418538681 1368.289429641 3.032342366 
0.007829900 0.418538681 1368.289393296 3.032342359 
0.007839900 0.418538681 1368.289356341 3.032342352 
0.007849900 0.418538681 1368.289319016 3.032342347 
0.007859900 0.418538681 1368.289281553 3.032342342 
0.007869900 0.418538681 1368.289244178 3.032342338 
0.007879900 0.418538681 1368.289207108 3.032342335 
0.007889900 0.418538681 1368.289170551 3.032342332 
0.007899900 0.418538681 1368.289134706 3.032342330 
0.007909900 0.418538681 1368.289099760 3.032342330 
0.007919900 0.418538681 1368.289065889 3.032342329 
0.007929900 0.418538681 1368.289033255 3.032342330 
0.007939900 0.418538681 1368.289002010 3.032342331 
0.007949900 0.418538681 1368.288972291 3.032342333 
0.007959900 0.418538681 1368.288944221 3.032342335 
0.007969900 0.418538681 1368.288917910 3.032342339 
0.007979900 0.418538681 1368.288893455 3.032342342 
0.007989900 0.418538681 1368.288870935 3.032342346 
0.007999900 0.418538681 1368.288850420 3.032342351 
0.008009900 0.418538681 1368.288831961 3.032342356 
0.008019900 0.418538681 1368.288815599 3.032342361 
0.008029900 0.418538681 1368.288801358 3.032342367 
0.008039900 0.418538681 1368.288789251 3.032342373 
0.008049900 0.418538681 1368.288779278 3.032342379 
0.008059900 0.418538681 1368.288771425 3.032342386 
0.008069900 0.418538681 1368.288765666 3.032342392 
0.008079900 0.418538681 1368.288761965 3.032342399 
0.008089900 0.418538681 1368.288760274 3.032342406 
0.008099900 0.418538681 1368.288760535 3.032342413 
0.008109900 0.418538681 1368.288762681 3.032342420 
0.008119900 0.418538681 1368.288766635 3.032342426 
0.008129900 0.418538681 1368.288772312 3.032342433 
0.008139900 0.418538681 1368.288779622 3.032342440 
0.008149900 0.418538681 1368.288788465 3.032342446 
0.008159900 0.418538681 1368.288798738 3.032342452 
0.008169900 0.418538681 1368.288810331 3.032342458 
0.008179900 0.418538681 1368.288823133 3.032342464 
0.008189900 0.418538681 1368.288837025 3.032342469 
0.008199900 0.418538681 1368.288851891 3.032342474 
0.008209900 0.418538681 1368.288867608 3.032342479 
0.008219900 0.418538681 1368.288884057 3.032342483 
0.008229900 0.418538681 1368.288901114 3.032342488 
0.008239900 0.418538681 1368.288918659 3.032342491 
0.008249900 0.418538681 1368.288936571 3.032342495 
0.008259900 0.418538681 1368.288954734 3.032342498 
0.008269900 0.418538681 1368.288973031 3.032342500 
0.008279900 0.418538681 1368.288991349 3.032342502 
0.008289900 0.418538681 1368.289009581 3.032342504 
0.008299900 0.418538681 1368.289027621 3.032342506 
0.008309900 0.418538681 1368.289045369 3.032342507 
0.008319900 0.418538681 1368.289062732 3.032342507 
0.008329900 0.418538681 1368.289079619 3.032342508 
0.008339900 0.418538681 1368.289095947 3.032342508 
0.008349900 0.418538681 1368.289111638 3.032342507 
0.008359900 0.418538681 1368.289126622 3.032342506 
0.008369900 0.418538681 1368.289140835 3.032342505 
0.008379900 0.418538681 1368.289154218 3.032342504 
0.008389900 0.418538681 1368.289166720 3.032342502 
0.008399900 0.418538681 1368.289178298 3.032342501 
0.008409900 0.418538681 1368.289188915 3.032342498 
0.008419900 0.418538681 1368.289198540 3.032342496 
0.008429900 0.418538681 1368.289207150 3.032342494 
0.008439900 0.418538681 1368.289214729 3.032342491 
0.008449900 0.418538681 1368.289221268 3.032342488 
0.008459900 0.418538681 1368.289226761 3.032342485 
0.008469900 0.418538681 1368.289231214 3.032342482 
0.008479900 0.418538681 1368.289234634 3.032342479 
0.008489900 0.418538681 1368.289237036 3.032342475 
0.008499900 0.418538681 1368.289238440 3.032342472 
0.008509900 0.418538681 1368.289238873 3.032342469 
0.008519900 0.418538681 1368.289238364 3.032342465 
0.008529900 0.418538681 1368.289236948 3.032342462 
0.008539900 0.418538681 1368.289234664 3.032342459 
0.008549900 0.418538681 1368.289231554 3.032342456 
0.008559900 0.418538681 1368.289227666 3.032342452 
0.008569900 0.418538681 1368.289223049 3.032342449 
0.008579900 0.418538681 1368.289217753 3.032342446 
0.008589900 0.418538681 1368.289211834 3.032342444 
0.008599900 0.418538681 1368.289205348 3.032342441 
0.008609900 0.418538681 1368.289198351 3.032342438 
0.008619900 0.418538681 1368.289190903 3.032342436 
0.008629900 0.418538681 1368.289183062 3.032342434 
0.008639900 0.418538681 1368.289174888 3.032342431 
0.008649900 0.418538681 1368.289166441 3.032342429 
0.008659900 0.418538681 1368.289157779 3.032342428 
0.008669900 0.418538681 1368.289148961 3.032342426 
0.008679900 0.418538681 1368.289140044 3.032342425 
0.008689900 0.418538681 1368.289131084 3.032342424 
0.008699900 0.418538681 1368.289122136 3.032342423 
0.008709900 0.418538681 1368.289113251 3.032342422 
0.008719900 0.418538681 1368.289104480 3.032342421 
0.008729900 0.418538681 1368.289095871 3.032342421 
0.008739900 0.418538681 1368.289087470 3.032342421 
0.008749900 0.418538681 1368.289079317 3.032342420 
0.008759900 0.418538681 1368.289071454 3.032342421 
0.008769900 0.418538681 1368.289063917 3.032342421 
0.008779900 0.418538681 1368.289056739 3.032342421 
0.008789900 0.418538681 1368.289049951 3.032342422 
0.008799900 0.418538681 1368.289043579 3.032342422 
0.008809900 0.418538681 1368.289037647 3.032342423 
0.008819900 0.418538681 1368.289032175 3.032342424 
0.008829900 0.418538681 1368.289027179 3.032342425 
0.008839900 0.418538681 1368.289022673 3.032342427 
0.008849900 0.418538681 1368.289018667 3.032342428 
0.008859900 0.418538681 1368.289015169 3.032342429 
0.008869900 0.418538681 1368.289012180 3.032342431 
0.008879900 0.418538681 1368.289009702 3.032342432 
0.008889900 0.418538681 1368.289007731 3.032342434 
0.008899900 0.418538681 1368.289006263 3.032342435 
0.008909900 0.418538681 1368.289005290 3.032342437 
0.008919900 0.418538681 1368.289004799 3.032342438 
0.008929900 0.418538681 1368.289004778 3.032342440 
0.008939900 0.418538681 1368.289005210 3.032342442 
0.008949900 0.418538681 1368.289006079 3.032342443 
0.008959900 0.418538681 1368.289007364 3.032342445 
0.008969900 0.418538681 1368.289009044 3.032342447 
0.008979900 0.418538681 1368.289011094 3.032342448 
0.008989900 0.418538681 1368.289013492 3.032342450 
0.008999900 0.418538681 1368.289016210 3.032342451 
0.009009900 0.418538681 1368.289019221 3.032342452 
0.009019900 0.418538681 1368.289022500 3.032342454 
0.009029900 0.418538681 1368.289026016 3.032342455 
0.009039900 0.418538681 1368.289029741 3.032342456 
0.009049900 0.418538681 1368.289033646 3.032342457 
0.009059900 0.418538681 1368.289037702 3.032342458 
0.009069900 0.418538681 1368.289041880 3.032342459 
0.009079900 0.418538681 1368.289046151 3.032342460 
0.009089900 0.418538681 1368.289050487 3.032342461 
0.009099900 0.418538681 1368.289054860 3.032342461 
0.009109900 0.418538681 1368.289059243 3.032342462 
0.009119900 0.418538681 1368.289063610 3.032342462 
0.009129900 0.418538681 1368.289067936 3.032342463 
0.009139900 0.418538681 1368.289072196 3.032342463 
0.009149900 0.418538681 1368.289076367 3.032342463 
0.009159900 0.418538681 1368.289080429 3.032342463 
0.009169900 0.418538681 1368.289084361 3.032342463 
0.009179900 0.418538681 1368.289088143 3.032342463 
0.009189900 0.418538681 1368.289091760 3.032342463 
0.009199900 0.418538681 1368.289095194 3.032342463 
0.009209900 0.418538681 1368.289098432 3.032342462 
0.009219900 0.418538681 1368.289101462 3.032342462 
0.009229900 0.418538681 1368.289104273 3.032342461 
0.009239900 0.418538681 1368.289106855 3.032342461 
0.009249900 0.418538681 1368.289109201 3.032342460 
0.009259900 0.418538681 1368.289111305 3.032342460 
0.009269900 0.418538681 1368.289113163 3.032342459 
0.009279900 0.418538681 1368.289114772 3.032342459 
0.009289900 0.418538681 1368.289116132 3.032342458 
0.009299900 0.418538681 1368.289117242 3.032342457 
0.009309900 0.418538681 1368.289118104 3.032342456 
0.009319900 0.418538681 1368.289118723 3.032342456 
0.009329900 0.418538681 1368.289119102 3.032342455 
0.009339900 0.418538681 1368.289119247 3.032342454 
0.009349900 0.418538681 1368.289119165 3.032342453 
0.009359900 0.418538681 1368.289118865 3.032342452 
0.009369900 0.418538681 1368.289118356 3.032342452 
0.009379900 0.418538681 1368.289117647 3.032342451 
0.009389900 0.418538681 1368.289116750 3.032342450 
0.009399900 0.418538681 1368.289115676 3.032342449 
0.009409900 0.418538681 1368.289114438 3.032342449 
0.009419900 0.418538681 1368.289113048 3.032342448 
0.009429900 0.418538681 1368.289111520 3.032342447 
0.009439900 0.418538681 1368.289109867 3.032342447 
0.009449900 0.418538681 1368.289108104 3.032342446 
0.009459900 0.418538681 1368.289106245 3.032342445 
0.009469900 0.418538681 1368.289104303 3.032342445 
0.009479900 0.418538681 1368.289102293 3.032342444 
0.009489900 0.418538681 1368.289100229 3.032342444 
0.009499900 0.418538681 1368.289098125 3.032342444 
0.009509900 0.418538681 1368.289095996 3.032342443 
0.009519900 0.418538681 1368.289093853 3.032342443 
0.009529900 0.418538681 1368.289091711 3.032342443 
0.009539900 0.418538681 1368.289089582 3.032342443 
0.009549900 0.418538681 1368.289087478 3.032342442 
0.009559900 0.418538681 1368.289085411 3.032342442 
0.009569900 0.418538681 1368.289083391 3.032342442 
0.009579900 0.418538681 1368.289081430 3.032342442 
0.009589900 0.418538681 1368.289079535 3.032342442 
0.009599900 0.418538681 1368.289077718 3.032342442 
0.009609900 0.418538681 1368.289075984 3.032342442 
0.009619900 0.418538681 1368.289074343 3.032342443 
0.009629900 0.418538681 1368.289072800 3.032342443 
0.009639900 0.418538681 1368.289071362 3.032342443 
0.009649900 0.418538681 1368.289070032 3.032342443 
0.009659900 0.418538681 1368.289068816 3.032342443 
0.009669900 0.418538681 1368.289067717 3.032342444 
0.009679900 0.418538681 1368.289066737 3.032342444 
0.009689900 0.418538681 1368.289065878 3.032342444 
0.009699900 0.418538681 1368.289065141 3.032342445 
0.009709900 0.418538681 1368.289064526 3.032342445 
0.009719900 0.418538681 1368.289064033 3.032342445 
0.009729900 0.418538681 1368.289063660 3.032342446 
0.009739900 0.418538681 1368.289063406 3.032342446 
0.009749900 0.418538681 1368.289063267 3.032342446 
0.009759900 0.418538681 1368.289063242 3.032342447 
0.009769900 0.418538681 1368.289063326 3.032342447 
0.009779900 0.418538681 1368.289063516 3.032342448 
0.009789900 0.418538681 1368.289063805 3.032342448 
0.009799900 0.418538681 1368.289064190 3.032342448 
0.009809900 0.418538681 1368.289064665 3.032342449 
0.009819900 0.418538681 1368.289065224 3.032342449 
0.009829900 0.418538681 1368.289065861 3.032342449 
0.009839900 0.418538681 1368.289066569 3.032342450 
0.009849900 0.418538681 1368.289067342 3.032342450 
0.009859900 0.418538681 1368.289068173 3.032342450 
0.009869900 0.418538681 1368.289069056 3.032342451 
0.009879900 0.418538681 1368.289069983 3.032342451 
0.009889900 0.418538681 1368.289070947 3.032342451 
0.009899900 0.418538681 1368.289071942 3.032342451 
0.009909900 0.418538681 1368.289072960 3.032342452 
0.009919900 0.418538681 1368.289073995 3.032342452 
0.009929900 0.418538681 1368.289075040 3.032342452 
0.009939900 0.418538681 1368.289076088 3.032342452 
0.009949900 0.418538681 1368.289077134 3.032342452 
0.009959900 0.418538681 1368.289078171 3.032342452 
0.009969900 0.418538681 1368.289079194 3.032342452 
0.009979900 0.418538681 1368.289080196 3.032342452 
0.009989900 0.418538681 1368.289081172 3.032342452 
0.009999900 0.418538681 1368.289082119 3.032342452 
