Sim: 2
ID: 1
Description: Test run of cold flow MSSE simulation with Ma 0.1 initialisation
Variables: 4
time A mass_flux Ma
0.000009900 0.053014376 2269.620458879 0.146760560 
0.000019900 0.053014376 2355.331169959 0.152755176 
0.000029900 0.053014376 2371.361730027 0.153947775 
0.000039900 0.053014376 2374.559492328 0.154223666 
0.000049900 0.053014376 2375.156799852 0.154296964 
0.000059900 0.053014376 2375.191805488 0.154317504 
0.000069900 0.053014376 2375.108405552 0.154321910 
0.000079900 0.053014376 2375.006587690 0.154320590 
0.000089900 0.053014376 2374.891263441 0.154315900 
0.000099900 0.053014376 2374.653443498 0.154301676 
0.000109900 0.053014376 2373.823989916 0.154247197 
0.000119900 0.053014376 2371.022684997 0.154060583 
0.000129900 0.053014376 2363.221721396 0.153539704 
0.000139900 0.053014376 2345.296337294 0.152342476 
0.000149900 0.053014376 2310.455413347 0.150016748 
0.000159900 0.053014376 2251.774143371 0.146104941 
0.000169900 0.053014376 2164.410683207 0.140294419 
0.000179900 0.053014376 2047.637909153 0.132552696 
0.000189900 0.053014376 1905.820418570 0.123187314 
0.000199900 0.053014376 1747.884899932 0.112802084 
0.000209900 0.053014376 1585.466611457 0.102167334 
0.000219900 0.053014376 1430.454275701 0.092056659 
0.000229900 0.053014376 1292.795967254 0.083107134 
0.000239900 0.053014376 1179.121608127 0.075735829 
0.000249900 0.053014376 1092.271093522 0.070114577 
0.000259900 0.053014376 1031.528210432 0.066188165 
0.000269900 0.053014376 993.323838963 0.063720597 
0.000279900 0.053014376 972.233728530 0.062358977 
0.000289900 0.053014376 962.119085757 0.061706076 
0.000299900 0.053014376 957.236905278 0.061391032 
0.000309900 0.053014376 953.140512371 0.061126880 
0.000319900 0.053014376 947.234595894 0.060746133 
0.000329900 0.053014376 938.935702717 0.060211105 
0.000339900 0.053014376 929.485981475 0.059601860 
0.000349900 0.053014376 921.534901686 0.059089172 
0.000359900 0.053014376 918.614752272 0.058900674 
0.000369900 0.053014376 924.599005127 0.059286016 
0.000379900 0.053014376 943.186593099 0.060483865 
0.000389900 0.053014376 977.437095446 0.062692305 
0.000399900 0.053014376 1029.396142215 0.066045082 
0.000409900 0.053014376 1099.867585060 0.070597189 
0.000419900 0.053014376 1188.376557503 0.076322554 
0.000429900 0.053014376 1293.321779597 0.083123635 
0.000439900 0.053014376 1412.263694888 0.090849535 
0.000449900 0.053014376 1542.268408830 0.099317540 
0.000459900 0.053014376 1680.234791016 0.108333534 
0.000469900 0.053014376 1823.159415780 0.117708494 
0.000479900 0.053014376 1968.322098619 0.127270045 
0.000489900 0.053014376 2113.393699432 0.136869235 
0.000499900 0.053014376 2256.477614968 0.146383263 
0.000509900 0.053014376 2396.100574711 0.155715098 
0.000519900 0.053014376 2531.169548948 0.164790998 
0.000529900 0.053014376 2660.910662648 0.173556893 
0.000539900 0.053014376 2784.803356594 0.181974419 
0.000549900 0.053014376 2902.519274676 0.190017207 
0.000559900 0.053014376 3013.871351953 0.197667782 
0.000569900 0.053014376 3118.775086871 0.204915206 
0.000579900 0.053014376 3217.221426363 0.211753454 
0.000589900 0.053014376 3309.259155863 0.218180386 
0.000599900 0.053014376 3394.984026118 0.224197160 
0.000609900 0.053014376 3474.531832383 0.229807884 
0.000619900 0.053014376 3548.073055108 0.235019351 
0.000629900 0.053014376 3615.807280782 0.239840748 
0.000639900 0.053014376 3677.956303237 0.244283227 
0.000649900 0.053014376 3734.755458879 0.248359338 
0.000659900 0.053014376 3786.443308846 0.252082312 
0.000669900 0.053014376 3833.250208633 0.255465231 
0.000679900 0.053014376 3875.386584872 0.258520162 
0.000689900 0.053014376 3913.031870400 0.261257322 
0.000699900 0.053014376 3946.325046598 0.263684342 
0.000709900 0.053014376 3975.357629632 0.265805709 
0.000719900 0.053014376 4000.169743585 0.267622442 
0.000729900 0.053014376 4020.749679504 0.269132024 
0.000739900 0.053014376 4037.037075117 0.270328619 
0.000749900 0.053014376 4048.929591903 0.271203563 
0.000759900 0.053014376 4056.292735367 0.271746100 
0.000769900 0.053014376 4058.972275008 0.271944327 
0.000779900 0.053014376 4056.808579409 0.271786292 
0.000789900 0.053014376 4049.652089148 0.271261171 
0.000799900 0.053014376 4037.379101150 0.270360472 
0.000809900 0.053014376 4019.907025755 0.269079171 
0.000819900 0.053014376 3997.208296249 0.267416730 
0.000829900 0.053014376 3969.322157527 0.265377925 
0.000839900 0.053014376 3936.363637878 0.262973424 
0.000849900 0.053014376 3898.529121133 0.260220080 
0.000859900 0.053014376 3856.098092177 0.257140918 
0.000869900 0.053014376 3809.430830143 0.253764792 
0.000879900 0.053014376 3758.962066810 0.250125759 
0.000889900 0.053014376 3705.190898817 0.246262173 
0.000899900 0.053014376 3648.667517320 0.242215584 
0.000909900 0.053014376 3589.977566174 0.238029505 
0.000919900 0.053014376 3529.725126513 0.233748115 
0.000929900 0.053014376 3468.515423652 0.229415007 
0.000939900 0.053014376 3406.938345627 0.225072030 
0.000949900 0.053014376 3345.553751093 0.220758305 
0.000959900 0.053014376 3284.879343627 0.216509454 
0.000969900 0.053014376 3225.381628591 0.212357066 
0.000979900 0.053014376 3167.470182721 0.208328405 
0.000989900 0.053014376 3111.495190890 0.204446346 
0.000999900 0.053014376 3057.747967964 0.200729514 
0.001009900 0.053014376 3006.464005628 0.197192582 
0.001019900 0.053014376 2957.827972631 0.193846690 
0.001029900 0.053014376 2911.980050257 0.190699939 
0.001039900 0.053014376 2869.022993879 0.187757919 
0.001049900 0.053014376 2829.029362982 0.185024236 
0.001059900 0.053014376 2792.048441896 0.182501003 
0.001069900 0.053014376 2758.112469034 0.180189277 
0.001079900 0.053014376 2727.241893444 0.178089420 
0.001089900 0.053014376 2699.449476709 0.176201382 
0.001099900 0.053014376 2674.743151108 0.174524889 
0.001109900 0.053014376 2653.127628844 0.173059551 
0.001119900 0.053014376 2634.604830974 0.171804890 
0.001129900 0.053014376 2619.173268026 0.170760290 
0.001139900 0.053014376 2606.826556513 0.169924897 
0.001149900 0.053014376 2597.551295675 0.169297473 
0.001159900 0.053014376 2591.324554864 0.168876221 
0.001169900 0.053014376 2588.111232026 0.168658609 
0.001179900 0.053014376 2587.861536277 0.168641190 
0.001189900 0.053014376 2590.508822548 0.168819458 
0.001199900 0.053014376 2595.967965513 0.169187731 
0.001209900 0.053014376 2604.134407393 0.169739074 
0.001219900 0.053014376 2614.883954922 0.170465285 
0.001229900 0.053014376 2628.073340657 0.171356915 
0.001239900 0.053014376 2643.541508379 0.172403347 
0.001249900 0.053014376 2661.111536030 0.173592910 
0.001259900 0.053014376 2680.593075450 0.174913035 
0.001269900 0.053014376 2701.785167143 0.176350425 
0.001279900 0.053014376 2724.479280332 0.177891256 
0.001289900 0.053014376 2748.462431926 0.179521370 
0.001299900 0.053014376 2773.520250560 0.181226475 
0.001309900 0.053014376 2799.439870922 0.182992335 
0.001319900 0.053014376 2826.012566536 0.184804939 
0.001329900 0.053014376 2853.036053678 0.186650654 
0.001339900 0.053014376 2880.316423337 0.188516358 
0.001349900 0.053014376 2907.669680604 0.190389541 
0.001359900 0.053014376 2934.922890666 0.192258387 
0.001369900 0.053014376 2961.914947222 0.194111829 
0.001379900 0.053014376 2988.496992354 0.195939582 
0.001389900 0.053014376 3014.532526772 0.197732159 
0.001399900 0.053014376 3039.897256135 0.199480863 
0.001409900 0.053014376 3064.478723067 0.201177772 
0.001419900 0.053014376 3088.175775984 0.202815708 
0.001429900 0.053014376 3110.897925150 0.204388198 
0.001439900 0.053014376 3132.564633961 0.205889436 
0.001449900 0.053014376 3153.104589506 0.207314236 
0.001459900 0.053014376 3172.454991366 0.208657990 
0.001469900 0.053014376 3190.560891595 0.209916629 
0.001479900 0.053014376 3207.374612151 0.211086589 
0.001489900 0.053014376 3222.855259023 0.212164778 
0.001499900 0.053014376 3236.968345100 0.213148560 
0.001509900 0.053014376 3249.685526741 0.214035737 
0.001519900 0.053014376 3260.984452303 0.214824544 
0.001529900 0.053014376 3270.848714699 0.215513648 
0.001539900 0.053014376 3279.267894673 0.216102154 
0.001549900 0.053014376 3286.237677041 0.216589615 
0.001559900 0.053014376 3291.760018738 0.216976048 
0.001569900 0.053014376 3295.843345275 0.217261946 
0.001579900 0.053014376 3298.502751180 0.217448292 
0.001589900 0.053014376 3299.760180129 0.217536574 
0.001599900 0.053014376 3299.644561730 0.217528795 
0.001609900 0.053014376 3298.191884257 0.217427471 
0.001619900 0.053014376 3295.445185836 0.217235634 
0.001629900 0.053014376 3291.454450520 0.216956819 
0.001639900 0.053014376 3286.276400211 0.216595051 
0.001649900 0.053014376 3279.974178158 0.216154812 
0.001659900 0.053014376 3272.616924665 0.215641015 
0.001669900 0.053014376 3264.279250415 0.215058959 
0.001679900 0.053014376 3255.040617131 0.214414283 
0.001689900 0.053014376 3244.984639130 0.213712915 
0.001699900 0.053014376 3234.198322327 0.212961013 
0.001709900 0.053014376 3222.771259362 0.212164906 
0.001719900 0.053014376 3210.794800736 0.211331036 
0.001729900 0.053014376 3198.361221944 0.210465894 
0.001739900 0.053014376 3185.562905845 0.209575965 
0.001749900 0.053014376 3172.491557841 0.208667669 
0.001759900 0.053014376 3159.237469037 0.207747310 
0.001769900 0.053014376 3145.888839660 0.206821032 
0.001779900 0.053014376 3132.531171719 0.205894771 
0.001789900 0.053014376 3119.246736515 0.204974224 
0.001799900 0.053014376 3106.114119280 0.204064818 
0.001809900 0.053014376 3093.207840164 0.203171683 
0.001819900 0.053014376 3080.598048162 0.202299633 
0.001829900 0.053014376 3068.350282431 0.201453153 
0.001839900 0.053014376 3056.525293931 0.200636388 
0.001849900 0.053014376 3045.178919424 0.199853136 
0.001859900 0.053014376 3034.361999536 0.199106842 
0.001869900 0.053014376 3024.120332845 0.198400604 
0.001879900 0.053014376 3014.494658618 0.197737163 
0.001889900 0.053014376 3005.520661915 0.197118914 
0.001899900 0.053014376 2997.228996012 0.196547907 
0.001909900 0.053014376 2989.645318563 0.196025847 
0.001919900 0.053014376 2982.790339298 0.195554104 
0.001929900 0.053014376 2976.679878421 0.195133714 
0.001939900 0.053014376 2971.324936008 0.194765386 
0.001949900 0.053014376 2966.731773645 0.194449511 
0.001959900 0.053014376 2962.902010198 0.194186163 
0.001969900 0.053014376 2959.832733940 0.193975115 
0.001979900 0.053014376 2957.516633360 0.193815840 
0.001989900 0.053014376 2955.942148740 0.193707527 
0.001999900 0.053014376 2955.093646181 0.193649092 
0.002009900 0.053014376 2954.951615114 0.193639188 
0.002019900 0.053014376 2955.492889603 0.193676225 
0.002029900 0.053014376 2956.690892932 0.193758380 
0.002039900 0.053014376 2958.515904113 0.193883621 
0.002049900 0.053014376 2960.935344208 0.194049721 
0.002059900 0.053014376 2963.914079611 0.194254281 
0.002069900 0.053014376 2967.414738894 0.194494751 
0.002079900 0.053014376 2971.398039365 0.194768449 
0.002089900 0.053014376 2975.823119234 0.195072586 
0.002099900 0.053014376 2980.647871164 0.195404286 
0.002109900 0.053014376 2985.829273065 0.195760610 
0.002119900 0.053014376 2991.323712169 0.196138577 
0.002129900 0.053014376 2997.087298783 0.196535183 
0.002139900 0.053014376 3003.076166540 0.196947425 
0.002149900 0.053014376 3009.246756455 0.197372317 
0.002159900 0.053014376 3015.556082700 0.197806909 
0.002169900 0.053014376 3021.961978521 0.198248305 
0.002179900 0.053014376 3028.423321323 0.198693676 
0.002189900 0.053014376 3034.900236464 0.199140277 
0.002199900 0.053014376 3041.354279775 0.199585457 
0.002209900 0.053014376 3047.748599244 0.200026670 
0.002219900 0.053014376 3054.048076632 0.200461489 
0.002229900 0.053014376 3060.219450054 0.200887611 
0.002239900 0.053014376 3066.231418732 0.201302865 
0.002249900 0.053014376 3072.054731219 0.201705219 
0.002259900 0.053014376 3077.662258428 0.202092786 
0.002269900 0.053014376 3083.029052753 0.202463828 
0.002279900 0.053014376 3088.132394478 0.202816760 
0.002289900 0.053014376 3092.951826546 0.203150153 
0.002299900 0.053014376 3097.469178582 0.203462733 
0.002309900 0.053014376 3101.668580904 0.203753386 
0.002319900 0.053014376 3105.536469067 0.204021161 
0.002329900 0.053014376 3109.061579314 0.204265261 
0.002339900 0.053014376 3112.234935149 0.204485051 
0.002349900 0.053014376 3115.049825125 0.204680056 
0.002359900 0.053014376 3117.501771834 0.204849951 
0.002369900 0.053014376 3119.588492016 0.204994570 
0.002379900 0.053014376 3121.309847691 0.205113893 
0.002389900 0.053014376 3122.667788205 0.205208049 
0.002399900 0.053014376 3123.666283139 0.205277306 
0.002409900 0.053014376 3124.311246106 0.205322070 
0.002419900 0.053014376 3124.610449521 0.205342877 
0.002429900 0.053014376 3124.573430613 0.205340385 
0.002439900 0.053014376 3124.211389012 0.205315371 
0.002449900 0.053014376 3123.537076420 0.205268718 
0.002459900 0.053014376 3122.564679011 0.205201413 
0.002469900 0.053014376 3121.309693311 0.205114530 
0.002479900 0.053014376 3119.788796458 0.205009230 
0.002489900 0.053014376 3118.019711813 0.204886743 
0.002499900 0.053014376 3116.021070999 0.204748366 
0.002509900 0.053014376 3113.812273476 0.204595445 
0.002519900 0.053014376 3111.413344806 0.204429373 
0.002529900 0.053014376 3108.844794767 0.204251575 
0.002539900 0.053014376 3106.127476443 0.204063498 
0.002549900 0.053014376 3103.282447383 0.203866605 
0.002559900 0.053014376 3100.330833865 0.203662361 
0.002569900 0.053014376 3097.293699206 0.203452227 
0.002579900 0.053014376 3094.191916995 0.203237650 
0.002589900 0.053014376 3091.046049990 0.203020054 
0.002599900 0.053014376 3087.876235352 0.202800834 
0.002609900 0.053014376 3084.702076759 0.202581345 
0.002619900 0.053014376 3081.542543850 0.202362900 
0.002629900 0.053014376 3078.415879358 0.202146759 
0.002639900 0.053014376 3075.339514176 0.201934126 
0.002649900 0.053014376 3072.329990549 0.201726141 
0.002659900 0.053014376 3069.402893499 0.201523881 
0.002669900 0.053014376 3066.572790513 0.201328348 
0.002679900 0.053014376 3063.853179500 0.201140473 
0.002689900 0.053014376 3061.256444964 0.200961107 
0.002699900 0.053014376 3058.793822286 0.200791024 
0.002709900 0.053014376 3056.475370014 0.200630913 
0.002719900 0.053014376 3054.309950008 0.200481385 
0.002729900 0.053014376 3052.305215255 0.200342963 
0.002739900 0.053014376 3050.467605181 0.200216088 
0.002749900 0.053014376 3048.802348238 0.200101120 
0.002759900 0.053014376 3047.313471517 0.199998332 
0.002769900 0.053014376 3046.003817148 0.199907919 
0.002779900 0.053014376 3044.875065188 0.199829994 
0.002789900 0.053014376 3043.927762691 0.199764593 
0.002799900 0.053014376 3043.161358617 0.199711675 
0.002809900 0.053014376 3042.574244228 0.199671130 
0.002819900 0.053014376 3042.163798554 0.199642775 
0.002829900 0.053014376 3041.926438534 0.199626363 
0.002839900 0.053014376 3041.857673364 0.199621582 
0.002849900 0.053014376 3041.952162601 0.199628066 
0.002859900 0.053014376 3042.203777521 0.199645392 
0.002869900 0.053014376 3042.605665246 0.199673086 
0.002879900 0.053014376 3043.150315113 0.199710633 
0.002889900 0.053014376 3043.829626787 0.199757474 
0.002899900 0.053014376 3044.634979590 0.199813014 
0.002909900 0.053014376 3045.557302555 0.199876631 
0.002919900 0.053014376 3046.587144699 0.199947671 
0.002929900 0.053014376 3047.714745050 0.200025464 
0.002939900 0.053014376 3048.930101972 0.200109320 
0.002949900 0.053014376 3050.223041362 0.200198538 
0.002959900 0.053014376 3051.583283327 0.200292410 
0.002969900 0.053014376 3053.000506963 0.200390224 
0.002979900 0.053014376 3054.464412928 0.200491270 
0.002989900 0.053014376 3055.964783495 0.200594843 
0.002999900 0.053014376 3057.491539828 0.200700249 
0.003009900 0.053014376 3059.034796268 0.200806804 
0.003019900 0.053014376 3060.584911415 0.200913843 
0.003029900 0.053014376 3062.132535864 0.201020721 
0.003039900 0.053014376 3063.668656455 0.201126815 
0.003049900 0.053014376 3065.184636938 0.201231528 
0.003059900 0.053014376 3066.672254978 0.201334291 
0.003069900 0.053014376 3068.123735441 0.201434568 
0.003079900 0.053014376 3069.531779944 0.201531854 
0.003089900 0.053014376 3070.889592647 0.201625677 
0.003099900 0.053014376 3072.190902290 0.201715603 
0.003109900 0.053014376 3073.429980524 0.201801237 
0.003119900 0.053014376 3074.601656538 0.201882220 
0.003129900 0.053014376 3075.701328066 0.201958232 
0.003139900 0.053014376 3076.724968825 0.202028994 
0.003149900 0.053014376 3077.669132470 0.202094268 
0.003159900 0.053014376 3078.530953141 0.202153854 
0.003169900 0.053014376 3079.308142735 0.202207593 
0.003179900 0.053014376 3079.998984983 0.202255366 
0.003189900 0.053014376 3080.602326486 0.202297092 
0.003199900 0.053014376 3081.117564828 0.202332729 
0.003209900 0.053014376 3081.544633925 0.202362272 
0.003219900 0.053014376 3081.883986770 0.202385751 
0.003229900 0.053014376 3082.136575730 0.202403232 
0.003239900 0.053014376 3082.303830593 0.202414814 
0.003249900 0.053014376 3082.387634537 0.202420625 
0.003259900 0.053014376 3082.390298224 0.202420827 
0.003269900 0.053014376 3082.314532220 0.202415606 
0.003279900 0.053014376 3082.163417948 0.202405175 
0.003289900 0.053014376 3081.940377394 0.202389771 
0.003299900 0.053014376 3081.649141765 0.202369652 
0.003309900 0.053014376 3081.293719333 0.202345095 
0.003319900 0.053014376 3080.878362671 0.202316394 
0.003329900 0.053014376 3080.407535499 0.202283859 
0.003339900 0.053014376 3079.885879350 0.202247809 
0.003349900 0.053014376 3079.318180266 0.202208577 
0.003359900 0.053014376 3078.709335717 0.202166501 
0.003369900 0.053014376 3078.064321945 0.202121926 
0.003379900 0.053014376 3077.388161904 0.202075198 
0.003389900 0.053014376 3076.685893992 0.202026666 
0.003399900 0.053014376 3075.962541707 0.201976677 
0.003409900 0.053014376 3075.223084413 0.201925577 
0.003419900 0.053014376 3074.472429331 0.201873703 
0.003429900 0.053014376 3073.715384897 0.201821389 
0.003439900 0.053014376 3072.956635590 0.201768959 
0.003449900 0.053014376 3072.200718344 0.201716725 
0.003459900 0.053014376 3071.452000624 0.201664989 
0.003469900 0.053014376 3070.714660247 0.201614041 
0.003479900 0.053014376 3069.992667002 0.201564154 
0.003489900 0.053014376 3069.289766125 0.201515588 
0.003499900 0.053014376 3068.609463666 0.201468583 
0.003509900 0.053014376 3067.955013767 0.201423366 
0.003519900 0.053014376 3067.329407866 0.201380142 
0.003529900 0.053014376 3066.735365820 0.201339099 
0.003539900 0.053014376 3066.175328955 0.201300406 
0.003549900 0.053014376 3065.651454990 0.201264211 
0.003559900 0.053014376 3065.165614831 0.201230644 
0.003569900 0.053014376 3064.719391174 0.201199814 
0.003579900 0.053014376 3064.314078874 0.201171810 
0.003589900 0.053014376 3063.950687009 0.201146702 
0.003599900 0.053014376 3063.629942585 0.201124540 
0.003609900 0.053014376 3063.352295787 0.201105354 
0.003619900 0.053014376 3063.117926705 0.201089158 
0.003629900 0.053014376 3062.926753443 0.201075946 
0.003639900 0.053014376 3062.778441505 0.201065693 
0.003649900 0.053014376 3062.672414376 0.201058362 
0.003659900 0.053014376 3062.607865175 0.201053895 
0.003669900 0.053014376 3062.583769288 0.201052222 
0.003679900 0.053014376 3062.598897862 0.201053258 
0.003689900 0.053014376 3062.651832048 0.201056906 
0.003699900 0.053014376 3062.740977892 0.201063055 
0.003709900 0.053014376 3062.864581749 0.201071584 
0.003719900 0.053014376 3063.020746115 0.201082363 
0.003729900 0.053014376 3063.207445772 0.201095251 
0.003739900 0.053014376 3063.422544124 0.201110100 
0.003749900 0.053014376 3063.663809635 0.201126758 
0.003759900 0.053014376 3063.928932261 0.201145065 
0.003769900 0.053014376 3064.215539769 0.201164856 
0.003779900 0.053014376 3064.521213870 0.201185964 
0.003789900 0.053014376 3064.843506056 0.201208222 
0.003799900 0.053014376 3065.179953072 0.201231458 
0.003809900 0.053014376 3065.528091936 0.201255502 
0.003819900 0.053014376 3065.885474441 0.201280186 
0.003829900 0.053014376 3066.249681066 0.201305343 
0.003839900 0.053014376 3066.618334240 0.201330807 
0.003849900 0.053014376 3066.989110901 0.201356420 
0.003859900 0.053014376 3067.359754306 0.201382024 
0.003869900 0.053014376 3067.728085037 0.201407469 
0.003879900 0.053014376 3068.092011190 0.201432611 
0.003889900 0.053014376 3068.449537689 0.201457311 
0.003899900 0.053014376 3068.798774722 0.201481440 
0.003909900 0.053014376 3069.137945273 0.201504875 
0.003919900 0.053014376 3069.465391733 0.201527500 
0.003929900 0.053014376 3069.779581592 0.201549209 
0.003939900 0.053014376 3070.079112204 0.201569907 
0.003949900 0.053014376 3070.362714633 0.201589505 
0.003959900 0.053014376 3070.629256584 0.201607924 
0.003969900 0.053014376 3070.877744439 0.201625097 
0.003979900 0.053014376 3071.107324411 0.201640963 
0.003989900 0.053014376 3071.317282843 0.201655475 
0.003999900 0.053014376 3071.507045675 0.201668591 
0.004009900 0.053014376 3071.676177113 0.201680281 
0.004019900 0.053014376 3071.824377530 0.201690526 
0.004029900 0.053014376 3071.951480647 0.201699313 
0.004039900 0.053014376 3072.057450017 0.201706640 
0.004049900 0.053014376 3072.142374875 0.201712512 
0.004059900 0.053014376 3072.206465381 0.201716945 
0.004069900 0.053014376 3072.250047318 0.201719961 
0.004079900 0.053014376 3072.273556289 0.201721590 
0.004089900 0.053014376 3072.277531455 0.201721869 
0.004099900 0.053014376 3072.262608888 0.201720842 
0.004109900 0.053014376 3072.229514558 0.201718559 
0.004119900 0.053014376 3072.179057043 0.201715076 
0.004129900 0.053014376 3072.112119985 0.201710454 
0.004139900 0.053014376 3072.029654364 0.201704760 
0.004149900 0.053014376 3071.932670624 0.201698061 
0.004159900 0.053014376 3071.822230724 0.201690433 
0.004169900 0.053014376 3071.699440145 0.201681951 
0.004179900 0.053014376 3071.565439905 0.201672695 
0.004189900 0.053014376 3071.421398640 0.201662745 
0.004199900 0.053014376 3071.268504781 0.201652182 
0.004209900 0.053014376 3071.107958876 0.201641091 
0.004219900 0.053014376 3070.940966107 0.201629554 
0.004229900 0.053014376 3070.768729016 0.201617655 
0.004239900 0.053014376 3070.592440505 0.201605476 
0.004249900 0.053014376 3070.413277117 0.201593098 
0.004259900 0.053014376 3070.232392649 0.201580601 
0.004269900 0.053014376 3070.050912101 0.201568062 
0.004279900 0.053014376 3069.869926015 0.201555558 
0.004289900 0.053014376 3069.690485194 0.201543160 
0.004299900 0.053014376 3069.513595839 0.201530938 
0.004309900 0.053014376 3069.340215117 0.201518959 
0.004319900 0.053014376 3069.171247157 0.201507285 
0.004329900 0.053014376 3069.007539511 0.201495973 
0.004339900 0.053014376 3068.849880052 0.201485080 
0.004349900 0.053014376 3068.698994340 0.201474655 
0.004359900 0.053014376 3068.555543440 0.201464743 
0.004369900 0.053014376 3068.420122202 0.201455385 
0.004379900 0.053014376 3068.293257982 0.201446619 
0.004389900 0.053014376 3068.175409808 0.201438476 
0.004399900 0.053014376 3068.066967985 0.201430982 
0.004409900 0.053014376 3067.968254110 0.201424161 
0.004419900 0.053014376 3067.879521498 0.201418029 
0.004429900 0.053014376 3067.800955998 0.201412599 
0.004439900 0.053014376 3067.732677179 0.201407880 
0.004449900 0.053014376 3067.674739866 0.201403875 
0.004459900 0.053014376 3067.627136010 0.201400585 
0.004469900 0.053014376 3067.589796866 0.201398003 
0.004479900 0.053014376 3067.562595452 0.201396122 
0.004489900 0.053014376 3067.545349273 0.201394928 
0.004499900 0.053014376 3067.537823280 0.201394406 
0.004509900 0.053014376 3067.539733038 0.201394536 
0.004519900 0.053014376 3067.550748079 0.201395295 
0.004529900 0.053014376 3067.570495410 0.201396657 
0.004539900 0.053014376 3067.598563159 0.201398595 
0.004549900 0.053014376 3067.634504322 0.201401076 
0.004559900 0.053014376 3067.677840589 0.201404068 
0.004569900 0.053014376 3067.728066231 0.201407536 
0.004579900 0.053014376 3067.784652011 0.201411444 
0.004589900 0.053014376 3067.847049099 0.201415753 
0.004599900 0.053014376 3067.914692981 0.201420425 
0.004609900 0.053014376 3067.987007310 0.201425420 
0.004619900 0.053014376 3068.063407712 0.201430697 
0.004629900 0.053014376 3068.143305502 0.201436215 
0.004639900 0.053014376 3068.226111299 0.201441935 
0.004649900 0.053014376 3068.311238527 0.201447816 
0.004659900 0.053014376 3068.398106772 0.201453817 
0.004669900 0.053014376 3068.486145001 0.201459898 
0.004679900 0.053014376 3068.574794604 0.201466023 
0.004689900 0.053014376 3068.663512269 0.201472152 
0.004699900 0.053014376 3068.751772662 0.201478249 
0.004709900 0.053014376 3068.839070919 0.201484281 
0.004719900 0.053014376 3068.924924924 0.201490212 
0.004729900 0.053014376 3069.008877378 0.201496013 
0.004739900 0.053014376 3069.090497660 0.201501652 
0.004749900 0.053014376 3069.169383455 0.201507102 
0.004759900 0.053014376 3069.245162173 0.201512339 
0.004769900 0.053014376 3069.317492131 0.201517336 
0.004779900 0.053014376 3069.386063529 0.201522075 
0.004789900 0.053014376 3069.450599191 0.201526534 
0.004799900 0.053014376 3069.510855099 0.201530698 
0.004809900 0.053014376 3069.566620708 0.201534552 
0.004819900 0.053014376 3069.617719056 0.201538083 
0.004829900 0.053014376 3069.664006671 0.201541282 
0.004839900 0.053014376 3069.705373284 0.201544141 
0.004849900 0.053014376 3069.741741362 0.201546655 
0.004859900 0.053014376 3069.773065451 0.201548820 
0.004869900 0.053014376 3069.799331366 0.201550636 
0.004879900 0.053014376 3069.820555218 0.201552103 
0.004889900 0.053014376 3069.836782294 0.201553225 
0.004899900 0.053014376 3069.848085805 0.201554007 
0.004909900 0.053014376 3069.854565513 0.201554456 
0.004919900 0.053014376 3069.856346245 0.201554580 
0.004929900 0.053014376 3069.853576313 0.201554390 
0.004939900 0.053014376 3069.846425845 0.201553897 
0.004949900 0.053014376 3069.835085046 0.201553114 
0.004959900 0.053014376 3069.819762398 0.201552056 
0.004969900 0.053014376 3069.800682817 0.201550739 
0.004979900 0.053014376 3069.778085770 0.201549178 
0.004989900 0.053014376 3069.752223371 0.201547392 
0.004999900 0.053014376 3069.723358470 0.201545399 
0.005009900 0.053014376 3069.691762740 0.201543216 
0.005019900 0.053014376 3069.657714774 0.201540865 
0.005029900 0.053014376 3069.621498215 0.201538363 
0.005039900 0.053014376 3069.583399908 0.201535731 
0.005049900 0.053014376 3069.543708102 0.201532989 
0.005059900 0.053014376 3069.502710702 0.201530157 
0.005069900 0.053014376 3069.460693585 0.201527254 
0.005079900 0.053014376 3069.417938979 0.201524301 
0.005089900 0.053014376 3069.374723925 0.201521315 
0.005099900 0.053014376 3069.331318817 0.201518316 
0.005109900 0.053014376 3069.287986030 0.201515323 
0.005119900 0.053014376 3069.244978650 0.201512351 
0.005129900 0.053014376 3069.202539284 0.201509419 
0.005139900 0.053014376 3069.160898995 0.201506542 
0.005149900 0.053014376 3069.120276319 0.201503736 
0.005159900 0.053014376 3069.080876408 0.201501013 
0.005169900 0.053014376 3069.042890266 0.201498389 
0.005179900 0.053014376 3069.006494101 0.201495874 
0.005189900 0.053014376 3068.971848792 0.201493480 
0.005199900 0.053014376 3068.939099449 0.201491217 
0.005209900 0.053014376 3068.908375097 0.201489094 
0.005219900 0.053014376 3068.879788457 0.201487119 
0.005229900 0.053014376 3068.853435829 0.201485297 
0.005239900 0.053014376 3068.829397084 0.201483636 
0.005249900 0.053014376 3068.807735746 0.201482139 
0.005259900 0.053014376 3068.788499171 0.201480810 
0.005269900 0.053014376 3068.771718812 0.201479650 
0.005279900 0.053014376 3068.757410575 0.201478661 
0.005289900 0.053014376 3068.745575247 0.201477843 
0.005299900 0.053014376 3068.736199008 0.201477194 
0.005309900 0.053014376 3068.729254000 0.201476714 
0.005319900 0.053014376 3068.724698972 0.201476399 
0.005329900 0.053014376 3068.722479973 0.201476245 
0.005339900 0.053014376 3068.722531101 0.201476248 
0.005349900 0.053014376 3068.724775296 0.201476403 
0.005359900 0.053014376 3068.729125170 0.201476703 
0.005369900 0.053014376 3068.735483875 0.201477142 
0.005379900 0.053014376 3068.743745992 0.201477712 
0.005389900 0.053014376 3068.753798444 0.201478406 
0.005399900 0.053014376 3068.765521418 0.201479216 
0.005409900 0.053014376 3068.778789307 0.201480132 
0.005419900 0.053014376 3068.793471638 0.201481146 
0.005429900 0.053014376 3068.809434012 0.201482248 
0.005439900 0.053014376 3068.826539028 0.201483430 
0.005449900 0.053014376 3068.844647193 0.201484681 
0.005459900 0.053014376 3068.863617817 0.201485991 
0.005469900 0.053014376 3068.883309881 0.201487351 
0.005479900 0.053014376 3068.903582882 0.201488752 
0.005489900 0.053014376 3068.924297644 0.201490183 
0.005499900 0.053014376 3068.945317091 0.201491635 
0.005509900 0.053014376 3068.966506985 0.201493099 
0.005519900 0.053014376 3068.987736625 0.201494566 
0.005529900 0.053014376 3069.008879492 0.201496026 
0.005539900 0.053014376 3069.029813858 0.201497473 
0.005549900 0.053014376 3069.050423341 0.201498896 
0.005559900 0.053014376 3069.070597408 0.201500290 
0.005569900 0.053014376 3069.090231831 0.201501647 
0.005579900 0.053014376 3069.109229088 0.201502960 
0.005589900 0.053014376 3069.127498710 0.201504222 
0.005599900 0.053014376 3069.144957576 0.201505428 
0.005609900 0.053014376 3069.161530159 0.201506573 
0.005619900 0.053014376 3069.177148705 0.201507653 
0.005629900 0.053014376 3069.191753381 0.201508662 
0.005639900 0.053014376 3069.205292350 0.201509597 
0.005649900 0.053014376 3069.217721814 0.201510456 
0.005659900 0.053014376 3069.229005994 0.201511236 
0.005669900 0.053014376 3069.239117076 0.201511935 
0.005679900 0.053014376 3069.248035101 0.201512551 
0.005689900 0.053014376 3069.255747818 0.201513084 
0.005699900 0.053014376 3069.262250499 0.201513534 
0.005709900 0.053014376 3069.267545707 0.201513900 
0.005719900 0.053014376 3069.271643042 0.201514183 
0.005729900 0.053014376 3069.274558837 0.201514385 
0.005739900 0.053014376 3069.276315843 0.201514507 
0.005749900 0.053014376 3069.276942873 0.201514550 
0.005759900 0.053014376 3069.276474428 0.201514518 
0.005769900 0.053014376 3069.274950303 0.201514413 
0.005779900 0.053014376 3069.272415171 0.201514238 
0.005789900 0.053014376 3069.268918157 0.201513997 
0.005799900 0.053014376 3069.264512397 0.201513693 
0.005809900 0.053014376 3069.259254589 0.201513330 
0.005819900 0.053014376 3069.253204537 0.201512912 
0.005829900 0.053014376 3069.246424697 0.201512443 
0.005839900 0.053014376 3069.238979715 0.201511929 
0.005849900 0.053014376 3069.230935976 0.201511374 
0.005859900 0.053014376 3069.222361148 0.201510781 
0.005869900 0.053014376 3069.213323747 0.201510157 
0.005879900 0.053014376 3069.203892699 0.201509506 
0.005889900 0.053014376 3069.194136920 0.201508832 
0.005899900 0.053014376 3069.184124913 0.201508140 
0.005909900 0.053014376 3069.173924375 0.201507435 
0.005919900 0.053014376 3069.163601827 0.201506722 
0.005929900 0.053014376 3069.153222260 0.201506005 
0.005939900 0.053014376 3069.142848805 0.201505289 
0.005949900 0.053014376 3069.132542424 0.201504576 
0.005959900 0.053014376 3069.122361619 0.201503873 
0.005969900 0.053014376 3069.112362177 0.201503182 
0.005979900 0.053014376 3069.102596929 0.201502507 
0.005989900 0.053014376 3069.093115539 0.201501852 
0.005999900 0.053014376 3069.083964318 0.201501220 
0.006009900 0.053014376 3069.075186064 0.201500614 
0.006019900 0.053014376 3069.066819929 0.201500035 
0.006029900 0.053014376 3069.058901313 0.201499488 
0.006039900 0.053014376 3069.051461778 0.201498974 
0.006049900 0.053014376 3069.044528996 0.201498495 
0.006059900 0.053014376 3069.038126713 0.201498053 
0.006069900 0.053014376 3069.032274747 0.201497648 
0.006079900 0.053014376 3069.026988997 0.201497283 
0.006089900 0.053014376 3069.022281490 0.201496958 
0.006099900 0.053014376 3069.018160433 0.201496673 
0.006109900 0.053014376 3069.014630300 0.201496429 
0.006119900 0.053014376 3069.011691929 0.201496226 
0.006129900 0.053014376 3069.009342638 0.201496063 
0.006139900 0.053014376 3069.007576365 0.201495941 
0.006149900 0.053014376 3069.006383813 0.201495859 
0.006159900 0.053014376 3069.005752619 0.201495815 
0.006169900 0.053014376 3069.005667523 0.201495809 
0.006179900 0.053014376 3069.006110567 0.201495839 
0.006189900 0.053014376 3069.007061281 0.201495905 
0.006199900 0.053014376 3069.008496896 0.201496004 
0.006209900 0.053014376 3069.010392554 0.201496135 
0.006219900 0.053014376 3069.012721522 0.201496296 
0.006229900 0.053014376 3069.015455420 0.201496484 
0.006239900 0.053014376 3069.018564436 0.201496699 
0.006249900 0.053014376 3069.022017556 0.201496938 
0.006259900 0.053014376 3069.025782786 0.201497198 
0.006269900 0.053014376 3069.029827372 0.201497477 
0.006279900 0.053014376 3069.034118021 0.201497773 
0.006289900 0.053014376 3069.038621115 0.201498085 
0.006299900 0.053014376 3069.043302919 0.201498408 
0.006309900 0.053014376 3069.048129787 0.201498741 
0.006319900 0.053014376 3069.053068351 0.201499083 
0.006329900 0.053014376 3069.058085718 0.201499429 
0.006339900 0.053014376 3069.063149637 0.201499779 
0.006349900 0.053014376 3069.068228678 0.201500130 
0.006359900 0.053014376 3069.073292380 0.201500480 
0.006369900 0.053014376 3069.078311405 0.201500827 
0.006379900 0.053014376 3069.083257669 0.201501168 
0.006389900 0.053014376 3069.088104468 0.201501503 
0.006399900 0.053014376 3069.092826586 0.201501829 
0.006409900 0.053014376 3069.097400394 0.201502145 
0.006419900 0.053014376 3069.101803939 0.201502450 
0.006429900 0.053014376 3069.106017011 0.201502741 
0.006439900 0.053014376 3069.110021208 0.201503017 
0.006449900 0.053014376 3069.113799982 0.201503279 
0.006459900 0.053014376 3069.117338673 0.201503523 
0.006469900 0.053014376 3069.120624532 0.201503750 
0.006479900 0.053014376 3069.123646731 0.201503959 
0.006489900 0.053014376 3069.126396366 0.201504149 
0.006499900 0.053014376 3069.128866436 0.201504320 
0.006509900 0.053014376 3069.131051830 0.201504471 
0.006519900 0.053014376 3069.132949286 0.201504602 
0.006529900 0.053014376 3069.134557349 0.201504713 
0.006539900 0.053014376 3069.135876322 0.201504804 
0.006549900 0.053014376 3069.136908201 0.201504876 
0.006559900 0.053014376 3069.137656607 0.201504927 
0.006569900 0.053014376 3069.138126710 0.201504960 
0.006579900 0.053014376 3069.138325147 0.201504974 
0.006589900 0.053014376 3069.138259933 0.201504969 
0.006599900 0.053014376 3069.137940364 0.201504947 
0.006609900 0.053014376 3069.137376925 0.201504908 
0.006619900 0.053014376 3069.136581182 0.201504853 
0.006629900 0.053014376 3069.135565680 0.201504783 
0.006639900 0.053014376 3069.134343836 0.201504699 
0.006649900 0.053014376 3069.132929831 0.201504601 
0.006659900 0.053014376 3069.131338499 0.201504491 
0.006669900 0.053014376 3069.129585217 0.201504370 
0.006679900 0.053014376 3069.127685799 0.201504239 
0.006689900 0.053014376 3069.125656384 0.201504099 
0.006699900 0.053014376 3069.123513335 0.201503951 
0.006709900 0.053014376 3069.121273127 0.201503796 
0.006719900 0.053014376 3069.118952257 0.201503636 
0.006729900 0.053014376 3069.116567134 0.201503471 
0.006739900 0.053014376 3069.114133996 0.201503303 
0.006749900 0.053014376 3069.111668812 0.201503133 
0.006759900 0.053014376 3069.109187201 0.201502961 
0.006769900 0.053014376 3069.106704351 0.201502790 
0.006779900 0.053014376 3069.104234945 0.201502619 
0.006789900 0.053014376 3069.101793087 0.201502450 
0.006799900 0.053014376 3069.099392246 0.201502285 
0.006809900 0.053014376 3069.097045191 0.201502122 
0.006819900 0.053014376 3069.094763943 0.201501965 
0.006829900 0.053014376 3069.092559729 0.201501812 
0.006839900 0.053014376 3069.090442940 0.201501666 
0.006849900 0.053014376 3069.088423103 0.201501527 
0.006859900 0.053014376 3069.086508850 0.201501394 
0.006869900 0.053014376 3069.084707900 0.201501270 
0.006879900 0.053014376 3069.083027039 0.201501154 
0.006889900 0.053014376 3069.081472121 0.201501046 
0.006899900 0.053014376 3069.080048055 0.201500948 
0.006909900 0.053014376 3069.078758814 0.201500859 
0.006919900 0.053014376 3069.077607443 0.201500779 
0.006929900 0.053014376 3069.076596069 0.201500709 
0.006939900 0.053014376 3069.075725923 0.201500649 
0.006949900 0.053014376 3069.074997361 0.201500599 
0.006959900 0.053014376 3069.074409892 0.201500558 
0.006969900 0.053014376 3069.073962211 0.201500527 
0.006979900 0.053014376 3069.073652231 0.201500506 
0.006989900 0.053014376 3069.073477124 0.201500494 
0.006999900 0.053014376 3069.073433363 0.201500491 
0.007009900 0.053014376 3069.073516766 0.201500496 
0.007019900 0.053014376 3069.073722543 0.201500511 
0.007029900 0.053014376 3069.074045341 0.201500533 
0.007039900 0.053014376 3069.074479303 0.201500563 
0.007049900 0.053014376 3069.075018110 0.201500600 
0.007059900 0.053014376 3069.075655041 0.201500644 
0.007069900 0.053014376 3069.076383024 0.201500694 
0.007079900 0.053014376 3069.077194687 0.201500750 
0.007089900 0.053014376 3069.078082416 0.201500812 
0.007099900 0.053014376 3069.079038404 0.201500878 
0.007109900 0.053014376 3069.080054707 0.201500948 
0.007119900 0.053014376 3069.081123294 0.201501022 
0.007129900 0.053014376 3069.082236096 0.201501098 
0.007139900 0.053014376 3069.083385056 0.201501178 
0.007149900 0.053014376 3069.084562178 0.201501259 
0.007159900 0.053014376 3069.085759568 0.201501342 
0.007169900 0.053014376 3069.086969482 0.201501425 
0.007179900 0.053014376 3069.088184361 0.201501509 
0.007189900 0.053014376 3069.089396875 0.201501593 
0.007199900 0.053014376 3069.090599953 0.201501676 
0.007209900 0.053014376 3069.091786822 0.201501758 
0.007219900 0.053014376 3069.092951030 0.201501839 
0.007229900 0.053014376 3069.094086480 0.201501917 
0.007239900 0.053014376 3069.095187448 0.201501993 
0.007249900 0.053014376 3069.096248608 0.201502067 
0.007259900 0.053014376 3069.097265050 0.201502137 
0.007269900 0.053014376 3069.098232291 0.201502204 
0.007279900 0.053014376 3069.099146293 0.201502267 
0.007289900 0.053014376 3069.100003465 0.201502326 
0.007299900 0.053014376 3069.100800674 0.201502381 
0.007309900 0.053014376 3069.101535247 0.201502432 
0.007319900 0.053014376 3069.102204971 0.201502478 
0.007329900 0.053014376 3069.102808088 0.201502520 
0.007339900 0.053014376 3069.103343295 0.201502557 
0.007349900 0.053014376 3069.103809730 0.201502589 
0.007359900 0.053014376 3069.104206970 0.201502617 
0.007369900 0.053014376 3069.104535011 0.201502639 
0.007379900 0.053014376 3069.104794258 0.201502657 
0.007389900 0.053014376 3069.104985509 0.201502670 
0.007399900 0.053014376 3069.105109934 0.201502679 
0.007409900 0.053014376 3069.105169059 0.201502683 
0.007419900 0.053014376 3069.105164742 0.201502683 
0.007429900 0.053014376 3069.105099155 0.201502678 
0.007439900 0.053014376 3069.104974755 0.201502670 
0.007449900 0.053014376 3069.104794264 0.201502657 
0.007459900 0.053014376 3069.104560643 0.201502641 
0.007469900 0.053014376 3069.104277066 0.201502622 
0.007479900 0.053014376 3069.103946892 0.201502599 
0.007489900 0.053014376 3069.103573645 0.201502573 
0.007499900 0.053014376 3069.103160981 0.201502544 
0.007509900 0.053014376 3069.102712667 0.201502513 
0.007519900 0.053014376 3069.102232550 0.201502480 
0.007529900 0.053014376 3069.101724538 0.201502445 
0.007539900 0.053014376 3069.101192568 0.201502408 
0.007549900 0.053014376 3069.100640587 0.201502370 
0.007559900 0.053014376 3069.100072527 0.201502331 
0.007569900 0.053014376 3069.099492280 0.201502291 
0.007579900 0.053014376 3069.098903680 0.201502250 
0.007589900 0.053014376 3069.098310480 0.201502209 
0.007599900 0.053014376 3069.097716333 0.201502168 
0.007609900 0.053014376 3069.097124775 0.201502127 
0.007619900 0.053014376 3069.096539206 0.201502087 
0.007629900 0.053014376 3069.095962876 0.201502047 
0.007639900 0.053014376 3069.095398871 0.201502008 
0.007649900 0.053014376 3069.094850101 0.201501970 
0.007659900 0.053014376 3069.094319285 0.201501934 
0.007669900 0.053014376 3069.093808948 0.201501898 
0.007679900 0.053014376 3069.093321405 0.201501865 
0.007689900 0.053014376 3069.092858761 0.201501833 
0.007699900 0.053014376 3069.092422902 0.201501803 
0.007709900 0.053014376 3069.092015492 0.201501774 
0.007719900 0.053014376 3069.091637973 0.201501748 
0.007729900 0.053014376 3069.091291558 0.201501724 
0.007739900 0.053014376 3069.090977241 0.201501703 
0.007749900 0.053014376 3069.090695787 0.201501683 
0.007759900 0.053014376 3069.090447748 0.201501666 
0.007769900 0.053014376 3069.090233454 0.201501651 
0.007779900 0.053014376 3069.090053029 0.201501639 
0.007789900 0.053014376 3069.089906392 0.201501629 
0.007799900 0.053014376 3069.089793264 0.201501621 
0.007809900 0.053014376 3069.089713181 0.201501615 
0.007819900 0.053014376 3069.089665497 0.201501612 
0.007829900 0.053014376 3069.089649399 0.201501611 
0.007839900 0.053014376 3069.089663912 0.201501612 
0.007849900 0.053014376 3069.089707917 0.201501615 
0.007859900 0.053014376 3069.089780157 0.201501620 
0.007869900 0.053014376 3069.089879252 0.201501627 
0.007879900 0.053014376 3069.090003709 0.201501635 
0.007889900 0.053014376 3069.090151938 0.201501646 
0.007899900 0.053014376 3069.090322260 0.201501657 
0.007909900 0.053014376 3069.090512924 0.201501671 
0.007919900 0.053014376 3069.090722119 0.201501685 
0.007929900 0.053014376 3069.090947984 0.201501701 
0.007939900 0.053014376 3069.091188624 0.201501717 
0.007949900 0.053014376 3069.091442121 0.201501735 
0.007959900 0.053014376 3069.091706545 0.201501753 
0.007969900 0.053014376 3069.091979967 0.201501772 
0.007979900 0.053014376 3069.092260472 0.201501791 
0.007989900 0.053014376 3069.092546166 0.201501811 
0.007999900 0.053014376 3069.092835188 0.201501831 
0.008009900 0.053014376 3069.093125723 0.201501851 
0.008019900 0.053014376 3069.093416005 0.201501871 
0.008029900 0.053014376 3069.093704332 0.201501891 
0.008039900 0.053014376 3069.093989071 0.201501911 
0.008049900 0.053014376 3069.094268662 0.201501930 
0.008059900 0.053014376 3069.094541632 0.201501949 
0.008069900 0.053014376 3069.094806594 0.201501967 
0.008079900 0.053014376 3069.095062259 0.201501985 
0.008089900 0.053014376 3069.095307431 0.201502002 
0.008099900 0.053014376 3069.095541020 0.201502018 
0.008109900 0.053014376 3069.095762041 0.201502033 
0.008119900 0.053014376 3069.095969616 0.201502047 
0.008129900 0.053014376 3069.096162974 0.201502061 
0.008139900 0.053014376 3069.096341456 0.201502073 
0.008149900 0.053014376 3069.096504513 0.201502084 
0.008159900 0.053014376 3069.096651705 0.201502095 
0.008169900 0.053014376 3069.096782700 0.201502104 
0.008179900 0.053014376 3069.096897274 0.201502112 
0.008189900 0.053014376 3069.096995306 0.201502118 
0.008199900 0.053014376 3069.097076777 0.201502124 
0.008209900 0.053014376 3069.097141767 0.201502128 
0.008219900 0.053014376 3069.097190450 0.201502132 
0.008229900 0.053014376 3069.097223090 0.201502134 
0.008239900 0.053014376 3069.097240036 0.201502135 
0.008249900 0.053014376 3069.097241721 0.201502135 
0.008259900 0.053014376 3069.097228648 0.201502135 
0.008269900 0.053014376 3069.097201396 0.201502133 
0.008279900 0.053014376 3069.097160603 0.201502130 
0.008289900 0.053014376 3069.097106967 0.201502126 
0.008299900 0.053014376 3069.097041241 0.201502122 
0.008309900 0.053014376 3069.096964218 0.201502116 
0.008319900 0.053014376 3069.096876737 0.201502110 
0.008329900 0.053014376 3069.096779666 0.201502104 
0.008339900 0.053014376 3069.096673901 0.201502096 
0.008349900 0.053014376 3069.096560361 0.201502088 
0.008359900 0.053014376 3069.096439977 0.201502080 
0.008369900 0.053014376 3069.096313691 0.201502071 
0.008379900 0.053014376 3069.096182447 0.201502062 
0.008389900 0.053014376 3069.096047187 0.201502053 
0.008399900 0.053014376 3069.095908843 0.201502043 
0.008409900 0.053014376 3069.095768336 0.201502034 
0.008419900 0.053014376 3069.095626567 0.201502024 
0.008429900 0.053014376 3069.095484415 0.201502014 
0.008439900 0.053014376 3069.095342731 0.201502004 
0.008449900 0.053014376 3069.095202335 0.201501995 
0.008459900 0.053014376 3069.095064011 0.201501985 
0.008469900 0.053014376 3069.094928505 0.201501976 
0.008479900 0.053014376 3069.094796520 0.201501967 
0.008489900 0.053014376 3069.094668715 0.201501958 
0.008499900 0.053014376 3069.094545703 0.201501949 
0.008509900 0.053014376 3069.094428047 0.201501941 
0.008519900 0.053014376 3069.094316260 0.201501933 
0.008529900 0.053014376 3069.094210802 0.201501926 
0.008539900 0.053014376 3069.094112081 0.201501919 
0.008549900 0.053014376 3069.094020453 0.201501913 
0.008559900 0.053014376 3069.093936216 0.201501907 
0.008569900 0.053014376 3069.093859618 0.201501902 
0.008579900 0.053014376 3069.093790852 0.201501897 
0.008589900 0.053014376 3069.093730060 0.201501893 
0.008599900 0.053014376 3069.093677330 0.201501889 
0.008609900 0.053014376 3069.093632699 0.201501886 
0.008619900 0.053014376 3069.093596159 0.201501884 
0.008629900 0.053014376 3069.093567649 0.201501882 
0.008639900 0.053014376 3069.093547068 0.201501880 
0.008649900 0.053014376 3069.093534269 0.201501879 
0.008659900 0.053014376 3069.093529063 0.201501879 
0.008669900 0.053014376 3069.093531226 0.201501879 
0.008679900 0.053014376 3069.093540494 0.201501880 
0.008689900 0.053014376 3069.093556573 0.201501881 
0.008699900 0.053014376 3069.093579139 0.201501882 
0.008709900 0.053014376 3069.093607837 0.201501884 
0.008719900 0.053014376 3069.093642294 0.201501887 
0.008729900 0.053014376 3069.093682109 0.201501889 
0.008739900 0.053014376 3069.093726868 0.201501893 
0.008749900 0.053014376 3069.093776139 0.201501896 
0.008759900 0.053014376 3069.093829480 0.201501900 
0.008769900 0.053014376 3069.093886437 0.201501904 
0.008779900 0.053014376 3069.093946554 0.201501908 
0.008789900 0.053014376 3069.094009368 0.201501912 
0.008799900 0.053014376 3069.094074419 0.201501917 
0.008809900 0.053014376 3069.094141247 0.201501921 
0.008819900 0.053014376 3069.094209397 0.201501926 
0.008829900 0.053014376 3069.094278424 0.201501931 
0.008839900 0.053014376 3069.094347890 0.201501935 
0.008849900 0.053014376 3069.094417372 0.201501940 
0.008859900 0.053014376 3069.094486459 0.201501945 
0.008869900 0.053014376 3069.094554757 0.201501950 
0.008879900 0.053014376 3069.094621889 0.201501954 
0.008889900 0.053014376 3069.094687501 0.201501959 
0.008899900 0.053014376 3069.094751255 0.201501963 
0.008909900 0.053014376 3069.094812839 0.201501968 
0.008919900 0.053014376 3069.094871964 0.201501972 
0.008929900 0.053014376 3069.094928363 0.201501976 
0.008939900 0.053014376 3069.094981796 0.201501979 
0.008949900 0.053014376 3069.095032050 0.201501983 
0.008959900 0.053014376 3069.095078933 0.201501986 
0.008969900 0.053014376 3069.095122285 0.201501989 
0.008979900 0.053014376 3069.095161969 0.201501992 
0.008989900 0.053014376 3069.095197875 0.201501994 
0.008999900 0.053014376 3069.095229919 0.201501996 
0.009009900 0.053014376 3069.095258042 0.201501998 
0.009019900 0.053014376 3069.095282212 0.201502000 
0.009029900 0.053014376 3069.095302419 0.201502001 
0.009039900 0.053014376 3069.095318678 0.201502003 
0.009049900 0.053014376 3069.095331027 0.201502003 
0.009059900 0.053014376 3069.095339526 0.201502004 
0.009069900 0.053014376 3069.095344254 0.201502004 
0.009079900 0.053014376 3069.095345311 0.201502004 
0.009089900 0.053014376 3069.095342814 0.201502004 
0.009099900 0.053014376 3069.095336899 0.201502004 
0.009109900 0.053014376 3069.095327717 0.201502003 
0.009119900 0.053014376 3069.095315431 0.201502002 
0.009129900 0.053014376 3069.095300219 0.201502001 
0.009139900 0.053014376 3069.095282269 0.201502000 
0.009149900 0.053014376 3069.095261781 0.201501999 
0.009159900 0.053014376 3069.095238960 0.201501997 
0.009169900 0.053014376 3069.095214021 0.201501995 
0.009179900 0.053014376 3069.095187181 0.201501993 
0.009189900 0.053014376 3069.095158664 0.201501992 
0.009199900 0.053014376 3069.095128694 0.201501989 
0.009209900 0.053014376 3069.095097496 0.201501987 
0.009219900 0.053014376 3069.095065298 0.201501985 
0.009229900 0.053014376 3069.095032321 0.201501983 
0.009239900 0.053014376 3069.094998787 0.201501980 
0.009249900 0.053014376 3069.094964913 0.201501978 
0.009259900 0.053014376 3069.094930909 0.201501976 
0.009269900 0.053014376 3069.094896981 0.201501973 
0.009279900 0.053014376 3069.094863326 0.201501971 
0.009289900 0.053014376 3069.094830134 0.201501969 
0.009299900 0.053014376 3069.094797583 0.201501967 
0.009309900 0.053014376 3069.094765846 0.201501964 
0.009319900 0.053014376 3069.094735080 0.201501962 
0.009329900 0.053014376 3069.094705435 0.201501960 
0.009339900 0.053014376 3069.094677048 0.201501958 
0.009349900 0.053014376 3069.094650044 0.201501956 
0.009359900 0.053014376 3069.094624534 0.201501955 
0.009369900 0.053014376 3069.094600620 0.201501953 
0.009379900 0.053014376 3069.094578387 0.201501951 
0.009389900 0.053014376 3069.094557911 0.201501950 
0.009399900 0.053014376 3069.094539252 0.201501949 
0.009409900 0.053014376 3069.094522460 0.201501948 
0.009419900 0.053014376 3069.094507569 0.201501947 
0.009429900 0.053014376 3069.094494604 0.201501946 
0.009439900 0.053014376 3069.094483576 0.201501945 
0.009449900 0.053014376 3069.094474485 0.201501944 
0.009459900 0.053014376 3069.094467318 0.201501944 
0.009469900 0.053014376 3069.094462053 0.201501943 
0.009479900 0.053014376 3069.094458656 0.201501943 
0.009489900 0.053014376 3069.094457086 0.201501943 
0.009499900 0.053014376 3069.094457287 0.201501943 
0.009509900 0.053014376 3069.094459201 0.201501943 
0.009519900 0.053014376 3069.094462758 0.201501943 
0.009529900 0.053014376 3069.094467880 0.201501944 
0.009539900 0.053014376 3069.094474486 0.201501944 
0.009549900 0.053014376 3069.094482485 0.201501945 
0.009559900 0.053014376 3069.094491784 0.201501945 
0.009569900 0.053014376 3069.094502284 0.201501946 
0.009579900 0.053014376 3069.094513883 0.201501947 
0.009589900 0.053014376 3069.094526474 0.201501948 
0.009599900 0.053014376 3069.094539950 0.201501949 
0.009609900 0.053014376 3069.094554202 0.201501950 
0.009619900 0.053014376 3069.094569120 0.201501951 
0.009629900 0.053014376 3069.094584592 0.201501952 
0.009639900 0.053014376 3069.094600509 0.201501953 
0.009649900 0.053014376 3069.094616762 0.201501954 
0.009659900 0.053014376 3069.094633244 0.201501955 
0.009669900 0.053014376 3069.094649850 0.201501956 
0.009679900 0.053014376 3069.094666478 0.201501958 
0.009689900 0.053014376 3069.094683029 0.201501959 
0.009699900 0.053014376 3069.094699408 0.201501960 
0.009709900 0.053014376 3069.094715524 0.201501961 
0.009719900 0.053014376 3069.094731292 0.201501962 
0.009729900 0.053014376 3069.094746629 0.201501963 
0.009739900 0.053014376 3069.094761460 0.201501964 
0.009749900 0.053014376 3069.094775716 0.201501965 
0.009759900 0.053014376 3069.094789330 0.201501966 
0.009769900 0.053014376 3069.094802245 0.201501967 
0.009779900 0.053014376 3069.094814408 0.201501968 
0.009789900 0.053014376 3069.094825772 0.201501969 
0.009799900 0.053014376 3069.094836299 0.201501969 
0.009809900 0.053014376 3069.094845953 0.201501970 
0.009819900 0.053014376 3069.094854708 0.201501971 
0.009829900 0.053014376 3069.094862542 0.201501971 
0.009839900 0.053014376 3069.094869440 0.201501972 
0.009849900 0.053014376 3069.094875394 0.201501972 
0.009859900 0.053014376 3069.094880400 0.201501972 
0.009869900 0.053014376 3069.094884460 0.201501973 
0.009879900 0.053014376 3069.094887583 0.201501973 
0.009889900 0.053014376 3069.094889782 0.201501973 
0.009899900 0.053014376 3069.094891075 0.201501973 
0.009909900 0.053014376 3069.094891485 0.201501973 
0.009919900 0.053014376 3069.094891040 0.201501973 
0.009929900 0.053014376 3069.094889771 0.201501973 
0.009939900 0.053014376 3069.094887713 0.201501973 
0.009949900 0.053014376 3069.094884905 0.201501973 
0.009959900 0.053014376 3069.094881390 0.201501972 
0.009969900 0.053014376 3069.094877212 0.201501972 
0.009979900 0.053014376 3069.094872417 0.201501972 
0.009989900 0.053014376 3069.094867056 0.201501971 
0.009999900 0.053014376 3069.094861178 0.201501971 
