Sim: 2
ID: 2
Description: Test run of cold flow MSSE simulation with Ma 0.1 initialisation
Variables: 4
time A mass_flux Ma
0.000009900 0.053014376 2297.885733237 0.148247970 
0.000019900 0.053014376 2382.604627333 0.154169435 
0.000029900 0.053014376 2398.477894313 0.155350686 
0.000039900 0.053014376 2401.640334459 0.155624356 
0.000049900 0.053014376 2402.227448253 0.155697178 
0.000059900 0.053014376 2402.258933482 0.155717629 
0.000069900 0.053014376 2402.174231350 0.155722041 
0.000079900 0.053014376 2402.071995126 0.155720751 
0.000089900 0.053014376 2401.956705257 0.155716102 
0.000099900 0.053014376 2401.719571306 0.155701966 
0.000109900 0.053014376 2400.893139002 0.155647799 
0.000119900 0.053014376 2398.102627613 0.155462254 
0.000129900 0.053014376 2390.332827683 0.154944416 
0.000139900 0.053014376 2372.481638370 0.153754338 
0.000149900 0.053014376 2337.790905628 0.151442888 
0.000159900 0.053014376 2279.375842099 0.147555982 
0.000169900 0.053014376 2192.435850117 0.141784277 
0.000179900 0.053014376 2076.279020554 0.134097644 
0.000189900 0.053014376 1935.290647692 0.124804366 
0.000199900 0.053014376 1778.394094306 0.114506842 
0.000209900 0.053014376 1617.188890949 0.103971540 
0.000219900 0.053014376 1463.492943379 0.093965913 
0.000229900 0.053014376 1327.156071752 0.085119407 
0.000239900 0.053014376 1214.701303324 0.077841363 
0.000249900 0.053014376 1128.877727660 0.072297433 
0.000259900 0.053014376 1068.915798174 0.068429096 
0.000269900 0.053014376 1031.240249079 0.066000452 
0.000279900 0.053014376 1010.463047609 0.064661656 
0.000289900 0.053014376 1000.508157394 0.064020320 
0.000299900 0.053014376 995.702206691 0.063710804 
0.000309900 0.053014376 991.658173266 0.063450551 
0.000319900 0.053014376 985.819844825 0.063074924 
0.000329900 0.053014376 977.618245973 0.062547235 
0.000339900 0.053014376 968.286247232 0.061946787 
0.000349900 0.053014376 960.444267081 0.061442140 
0.000359900 0.053014376 957.581664366 0.061257707 
0.000369900 0.053014376 963.522409297 0.061639452 
0.000379900 0.053014376 981.917849229 0.062822503 
0.000389900 0.053014376 1015.790887870 0.065002191 
0.000399900 0.053014376 1067.169289327 0.068310845 
0.000409900 0.053014376 1136.862414759 0.072803705 
0.000419900 0.053014376 1224.423761747 0.078456573 
0.000429900 0.053014376 1328.297608625 0.085175037 
0.000439900 0.053014376 1446.098266564 0.092811971 
0.000449900 0.053014376 1574.944826915 0.101188443 
0.000459900 0.053014376 1711.781247461 0.110113638 
0.000469900 0.053014376 1853.637586192 0.119401079 
0.000479900 0.053014376 1997.814925704 0.128880119 
0.000489900 0.053014376 2141.994676309 0.138402797 
0.000499900 0.053014376 2284.282564332 0.147846716 
0.000509900 0.053014376 2423.202057909 0.157114838 
0.000519900 0.053014376 2557.653541781 0.166133148 
0.000529900 0.053014376 2686.854944615 0.174847156 
0.000539900 0.053014376 2810.277064476 0.183218015 
0.000549900 0.053014376 2927.583168121 0.191218864 
0.000559900 0.053014376 3038.578460294 0.198831758 
0.000569900 0.053014376 3143.171517193 0.206045327 
0.000579900 0.053014376 3241.347199290 0.212853154 
0.000589900 0.053014376 3333.148996524 0.219252755 
0.000599900 0.053014376 3418.668077340 0.225244977 
0.000609900 0.053014376 3498.036280895 0.230833656 
0.000619900 0.053014376 3571.420674387 0.236025344 
0.000629900 0.053014376 3639.017900176 0.240829008 
0.000639900 0.053014376 3701.047214869 0.245255607 
0.000649900 0.053014376 3757.741773467 0.249317521 
0.000659900 0.053014376 3809.338270146 0.253027826 
0.000669900 0.053014376 3856.065474344 0.256399471 
0.000679900 0.053014376 3898.132479985 0.259444409 
0.000689900 0.053014376 3935.717617270 0.262172762 
0.000699900 0.053014376 3968.958974612 0.264592082 
0.000709900 0.053014376 3997.947366236 0.266706801 
0.000719900 0.053014376 4022.722387663 0.268517896 
0.000729900 0.053014376 4043.271957653 0.270022827 
0.000739900 0.053014376 4059.535481168 0.271215751 
0.000749900 0.053014376 4071.410510013 0.272088009 
0.000759900 0.053014376 4078.762547149 0.272628863 
0.000769900 0.053014376 4081.437451268 0.272826436 
0.000779900 0.053014376 4079.275757136 0.272668806 
0.000789900 0.053014376 4072.128134329 0.272145185 
0.000799900 0.053014376 4059.871157762 0.271247114 
0.000809900 0.053014376 4042.422550895 0.269969600 
0.000819900 0.053014376 4019.755080889 0.268312133 
0.000829900 0.053014376 3991.908331875 0.266279505 
0.000839900 0.053014376 3958.997659845 0.263882391 
0.000849900 0.053014376 3921.219746203 0.261137640 
0.000859900 0.053014376 3878.854322973 0.258068255 
0.000869900 0.053014376 3832.261844446 0.254703058 
0.000879900 0.053014376 3781.877123623 0.251076054 
0.000889900 0.053014376 3728.199223337 0.247225529 
0.000899900 0.053014376 3671.778167250 0.243192953 
0.000909900 0.053014376 3613.199283517 0.239021740 
0.000919900 0.053014376 3553.066180571 0.234755962 
0.000929900 0.053014376 3491.983452259 0.230439088 
0.000939900 0.053014376 3430.540202292 0.226112841 
0.000949900 0.053014376 3369.295365695 0.221816208 
0.000959900 0.053014376 3308.765603480 0.217584675 
0.000969900 0.053014376 3249.416285130 0.213449696 
0.000979900 0.053014376 3191.655787035 0.209438402 
0.000989900 0.053014376 3135.833058979 0.205573542 
0.000999900 0.053014376 3082.238174358 0.201873622 
0.001009900 0.053014376 3031.105402046 0.198353204 
0.001019900 0.053014376 2982.618226971 0.195023328 
0.001029900 0.053014376 2936.915700468 0.191892002 
0.001039900 0.053014376 2894.099511219 0.188964734 
0.001049900 0.053014376 2854.241219714 0.186245056 
0.001059900 0.053014376 2817.389179557 0.183735014 
0.001069900 0.053014376 2783.574764766 0.181435604 
0.001079900 0.053014376 2752.817623385 0.179347136 
0.001089900 0.053014376 2725.129776905 0.177469507 
0.001099900 0.053014376 2700.518477668 0.175802401 
0.001109900 0.053014376 2678.987819976 0.174345388 
0.001119900 0.053014376 2660.539174082 0.173097952 
0.001129900 0.053014376 2645.170575054 0.172059448 
0.001139900 0.053014376 2632.875250343 0.171228997 
0.001149900 0.053014376 2623.639509498 0.170605345 
0.001159900 0.053014376 2617.440245222 0.170186686 
0.001169900 0.053014376 2614.242304806 0.169970490 
0.001179900 0.053014376 2613.995983420 0.169953322 
0.001189900 0.053014376 2616.634865838 0.170130700 
0.001199900 0.053014376 2622.074202692 0.170496976 
0.001209900 0.053014376 2630.209955152 0.171045264 
0.001219900 0.053014376 2640.918583100 0.171767419 
0.001229900 0.053014376 2654.057592284 0.172654063 
0.001239900 0.053014376 2669.466800949 0.173694653 
0.001249900 0.053014376 2686.970240545 0.174877607 
0.001259900 0.053014376 2706.378571090 0.176190443 
0.001269900 0.053014376 2727.491870870 0.177619959 
0.001279900 0.053014376 2750.102652073 0.179152424 
0.001289900 0.053014376 2773.998957161 0.180773776 
0.001299900 0.053014376 2798.967403063 0.182469815 
0.001309900 0.053014376 2824.796059027 0.184226391 
0.001319900 0.053014376 2851.277066608 0.186029579 
0.001329900 0.053014376 2878.208934540 0.187865823 
0.001339900 0.053014376 2905.398465224 0.189722073 
0.001349900 0.053014376 2932.662291870 0.191585883 
0.001359900 0.053014376 2959.828025032 0.193445494 
0.001369900 0.053014376 2986.735023837 0.195289892 
0.001379900 0.053014376 3013.234820415 0.197108837 
0.001389900 0.053014376 3039.191235973 0.198892880 
0.001399900 0.053014376 3064.480233731 0.200633357 
0.001409900 0.053014376 3088.989557974 0.202322373 
0.001419900 0.053014376 3112.618209990 0.203952775 
0.001429900 0.053014376 3135.275811052 0.205518107 
0.001439900 0.053014376 3156.881900256 0.207012580 
0.001449900 0.053014376 3177.365211109 0.208431020 
0.001459900 0.053014376 3196.662965746 0.209768829 
0.001469900 0.053014376 3214.720219647 0.211021946 
0.001479900 0.053014376 3231.489283134 0.212186810 
0.001489900 0.053014376 3246.929238867 0.213260335 
0.001499900 0.053014376 3261.005567440 0.214239887 
0.001509900 0.053014376 3273.689886053 0.215123269 
0.001519900 0.053014376 3284.959798593 0.215908716 
0.001529900 0.053014376 3294.798849221 0.216594894 
0.001539900 0.053014376 3303.196566256 0.217180906 
0.001549900 0.053014376 3310.148578625 0.217666303 
0.001559900 0.053014376 3315.656783804 0.218051096 
0.001569900 0.053014376 3319.729543919 0.218335774 
0.001579900 0.053014376 3322.381885625 0.218521313 
0.001589900 0.053014376 3323.635679523 0.218609194 
0.001599900 0.053014376 3323.519776156 0.218601411 
0.001609900 0.053014376 3322.070077891 0.218500469 
0.001619900 0.053014376 3319.329529266 0.218309389 
0.001629900 0.053014376 3315.348012272 0.218031693 
0.001639900 0.053014376 3310.182137549 0.217671391 
0.001649900 0.053014376 3303.894927281 0.217232949 
0.001659900 0.053014376 3296.555390450 0.216721262 
0.001669900 0.053014376 3288.237995854 0.216141611 
0.001679900 0.053014376 3279.022052669 0.215499615 
0.001689900 0.053014376 3268.991012090 0.214801178 
0.001699900 0.053014376 3258.231706620 0.214052438 
0.001709900 0.053014376 3246.833545705 0.213259699 
0.001719900 0.053014376 3234.887687559 0.212429380 
0.001729900 0.053014376 3222.486207179 0.211567945 
0.001739900 0.053014376 3209.721279765 0.210681855 
0.001749900 0.053014376 3196.684397093 0.209777504 
0.001759900 0.053014376 3183.465631993 0.208861170 
0.001769900 0.053014376 3170.152963184 0.207938969 
0.001779900 0.053014376 3156.831669409 0.207016814 
0.001789900 0.053014376 3143.583798471 0.206100376 
0.001799900 0.053014376 3130.487713412 0.205195057 
0.001809900 0.053014376 3117.617715039 0.204305962 
0.001819900 0.053014376 3105.043737363 0.203437884 
0.001829900 0.053014376 3092.831110394 0.202595285 
0.001839900 0.053014376 3081.040383210 0.201782289 
0.001849900 0.053014376 3069.727199325 0.201002673 
0.001859900 0.053014376 3058.942216064 0.200259866 
0.001869900 0.053014376 3048.731059873 0.199556945 
0.001879900 0.053014376 3039.134310225 0.198896639 
0.001889900 0.053014376 3030.187505786 0.198281327 
0.001899900 0.053014376 3021.921167832 0.197713047 
0.001909900 0.053014376 3014.360837282 0.197193493 
0.001919900 0.053014376 3007.527123173 0.196724025 
0.001929900 0.053014376 3001.435761701 0.196305673 
0.001939900 0.053014376 2996.097686123 0.195939140 
0.001949900 0.053014376 2991.519108758 0.195624811 
0.001959900 0.053014376 2987.701616941 0.195362760 
0.001969900 0.053014376 2984.642285168 0.195152758 
0.001979900 0.053014376 2982.333805729 0.194994281 
0.001989900 0.053014376 2980.764639932 0.194886519 
0.001999900 0.053014376 2979.919191567 0.194828393 
0.002009900 0.053014376 2979.778003682 0.194818563 
0.002019900 0.053014376 2980.317978973 0.194855444 
0.002029900 0.053014376 2981.512623287 0.194937225 
0.002039900 0.053014376 2983.332310911 0.195061882 
0.002049900 0.053014376 2985.744569546 0.195227200 
0.002059900 0.053014376 2988.714382159 0.195430793 
0.002069900 0.053014376 2992.204502324 0.195670122 
0.002079900 0.053014376 2996.175779240 0.195942520 
0.002089900 0.053014376 3000.587488352 0.196245211 
0.002099900 0.053014376 3005.397663379 0.196575336 
0.002109900 0.053014376 3010.563425630 0.196929968 
0.002119900 0.053014376 3016.041306672 0.197306143 
0.002129900 0.053014376 3021.787560763 0.197700871 
0.002139900 0.053014376 3027.758463890 0.198111165 
0.002149900 0.053014376 3033.910596729 0.198534054 
0.002159900 0.053014376 3040.201109444 0.198966601 
0.002169900 0.053014376 3046.587966759 0.199405925 
0.002179900 0.053014376 3053.030172321 0.199849210 
0.002189900 0.053014376 3059.487971897 0.200293725 
0.002199900 0.053014376 3065.923035418 0.200736829 
0.002209900 0.053014376 3072.298618292 0.201175992 
0.002219900 0.053014376 3078.579702752 0.201608795 
0.002229900 0.053014376 3084.733120259 0.202032945 
0.002239900 0.053014376 3090.727656157 0.202446282 
0.002249900 0.053014376 3096.534137861 0.202846782 
0.002259900 0.053014376 3102.125507917 0.203232569 
0.002269900 0.053014376 3107.476883192 0.203601909 
0.002279900 0.053014376 3112.565601396 0.203953226 
0.002289900 0.053014376 3117.371255988 0.204285094 
0.002299900 0.053014376 3121.875720362 0.204596247 
0.002309900 0.053014376 3126.063162032 0.204885576 
0.002319900 0.053014376 3129.920047367 0.205152131 
0.002329900 0.053014376 3133.435137234 0.205395120 
0.002339900 0.053014376 3136.599473767 0.205613911 
0.002349900 0.053014376 3139.406358359 0.205808027 
0.002359900 0.053014376 3141.851320845 0.205977149 
0.002369900 0.053014376 3143.932079818 0.206121108 
0.002379900 0.053014376 3145.648493958 0.206239886 
0.002389900 0.053014376 3147.002504277 0.206333609 
0.002399900 0.053014376 3147.998067237 0.206402545 
0.002409900 0.053014376 3148.641078745 0.206447098 
0.002419900 0.053014376 3148.939289139 0.206467801 
0.002429900 0.053014376 3148.902209414 0.206465310 
0.002439900 0.053014376 3148.541009027 0.206440398 
0.002449900 0.053014376 3147.868405802 0.206393944 
0.002459900 0.053014376 3146.898548567 0.206326930 
0.002469900 0.053014376 3145.646893280 0.206240428 
0.002479900 0.053014376 3144.130073547 0.206135590 
0.002489900 0.053014376 3142.365766498 0.206013645 
0.002499900 0.053014376 3140.372555103 0.205875881 
0.002509900 0.053014376 3138.169788032 0.205723640 
0.002519900 0.053014376 3135.777438211 0.205558308 
0.002529900 0.053014376 3133.215961243 0.205381305 
0.002539900 0.053014376 3130.506154795 0.205194070 
0.002549900 0.053014376 3127.669020075 0.204998061 
0.002559900 0.053014376 3124.725626411 0.204794736 
0.002569900 0.053014376 3121.696979876 0.204585550 
0.002579900 0.053014376 3118.603896832 0.204371942 
0.002589900 0.053014376 3115.466883150 0.204155332 
0.002599900 0.053014376 3112.306019745 0.203937107 
0.002609900 0.053014376 3109.140855000 0.203718617 
0.002619900 0.053014376 3105.990304504 0.203501167 
0.002629900 0.053014376 3102.872558467 0.203286013 
0.002639900 0.053014376 3099.804997066 0.203074353 
0.002649900 0.053014376 3096.804113896 0.202867323 
0.002659900 0.053014376 3093.885447635 0.202665992 
0.002669900 0.053014376 3091.063521968 0.202471360 
0.002679900 0.053014376 3088.351793750 0.202284351 
0.002689900 0.053014376 3085.762609367 0.202105815 
0.002699900 0.053014376 3083.307169186 0.201936519 
0.002709900 0.053014376 3080.995499994 0.201777152 
0.002719900 0.053014376 3078.836435260 0.201628318 
0.002729900 0.053014376 3076.837603046 0.201490541 
0.002739900 0.053014376 3075.005421397 0.201364260 
0.002749900 0.053014376 3073.345100964 0.201249829 
0.002759900 0.053014376 3071.860654646 0.201147524 
0.002769900 0.053014376 3070.554913976 0.201057536 
0.002779900 0.053014376 3069.429551981 0.200979978 
0.002789900 0.053014376 3068.485112195 0.200914886 
0.002799900 0.053014376 3067.721043486 0.200862221 
0.002809900 0.053014376 3067.135740347 0.200821870 
0.002819900 0.053014376 3066.726588238 0.200793652 
0.002829900 0.053014376 3066.490013578 0.200777322 
0.002839900 0.053014376 3066.421537933 0.200772570 
0.002849900 0.053014376 3066.515835934 0.200779029 
0.002859900 0.053014376 3066.766796445 0.200796279 
0.002869900 0.053014376 3067.167586480 0.200823850 
0.002879900 0.053014376 3067.710717356 0.200861227 
0.002889900 0.053014376 3068.388112582 0.200907854 
0.002899900 0.053014376 3069.191176963 0.200963141 
0.002909900 0.053014376 3070.110866414 0.201026466 
0.002919900 0.053014376 3071.137758006 0.201097181 
0.002929900 0.053014376 3072.262119766 0.201174617 
0.002939900 0.053014376 3073.473979766 0.201258087 
0.002949900 0.053014376 3074.763194108 0.201346894 
0.002959900 0.053014376 3076.119513372 0.201440334 
0.002969900 0.053014376 3077.532647206 0.201537697 
0.002979900 0.053014376 3078.992326686 0.201638278 
0.002989900 0.053014376 3080.488364192 0.201741374 
0.002999900 0.053014376 3082.010710505 0.201846294 
0.003009900 0.053014376 3083.549508928 0.201952358 
0.003019900 0.053014376 3085.095146220 0.202058904 
0.003029900 0.053014376 3086.638300193 0.202165290 
0.003039900 0.053014376 3088.169983835 0.202270895 
0.003049900 0.053014376 3089.681585864 0.202375126 
0.003059900 0.053014376 3091.164907632 0.202477416 
0.003069900 0.053014376 3092.612196327 0.202577232 
0.003079900 0.053014376 3094.016174444 0.202674069 
0.003089900 0.053014376 3095.370065517 0.202767460 
0.003099900 0.053014376 3096.667616106 0.202856973 
0.003109900 0.053014376 3097.903114082 0.202942212 
0.003119900 0.053014376 3099.071403231 0.203022822 
0.003129900 0.053014376 3100.167894239 0.203098484 
0.003139900 0.053014376 3101.188572123 0.203168921 
0.003149900 0.053014376 3102.130000180 0.203233893 
0.003159900 0.053014376 3102.989320549 0.203293205 
0.003169900 0.053014376 3103.764251495 0.203346696 
0.003179900 0.053014376 3104.453081515 0.203394248 
0.003189900 0.053014376 3105.054660399 0.203435781 
0.003199900 0.053014376 3105.568387390 0.203471252 
0.003209900 0.053014376 3105.994196573 0.203500657 
0.003219900 0.053014376 3106.332539670 0.203524026 
0.003229900 0.053014376 3106.584366397 0.203541425 
0.003239900 0.053014376 3106.751102571 0.203552951 
0.003249900 0.053014376 3106.834626144 0.203558733 
0.003259900 0.053014376 3106.837241371 0.203558931 
0.003269900 0.053014376 3106.761651299 0.203553732 
0.003279900 0.053014376 3106.610928805 0.203543346 
0.003289900 0.053014376 3106.388486374 0.203528010 
0.003299900 0.053014376 3106.098044846 0.203507980 
0.003309900 0.053014376 3105.743601344 0.203483533 
0.003319900 0.053014376 3105.329396596 0.203454961 
0.003329900 0.053014376 3104.859881868 0.203422573 
0.003339900 0.053014376 3104.339685722 0.203386686 
0.003349900 0.053014376 3103.773580798 0.203347632 
0.003359900 0.053014376 3103.166450821 0.203305746 
0.003369900 0.053014376 3102.523258036 0.203261373 
0.003379900 0.053014376 3101.849011236 0.203214858 
0.003389900 0.053014376 3101.148734574 0.203166547 
0.003399900 0.053014376 3100.427437309 0.203116786 
0.003409900 0.053014376 3099.690084651 0.203065919 
0.003419900 0.053014376 3098.941569833 0.203014282 
0.003429900 0.053014376 3098.186687537 0.202962208 
0.003439900 0.053014376 3097.430108807 0.202910017 
0.003449900 0.053014376 3096.676357519 0.202858022 
0.003459900 0.053014376 3095.929788531 0.202806524 
0.003469900 0.053014376 3095.194567554 0.202755810 
0.003479900 0.053014376 3094.474652834 0.202706152 
0.003489900 0.053014376 3093.773778681 0.202657809 
0.003499900 0.053014376 3093.095440874 0.202611021 
0.003509900 0.053014376 3092.442883985 0.202566012 
0.003519900 0.053014376 3091.819090615 0.202522987 
0.003529900 0.053014376 3091.226772555 0.202482134 
0.003539900 0.053014376 3090.668363845 0.202443619 
0.003549900 0.053014376 3090.146015735 0.202407592 
0.003559900 0.053014376 3089.661593479 0.202374181 
0.003569900 0.053014376 3089.216674951 0.202343494 
0.003579900 0.053014376 3088.812551019 0.202315620 
0.003589900 0.053014376 3088.450227601 0.202290629 
0.003599900 0.053014376 3088.130429367 0.202268570 
0.003609900 0.053014376 3087.853604975 0.202249474 
0.003619900 0.053014376 3087.619933780 0.202233354 
0.003629900 0.053014376 3087.429333920 0.202220203 
0.003639900 0.053014376 3087.281471683 0.202210000 
0.003649900 0.053014376 3087.175772049 0.202202703 
0.003659900 0.053014376 3087.111430315 0.202198258 
0.003669900 0.053014376 3087.087424693 0.202196594 
0.003679900 0.053014376 3087.102529759 0.202197627 
0.003689900 0.053014376 3087.155330663 0.202201259 
0.003699900 0.053014376 3087.244237967 0.202207381 
0.003709900 0.053014376 3087.367503020 0.202215872 
0.003719900 0.053014376 3087.523233744 0.202226602 
0.003729900 0.053014376 3087.709410721 0.202239432 
0.003739900 0.053014376 3087.923903495 0.202254214 
0.003749900 0.053014376 3088.164486951 0.202270796 
0.003759900 0.053014376 3088.428857699 0.202289019 
0.003769900 0.053014376 3088.714650351 0.202308720 
0.003779900 0.053014376 3089.019453597 0.202329732 
0.003789900 0.053014376 3089.340826003 0.202351888 
0.003799900 0.053014376 3089.676311432 0.202375018 
0.003809900 0.053014376 3090.023454023 0.202398952 
0.003819900 0.053014376 3090.379812649 0.202423523 
0.003829900 0.053014376 3090.742974785 0.202448564 
0.003839900 0.053014376 3091.110569738 0.202473912 
0.003849900 0.053014376 3091.480281164 0.202499406 
0.003859900 0.053014376 3091.849858848 0.202524893 
0.003869900 0.053014376 3092.217129676 0.202550221 
0.003879900 0.053014376 3092.580007795 0.202575248 
0.003889900 0.053014376 3092.936503900 0.202599835 
0.003899900 0.053014376 3093.284733647 0.202623852 
0.003909900 0.053014376 3093.622925163 0.202647179 
0.003919900 0.053014376 3093.949425635 0.202669700 
0.003929900 0.053014376 3094.262706993 0.202691309 
0.003939900 0.053014376 3094.561370656 0.202711912 
0.003949900 0.053014376 3094.844151368 0.202731419 
0.003959900 0.053014376 3095.109920125 0.202749754 
0.003969900 0.053014376 3095.357686199 0.202766847 
0.003979900 0.053014376 3095.586598295 0.202782640 
0.003989900 0.053014376 3095.795944845 0.202797084 
0.003999900 0.053014376 3095.985153481 0.202810139 
0.004009900 0.053014376 3096.153789701 0.202821776 
0.004019900 0.053014376 3096.301554787 0.202831973 
0.004029900 0.053014376 3096.428282982 0.202840719 
0.004039900 0.053014376 3096.533937995 0.202848011 
0.004049900 0.053014376 3096.618608852 0.202853856 
0.004059900 0.053014376 3096.682505162 0.202858268 
0.004069900 0.053014376 3096.725951825 0.202861270 
0.004079900 0.053014376 3096.749383245 0.202862890 
0.004089900 0.053014376 3096.753337090 0.202863167 
0.004099900 0.053014376 3096.738447655 0.202862144 
0.004109900 0.053014376 3096.705438879 0.202859871 
0.004119900 0.053014376 3096.655117070 0.202856404 
0.004129900 0.053014376 3096.588363382 0.202851803 
0.004139900 0.053014376 3096.506126108 0.202846134 
0.004149900 0.053014376 3096.409412839 0.202839466 
0.004159900 0.053014376 3096.299282524 0.202831872 
0.004169900 0.053014376 3096.176837508 0.202823429 
0.004179900 0.053014376 3096.043215566 0.202814215 
0.004189900 0.053014376 3095.899582007 0.202804309 
0.004199900 0.053014376 3095.747121876 0.202793795 
0.004209900 0.053014376 3095.587032295 0.202782755 
0.004219900 0.053014376 3095.420514999 0.202771271 
0.004229900 0.053014376 3095.248769088 0.202759426 
0.004239900 0.053014376 3095.072984043 0.202747302 
0.004249900 0.053014376 3094.894333031 0.202734981 
0.004259900 0.053014376 3094.713966528 0.202722541 
0.004269900 0.053014376 3094.533006297 0.202710060 
0.004279900 0.053014376 3094.352539733 0.202697613 
0.004289900 0.053014376 3094.173614603 0.202685272 
0.004299900 0.053014376 3093.997234197 0.202673106 
0.004309900 0.053014376 3093.824352904 0.202661182 
0.004319900 0.053014376 3093.655872231 0.202649561 
0.004329900 0.053014376 3093.492637261 0.202638302 
0.004339900 0.053014376 3093.335433568 0.202627459 
0.004349900 0.053014376 3093.184984593 0.202617082 
0.004359900 0.053014376 3093.041949463 0.202607215 
0.004369900 0.053014376 3092.906921278 0.202597901 
0.004379900 0.053014376 3092.780425837 0.202589176 
0.004389900 0.053014376 3092.662920810 0.202581070 
0.004399900 0.053014376 3092.554795338 0.202573611 
0.004409900 0.053014376 3092.456370052 0.202566821 
0.004419900 0.053014376 3092.367897499 0.202560718 
0.004429900 0.053014376 3092.289562953 0.202555313 
0.004439900 0.053014376 3092.221485602 0.202550616 
0.004449900 0.053014376 3092.163720074 0.202546630 
0.004459900 0.053014376 3092.116258308 0.202543355 
0.004469900 0.053014376 3092.079031722 0.202540786 
0.004479900 0.053014376 3092.051913666 0.202538913 
0.004489900 0.053014376 3092.034722141 0.202537726 
0.004499900 0.053014376 3092.027222745 0.202537206 
0.004509900 0.053014376 3092.029131835 0.202537336 
0.004519900 0.053014376 3092.040119868 0.202538092 
0.004529900 0.053014376 3092.059814903 0.202539448 
0.004539900 0.053014376 3092.087806232 0.202541376 
0.004549900 0.053014376 3092.123648119 0.202543847 
0.004559900 0.053014376 3092.166863616 0.202546825 
0.004569900 0.053014376 3092.216948434 0.202550278 
0.004579900 0.053014376 3092.273374846 0.202554168 
0.004589900 0.053014376 3092.335595595 0.202558457 
0.004599900 0.053014376 3092.403047779 0.202563108 
0.004609900 0.053014376 3092.475156706 0.202568080 
0.004619900 0.053014376 3092.551339678 0.202573333 
0.004629900 0.053014376 3092.631009701 0.202578826 
0.004639900 0.053014376 3092.713579089 0.202584520 
0.004649900 0.053014376 3092.798462953 0.202590374 
0.004659900 0.053014376 3092.885082553 0.202596347 
0.004669900 0.053014376 3092.972868499 0.202602401 
0.004679900 0.053014376 3093.061263795 0.202608497 
0.004689900 0.053014376 3093.149726695 0.202614598 
0.004699900 0.053014376 3093.237733386 0.202620668 
0.004709900 0.053014376 3093.324780462 0.202626671 
0.004719900 0.053014376 3093.410387202 0.202632576 
0.004729900 0.053014376 3093.494097634 0.202638349 
0.004739900 0.053014376 3093.575482384 0.202643963 
0.004749900 0.053014376 3093.654140307 0.202649388 
0.004759900 0.053014376 3093.729699894 0.202654600 
0.004769900 0.053014376 3093.801820460 0.202659575 
0.004779900 0.053014376 3093.870193107 0.202664291 
0.004789900 0.053014376 3093.934541471 0.202668730 
0.004799900 0.053014376 3093.994622249 0.202672875 
0.004809900 0.053014376 3094.050225515 0.202676711 
0.004819900 0.053014376 3094.101174832 0.202680226 
0.004829900 0.053014376 3094.147327153 0.202683410 
0.004839900 0.053014376 3094.188572544 0.202686256 
0.004849900 0.053014376 3094.224833708 0.202688758 
0.004859900 0.053014376 3094.256065336 0.202690913 
0.004869900 0.053014376 3094.282253301 0.202692720 
0.004879900 0.053014376 3094.303413681 0.202694181 
0.004889900 0.053014376 3094.319591646 0.202695297 
0.004899900 0.053014376 3094.330860212 0.202696076 
0.004909900 0.053014376 3094.337318868 0.202696522 
0.004919900 0.053014376 3094.339092095 0.202696645 
0.004929900 0.053014376 3094.336327791 0.202696456 
0.004939900 0.053014376 3094.329195608 0.202695965 
0.004949900 0.053014376 3094.317885214 0.202695186 
0.004959900 0.053014376 3094.302604504 0.202694133 
0.004969900 0.053014376 3094.283577757 0.202692821 
0.004979900 0.053014376 3094.261043760 0.202691268 
0.004989900 0.053014376 3094.235253911 0.202689490 
0.004999900 0.053014376 3094.206470311 0.202687505 
0.005009900 0.053014376 3094.174963859 0.202685333 
0.005019900 0.053014376 3094.141012353 0.202682992 
0.005029900 0.053014376 3094.104898625 0.202680501 
0.005039900 0.053014376 3094.066908697 0.202677882 
0.005049900 0.053014376 3094.027329994 0.202675152 
0.005059900 0.053014376 3093.986449595 0.202672333 
0.005069900 0.053014376 3093.944552554 0.202669444 
0.005079900 0.053014376 3093.901920289 0.202666504 
0.005089900 0.053014376 3093.858829042 0.202663532 
0.005099900 0.053014376 3093.815548428 0.202660547 
0.005109900 0.053014376 3093.772340067 0.202657567 
0.005119900 0.053014376 3093.729456310 0.202654609 
0.005129900 0.053014376 3093.687139065 0.202651690 
0.005139900 0.053014376 3093.645618724 0.202648827 
0.005149900 0.053014376 3093.605113190 0.202646033 
0.005159900 0.053014376 3093.565827018 0.202643323 
0.005169900 0.053014376 3093.527950657 0.202640710 
0.005179900 0.053014376 3093.491659801 0.202638207 
0.005189900 0.053014376 3093.457114858 0.202635824 
0.005199900 0.053014376 3093.424460515 0.202633572 
0.005209900 0.053014376 3093.393825416 0.202631459 
0.005219900 0.053014376 3093.365321950 0.202629492 
0.005229900 0.053014376 3093.339046132 0.202627680 
0.005239900 0.053014376 3093.315077595 0.202626026 
0.005249900 0.053014376 3093.293479672 0.202624536 
0.005259900 0.053014376 3093.274299574 0.202623213 
0.005269900 0.053014376 3093.257568655 0.202622058 
0.005279900 0.053014376 3093.243302768 0.202621074 
0.005289900 0.053014376 3093.231502690 0.202620260 
0.005299900 0.053014376 3093.222154631 0.202619614 
0.005309900 0.053014376 3093.215230808 0.202619136 
0.005319900 0.053014376 3093.210690081 0.202618823 
0.005329900 0.053014376 3093.208478646 0.202618670 
0.005339900 0.053014376 3093.208530786 0.202618673 
0.005349900 0.053014376 3093.210769655 0.202618827 
0.005359900 0.053014376 3093.215108112 0.202619125 
0.005369900 0.053014376 3093.221449582 0.202619562 
0.005379900 0.053014376 3093.229688944 0.202620130 
0.005389900 0.053014376 3093.239713441 0.202620821 
0.005399900 0.053014376 3093.251403603 0.202621627 
0.005409900 0.053014376 3093.264634179 0.202622539 
0.005419900 0.053014376 3093.279275070 0.202623549 
0.005429900 0.053014376 3093.295192259 0.202624646 
0.005439900 0.053014376 3093.312248740 0.202625822 
0.005449900 0.053014376 3093.330305419 0.202627067 
0.005459900 0.053014376 3093.349222008 0.202628372 
0.005469900 0.053014376 3093.368857896 0.202629726 
0.005479900 0.053014376 3093.389072981 0.202631120 
0.005489900 0.053014376 3093.409728488 0.202632544 
0.005499900 0.053014376 3093.430687737 0.202633990 
0.005509900 0.053014376 3093.451816876 0.202635447 
0.005519900 0.053014376 3093.472985580 0.202636907 
0.005529900 0.053014376 3093.494067698 0.202638361 
0.005539900 0.053014376 3093.514941852 0.202639800 
0.005549900 0.053014376 3093.535491997 0.202641218 
0.005559900 0.053014376 3093.555607920 0.202642605 
0.005569900 0.053014376 3093.575185697 0.202643956 
0.005579900 0.053014376 3093.594128088 0.202645262 
0.005589900 0.053014376 3093.612344887 0.202646519 
0.005599900 0.053014376 3093.629753218 0.202647720 
0.005609900 0.053014376 3093.646277770 0.202648859 
0.005619900 0.053014376 3093.661850991 0.202649934 
0.005629900 0.053014376 3093.676413223 0.202650938 
0.005639900 0.053014376 3093.689912781 0.202651869 
0.005649900 0.053014376 3093.702305997 0.202652724 
0.005659900 0.053014376 3093.713557199 0.202653501 
0.005669900 0.053014376 3093.723638657 0.202654196 
0.005679900 0.053014376 3093.732530472 0.202654810 
0.005689900 0.053014376 3093.740220434 0.202655340 
0.005699900 0.053014376 3093.746703830 0.202655788 
0.005709900 0.053014376 3093.751983222 0.202656152 
0.005719900 0.053014376 3093.756068184 0.202656434 
0.005729900 0.053014376 3093.758975006 0.202656635 
0.005739900 0.053014376 3093.760726377 0.202656756 
0.005749900 0.053014376 3093.761351031 0.202656799 
0.005759900 0.053014376 3093.760883372 0.202656767 
0.005769900 0.053014376 3093.759363084 0.202656663 
0.005779900 0.053014376 3093.756834714 0.202656488 
0.005789900 0.053014376 3093.753347248 0.202656248 
0.005799900 0.053014376 3093.748953672 0.202655945 
0.005809900 0.053014376 3093.743710522 0.202655584 
0.005819900 0.053014376 3093.737677434 0.202655168 
0.005829900 0.053014376 3093.730916684 0.202654702 
0.005839900 0.053014376 3093.723492735 0.202654190 
0.005849900 0.053014376 3093.715471781 0.202653637 
0.005859900 0.053014376 3093.706921299 0.202653047 
0.005869900 0.053014376 3093.697909606 0.202652426 
0.005879900 0.053014376 3093.688505431 0.202651777 
0.005889900 0.053014376 3093.678777493 0.202651107 
0.005899900 0.053014376 3093.668794098 0.202650418 
0.005909900 0.053014376 3093.658622747 0.202649717 
0.005919900 0.053014376 3093.648329771 0.202649007 
0.005929900 0.053014376 3093.637979974 0.202648293 
0.005939900 0.053014376 3093.627636303 0.202647580 
0.005949900 0.053014376 3093.617359544 0.202646871 
0.005959900 0.053014376 3093.607208032 0.202646171 
0.005969900 0.053014376 3093.597237390 0.202645483 
0.005979900 0.053014376 3093.587500298 0.202644811 
0.005989900 0.053014376 3093.578046273 0.202644159 
0.005999900 0.053014376 3093.568921494 0.202643530 
0.006009900 0.053014376 3093.560168632 0.202642926 
0.006019900 0.053014376 3093.551826727 0.202642351 
0.006029900 0.053014376 3093.543931074 0.202641806 
0.006039900 0.053014376 3093.536513143 0.202641294 
0.006049900 0.053014376 3093.529600524 0.202640817 
0.006059900 0.053014376 3093.523216894 0.202640377 
0.006069900 0.053014376 3093.517382009 0.202639975 
0.006079900 0.053014376 3093.512111725 0.202639611 
0.006089900 0.053014376 3093.507418028 0.202639287 
0.006099900 0.053014376 3093.503309103 0.202639004 
0.006109900 0.053014376 3093.499789407 0.202638761 
0.006119900 0.053014376 3093.496859774 0.202638559 
0.006129900 0.053014376 3093.494517529 0.202638397 
0.006139900 0.053014376 3093.492756625 0.202638275 
0.006149900 0.053014376 3093.491567790 0.202638193 
0.006159900 0.053014376 3093.490938694 0.202638150 
0.006169900 0.053014376 3093.490854121 0.202638144 
0.006179900 0.053014376 3093.491296162 0.202638174 
0.006189900 0.053014376 3093.492244406 0.202638239 
0.006199900 0.053014376 3093.493676146 0.202638338 
0.006209900 0.053014376 3093.495566596 0.202638468 
0.006219900 0.053014376 3093.497889099 0.202638628 
0.006229900 0.053014376 3093.500615353 0.202638816 
0.006239900 0.053014376 3093.503715634 0.202639030 
0.006249900 0.053014376 3093.507159015 0.202639267 
0.006259900 0.053014376 3093.510913594 0.202639526 
0.006269900 0.053014376 3093.514946710 0.202639804 
0.006279900 0.053014376 3093.519225166 0.202640099 
0.006289900 0.053014376 3093.523715439 0.202640409 
0.006299900 0.053014376 3093.528383893 0.202640731 
0.006309900 0.053014376 3093.533196976 0.202641063 
0.006319900 0.053014376 3093.538121418 0.202641403 
0.006329900 0.053014376 3093.543124420 0.202641748 
0.006339900 0.053014376 3093.548173824 0.202642096 
0.006349900 0.053014376 3093.553238290 0.202642445 
0.006359900 0.053014376 3093.558287446 0.202642793 
0.006369900 0.053014376 3093.563292038 0.202643139 
0.006379900 0.053014376 3093.568224065 0.202643479 
0.006389900 0.053014376 3093.573056898 0.202643812 
0.006399900 0.053014376 3093.577765395 0.202644137 
0.006409900 0.053014376 3093.582325996 0.202644451 
0.006419900 0.053014376 3093.586716812 0.202644754 
0.006429900 0.053014376 3093.590917691 0.202645044 
0.006439900 0.053014376 3093.594910286 0.202645319 
0.006449900 0.053014376 3093.598678096 0.202645579 
0.006459900 0.053014376 3093.602206505 0.202645823 
0.006469900 0.053014376 3093.605482801 0.202646049 
0.006479900 0.053014376 3093.608496190 0.202646257 
0.006489900 0.053014376 3093.611237791 0.202646446 
0.006499900 0.053014376 3093.613700628 0.202646616 
0.006509900 0.053014376 3093.615879602 0.202646766 
0.006519900 0.053014376 3093.617771464 0.202646897 
0.006529900 0.053014376 3093.619374763 0.202647007 
0.006539900 0.053014376 3093.620689802 0.202647098 
0.006549900 0.053014376 3093.621718571 0.202647169 
0.006559900 0.053014376 3093.622464684 0.202647220 
0.006569900 0.053014376 3093.622933295 0.202647253 
0.006579900 0.053014376 3093.623131025 0.202647267 
0.006589900 0.053014376 3093.623065863 0.202647262 
0.006599900 0.053014376 3093.622747082 0.202647240 
0.006609900 0.053014376 3093.622185136 0.202647201 
0.006619900 0.053014376 3093.621391559 0.202647147 
0.006629900 0.053014376 3093.620378860 0.202647077 
0.006639900 0.053014376 3093.619160419 0.202646993 
0.006649900 0.053014376 3093.617750376 0.202646896 
0.006659900 0.053014376 3093.616163522 0.202646786 
0.006669900 0.053014376 3093.614415191 0.202646666 
0.006679900 0.053014376 3093.612521151 0.202646535 
0.006689900 0.053014376 3093.610497496 0.202646396 
0.006699900 0.053014376 3093.608360541 0.202646248 
0.006709900 0.053014376 3093.606126716 0.202646094 
0.006719900 0.053014376 3093.603812467 0.202645935 
0.006729900 0.053014376 3093.601434159 0.202645771 
0.006739900 0.053014376 3093.599007982 0.202645603 
0.006749900 0.053014376 3093.596549859 0.202645434 
0.006759900 0.053014376 3093.594075364 0.202645263 
0.006769900 0.053014376 3093.591599642 0.202645092 
0.006779900 0.053014376 3093.589137332 0.202644923 
0.006789900 0.053014376 3093.586702499 0.202644755 
0.006799900 0.053014376 3093.584308572 0.202644590 
0.006809900 0.053014376 3093.581968283 0.202644428 
0.006819900 0.053014376 3093.579693618 0.202644271 
0.006829900 0.053014376 3093.577495771 0.202644120 
0.006839900 0.053014376 3093.575385104 0.202643974 
0.006849900 0.053014376 3093.573371115 0.202643835 
0.006859900 0.053014376 3093.571462412 0.202643704 
0.006869900 0.053014376 3093.569666690 0.202643580 
0.006879900 0.053014376 3093.567990717 0.202643464 
0.006889900 0.053014376 3093.566440327 0.202643357 
0.006899900 0.053014376 3093.565020416 0.202643259 
0.006909900 0.053014376 3093.563734946 0.202643170 
0.006919900 0.053014376 3093.562586950 0.202643091 
0.006929900 0.053014376 3093.561578552 0.202643022 
0.006939900 0.053014376 3093.560710976 0.202642962 
0.006949900 0.053014376 3093.559984578 0.202642912 
0.006959900 0.053014376 3093.559398868 0.202642871 
0.006969900 0.053014376 3093.558952543 0.202642840 
0.006979900 0.053014376 3093.558643523 0.202642819 
0.006989900 0.053014376 3093.558468987 0.202642807 
0.006999900 0.053014376 3093.558425419 0.202642804 
0.007009900 0.053014376 3093.558508648 0.202642810 
0.007019900 0.053014376 3093.558713896 0.202642824 
0.007029900 0.053014376 3093.559035827 0.202642846 
0.007039900 0.053014376 3093.559468599 0.202642876 
0.007049900 0.053014376 3093.560005913 0.202642913 
0.007059900 0.053014376 3093.560641066 0.202642957 
0.007069900 0.053014376 3093.561367005 0.202643007 
0.007079900 0.053014376 3093.562176381 0.202643062 
0.007089900 0.053014376 3093.563061600 0.202643124 
0.007099900 0.053014376 3093.564014878 0.202643189 
0.007109900 0.053014376 3093.565028294 0.202643259 
0.007119900 0.053014376 3093.566093840 0.202643333 
0.007129900 0.053014376 3093.567203469 0.202643409 
0.007139900 0.053014376 3093.568349149 0.202643488 
0.007149900 0.053014376 3093.569522906 0.202643569 
0.007159900 0.053014376 3093.570716869 0.202643651 
0.007169900 0.053014376 3093.571923315 0.202643735 
0.007179900 0.053014376 3093.573134709 0.202643818 
0.007189900 0.053014376 3093.574343740 0.202643902 
0.007199900 0.053014376 3093.575543360 0.202643984 
0.007209900 0.053014376 3093.576726813 0.202644066 
0.007219900 0.053014376 3093.577887667 0.202644146 
0.007229900 0.053014376 3093.579019842 0.202644224 
0.007239900 0.053014376 3093.580117632 0.202644300 
0.007249900 0.053014376 3093.581175725 0.202644373 
0.007259900 0.053014376 3093.582189226 0.202644443 
0.007269900 0.053014376 3093.583153665 0.202644509 
0.007279900 0.053014376 3093.584065016 0.202644572 
0.007289900 0.053014376 3093.584919698 0.202644631 
0.007299900 0.053014376 3093.585714588 0.202644686 
0.007309900 0.053014376 3093.586447020 0.202644736 
0.007319900 0.053014376 3093.587114788 0.202644782 
0.007329900 0.053014376 3093.587716140 0.202644824 
0.007339900 0.053014376 3093.588249775 0.202644861 
0.007349900 0.053014376 3093.588714836 0.202644893 
0.007359900 0.053014376 3093.589110900 0.202644920 
0.007369900 0.053014376 3093.589437964 0.202644943 
0.007379900 0.053014376 3093.589696432 0.202644961 
0.007389900 0.053014376 3093.589887099 0.202644974 
0.007399900 0.053014376 3093.590011132 0.202644982 
0.007409900 0.053014376 3093.590070054 0.202644986 
0.007419900 0.053014376 3093.590065718 0.202644986 
0.007429900 0.053014376 3093.590000288 0.202644982 
0.007439900 0.053014376 3093.589876215 0.202644973 
0.007449900 0.053014376 3093.589696214 0.202644961 
0.007459900 0.053014376 3093.589463236 0.202644945 
0.007469900 0.053014376 3093.589180447 0.202644925 
0.007479900 0.053014376 3093.588851198 0.202644902 
0.007489900 0.053014376 3093.588479000 0.202644877 
0.007499900 0.053014376 3093.588067501 0.202644848 
0.007509900 0.053014376 3093.587620456 0.202644818 
0.007519900 0.053014376 3093.587141701 0.202644785 
0.007529900 0.053014376 3093.586635133 0.202644750 
0.007539900 0.053014376 3093.586104678 0.202644713 
0.007549900 0.053014376 3093.585554272 0.202644675 
0.007559900 0.053014376 3093.584987834 0.202644636 
0.007569900 0.053014376 3093.584409247 0.202644596 
0.007579900 0.053014376 3093.583822333 0.202644556 
0.007589900 0.053014376 3093.583230833 0.202644515 
0.007599900 0.053014376 3093.582638392 0.202644474 
0.007609900 0.053014376 3093.582048533 0.202644433 
0.007619900 0.053014376 3093.581464648 0.202644393 
0.007629900 0.053014376 3093.580889978 0.202644353 
0.007639900 0.053014376 3093.580327599 0.202644315 
0.007649900 0.053014376 3093.579780412 0.202644277 
0.007659900 0.053014376 3093.579251129 0.202644240 
0.007669900 0.053014376 3093.578742267 0.202644205 
0.007679900 0.053014376 3093.578256136 0.202644172 
0.007689900 0.053014376 3093.577794833 0.202644140 
0.007699900 0.053014376 3093.577360239 0.202644110 
0.007709900 0.053014376 3093.576954013 0.202644082 
0.007719900 0.053014376 3093.576577593 0.202644056 
0.007729900 0.053014376 3093.576232189 0.202644032 
0.007739900 0.053014376 3093.575918790 0.202644011 
0.007749900 0.053014376 3093.575638162 0.202643991 
0.007759900 0.053014376 3093.575390851 0.202643974 
0.007769900 0.053014376 3093.575177190 0.202643959 
0.007779900 0.053014376 3093.574997300 0.202643947 
0.007789900 0.053014376 3093.574851101 0.202643937 
0.007799900 0.053014376 3093.574738315 0.202643929 
0.007809900 0.053014376 3093.574658479 0.202643924 
0.007819900 0.053014376 3093.574610949 0.202643920 
0.007829900 0.053014376 3093.574594912 0.202643919 
0.007839900 0.053014376 3093.574609400 0.202643920 
0.007849900 0.053014376 3093.574653293 0.202643923 
0.007859900 0.053014376 3093.574725341 0.202643928 
0.007869900 0.053014376 3093.574824165 0.202643935 
0.007879900 0.053014376 3093.574948278 0.202643943 
0.007889900 0.053014376 3093.575096093 0.202643954 
0.007899900 0.053014376 3093.575265937 0.202643965 
0.007909900 0.053014376 3093.575456064 0.202643978 
0.007919900 0.053014376 3093.575664668 0.202643993 
0.007929900 0.053014376 3093.575889893 0.202644008 
0.007939900 0.053014376 3093.576129850 0.202644025 
0.007949900 0.053014376 3093.576382625 0.202644042 
0.007959900 0.053014376 3093.576646296 0.202644061 
0.007969900 0.053014376 3093.576918938 0.202644079 
0.007979900 0.053014376 3093.577198641 0.202644099 
0.007989900 0.053014376 3093.577483517 0.202644118 
0.007999900 0.053014376 3093.577771711 0.202644138 
0.008009900 0.053014376 3093.578061412 0.202644158 
0.008019900 0.053014376 3093.578350861 0.202644178 
0.008029900 0.053014376 3093.578638360 0.202644198 
0.008039900 0.053014376 3093.578922279 0.202644218 
0.008049900 0.053014376 3093.579201064 0.202644237 
0.008059900 0.053014376 3093.579473247 0.202644256 
0.008069900 0.053014376 3093.579737445 0.202644274 
0.008079900 0.053014376 3093.579992371 0.202644291 
0.008089900 0.053014376 3093.580236834 0.202644308 
0.008099900 0.053014376 3093.580469747 0.202644324 
0.008109900 0.053014376 3093.580690127 0.202644339 
0.008119900 0.053014376 3093.580897098 0.202644354 
0.008129900 0.053014376 3093.581089894 0.202644367 
0.008139900 0.053014376 3093.581267856 0.202644379 
0.008149900 0.053014376 3093.581430437 0.202644391 
0.008159900 0.053014376 3093.581577199 0.202644401 
0.008169900 0.053014376 3093.581707810 0.202644410 
0.008179900 0.053014376 3093.581822046 0.202644418 
0.008189900 0.053014376 3093.581919788 0.202644424 
0.008199900 0.053014376 3093.582001017 0.202644430 
0.008209900 0.053014376 3093.582065812 0.202644434 
0.008219900 0.053014376 3093.582114347 0.202644438 
0.008229900 0.053014376 3093.582146884 0.202644440 
0.008239900 0.053014376 3093.582163774 0.202644441 
0.008249900 0.053014376 3093.582165446 0.202644441 
0.008259900 0.053014376 3093.582152404 0.202644440 
0.008269900 0.053014376 3093.582125222 0.202644438 
0.008279900 0.053014376 3093.582084539 0.202644436 
0.008289900 0.053014376 3093.582031051 0.202644432 
0.008299900 0.053014376 3093.581965507 0.202644427 
0.008309900 0.053014376 3093.581888700 0.202644422 
0.008319900 0.053014376 3093.581801465 0.202644416 
0.008329900 0.053014376 3093.581704667 0.202644410 
0.008339900 0.053014376 3093.581599202 0.202644402 
0.008349900 0.053014376 3093.581485984 0.202644394 
0.008359900 0.053014376 3093.581365942 0.202644386 
0.008369900 0.053014376 3093.581240016 0.202644377 
0.008379900 0.053014376 3093.581109146 0.202644368 
0.008389900 0.053014376 3093.580974272 0.202644359 
0.008399900 0.053014376 3093.580836323 0.202644350 
0.008409900 0.053014376 3093.580696218 0.202644340 
0.008419900 0.053014376 3093.580554856 0.202644330 
0.008429900 0.053014376 3093.580413112 0.202644320 
0.008439900 0.053014376 3093.580271836 0.202644311 
0.008449900 0.053014376 3093.580131843 0.202644301 
0.008459900 0.053014376 3093.579993918 0.202644292 
0.008469900 0.053014376 3093.579858802 0.202644282 
0.008479900 0.053014376 3093.579727197 0.202644273 
0.008489900 0.053014376 3093.579599761 0.202644264 
0.008499900 0.053014376 3093.579477105 0.202644256 
0.008509900 0.053014376 3093.579359789 0.202644248 
0.008519900 0.053014376 3093.579248326 0.202644240 
0.008529900 0.053014376 3093.579143174 0.202644233 
0.008539900 0.053014376 3093.579044741 0.202644226 
0.008549900 0.053014376 3093.578953379 0.202644220 
0.008559900 0.053014376 3093.578869388 0.202644214 
0.008569900 0.053014376 3093.578793013 0.202644209 
0.008579900 0.053014376 3093.578724449 0.202644204 
0.008589900 0.053014376 3093.578663835 0.202644200 
0.008599900 0.053014376 3093.578611260 0.202644196 
0.008609900 0.053014376 3093.578566762 0.202644193 
0.008619900 0.053014376 3093.578530331 0.202644191 
0.008629900 0.053014376 3093.578501908 0.202644189 
0.008639900 0.053014376 3093.578481390 0.202644187 
0.008649900 0.053014376 3093.578468631 0.202644186 
0.008659900 0.053014376 3093.578463444 0.202644186 
0.008669900 0.053014376 3093.578465604 0.202644186 
0.008679900 0.053014376 3093.578474849 0.202644187 
0.008689900 0.053014376 3093.578490886 0.202644188 
0.008699900 0.053014376 3093.578513390 0.202644189 
0.008709900 0.053014376 3093.578542010 0.202644191 
0.008719900 0.053014376 3093.578576370 0.202644194 
0.008729900 0.053014376 3093.578616074 0.202644196 
0.008739900 0.053014376 3093.578660707 0.202644200 
0.008749900 0.053014376 3093.578709839 0.202644203 
0.008759900 0.053014376 3093.578763028 0.202644207 
0.008769900 0.053014376 3093.578819824 0.202644211 
0.008779900 0.053014376 3093.578879770 0.202644215 
0.008789900 0.053014376 3093.578942405 0.202644219 
0.008799900 0.053014376 3093.579007270 0.202644223 
0.008809900 0.053014376 3093.579073906 0.202644228 
0.008819900 0.053014376 3093.579141862 0.202644233 
0.008829900 0.053014376 3093.579210691 0.202644237 
0.008839900 0.053014376 3093.579279958 0.202644242 
0.008849900 0.053014376 3093.579349241 0.202644247 
0.008859900 0.053014376 3093.579418129 0.202644252 
0.008869900 0.053014376 3093.579486230 0.202644256 
0.008879900 0.053014376 3093.579553170 0.202644261 
0.008889900 0.053014376 3093.579618592 0.202644266 
0.008899900 0.053014376 3093.579682162 0.202644270 
0.008909900 0.053014376 3093.579743569 0.202644274 
0.008919900 0.053014376 3093.579802522 0.202644278 
0.008929900 0.053014376 3093.579858758 0.202644282 
0.008939900 0.053014376 3093.579912036 0.202644286 
0.008949900 0.053014376 3093.579962144 0.202644289 
0.008959900 0.053014376 3093.580008891 0.202644293 
0.008969900 0.053014376 3093.580052117 0.202644296 
0.008979900 0.053014376 3093.580091685 0.202644298 
0.008989900 0.053014376 3093.580127485 0.202644301 
0.008999900 0.053014376 3093.580159435 0.202644303 
0.009009900 0.053014376 3093.580187476 0.202644305 
0.009019900 0.053014376 3093.580211574 0.202644307 
0.009029900 0.053014376 3093.580231721 0.202644308 
0.009039900 0.053014376 3093.580247932 0.202644309 
0.009049900 0.053014376 3093.580260244 0.202644310 
0.009059900 0.053014376 3093.580268716 0.202644310 
0.009069900 0.053014376 3093.580273428 0.202644311 
0.009079900 0.053014376 3093.580274480 0.202644311 
0.009089900 0.053014376 3093.580271989 0.202644311 
0.009099900 0.053014376 3093.580266090 0.202644310 
0.009109900 0.053014376 3093.580256931 0.202644310 
0.009119900 0.053014376 3093.580244679 0.202644309 
0.009129900 0.053014376 3093.580229509 0.202644308 
0.009139900 0.053014376 3093.580211610 0.202644307 
0.009149900 0.053014376 3093.580191179 0.202644305 
0.009159900 0.053014376 3093.580168423 0.202644304 
0.009169900 0.053014376 3093.580143554 0.202644302 
0.009179900 0.053014376 3093.580116791 0.202644300 
0.009189900 0.053014376 3093.580088354 0.202644298 
0.009199900 0.053014376 3093.580058469 0.202644296 
0.009209900 0.053014376 3093.580027361 0.202644294 
0.009219900 0.053014376 3093.579995254 0.202644292 
0.009229900 0.053014376 3093.579962372 0.202644289 
0.009239900 0.053014376 3093.579928934 0.202644287 
0.009249900 0.053014376 3093.579895157 0.202644285 
0.009259900 0.053014376 3093.579861251 0.202644282 
0.009269900 0.053014376 3093.579827420 0.202644280 
0.009279900 0.053014376 3093.579793862 0.202644278 
0.009289900 0.053014376 3093.579760765 0.202644275 
0.009299900 0.053014376 3093.579728308 0.202644273 
0.009309900 0.053014376 3093.579696662 0.202644271 
0.009319900 0.053014376 3093.579665985 0.202644269 
0.009329900 0.053014376 3093.579636426 0.202644267 
0.009339900 0.053014376 3093.579608121 0.202644265 
0.009349900 0.053014376 3093.579581195 0.202644263 
0.009359900 0.053014376 3093.579555760 0.202644261 
0.009369900 0.053014376 3093.579531915 0.202644260 
0.009379900 0.053014376 3093.579509747 0.202644258 
0.009389900 0.053014376 3093.579489330 0.202644257 
0.009399900 0.053014376 3093.579470726 0.202644255 
0.009409900 0.053014376 3093.579453983 0.202644254 
0.009419900 0.053014376 3093.579439136 0.202644253 
0.009429900 0.053014376 3093.579426209 0.202644252 
0.009439900 0.053014376 3093.579415214 0.202644252 
0.009449900 0.053014376 3093.579406150 0.202644251 
0.009459900 0.053014376 3093.579399004 0.202644250 
0.009469900 0.053014376 3093.579393755 0.202644250 
0.009479900 0.053014376 3093.579390370 0.202644250 
0.009489900 0.053014376 3093.579388804 0.202644250 
0.009499900 0.053014376 3093.579389006 0.202644250 
0.009509900 0.053014376 3093.579390915 0.202644250 
0.009519900 0.053014376 3093.579394462 0.202644250 
0.009529900 0.053014376 3093.579399571 0.202644251 
0.009539900 0.053014376 3093.579406158 0.202644251 
0.009549900 0.053014376 3093.579414136 0.202644252 
0.009559900 0.053014376 3093.579423409 0.202644252 
0.009569900 0.053014376 3093.579433879 0.202644253 
0.009579900 0.053014376 3093.579445445 0.202644254 
0.009589900 0.053014376 3093.579458001 0.202644255 
0.009599900 0.053014376 3093.579471438 0.202644255 
0.009609900 0.053014376 3093.579485650 0.202644256 
0.009619900 0.053014376 3093.579500525 0.202644257 
0.009629900 0.053014376 3093.579515953 0.202644259 
0.009639900 0.053014376 3093.579531824 0.202644260 
0.009649900 0.053014376 3093.579548031 0.202644261 
0.009659900 0.053014376 3093.579564466 0.202644262 
0.009669900 0.053014376 3093.579581025 0.202644263 
0.009679900 0.053014376 3093.579597605 0.202644264 
0.009689900 0.053014376 3093.579614108 0.202644265 
0.009699900 0.053014376 3093.579630440 0.202644266 
0.009709900 0.053014376 3093.579646510 0.202644268 
0.009719900 0.053014376 3093.579662232 0.202644269 
0.009729900 0.053014376 3093.579677525 0.202644270 
0.009739900 0.053014376 3093.579692313 0.202644271 
0.009749900 0.053014376 3093.579706527 0.202644272 
0.009759900 0.053014376 3093.579720102 0.202644273 
0.009769900 0.053014376 3093.579732979 0.202644273 
0.009779900 0.053014376 3093.579745107 0.202644274 
0.009789900 0.053014376 3093.579756439 0.202644275 
0.009799900 0.053014376 3093.579766934 0.202644276 
0.009809900 0.053014376 3093.579776560 0.202644277 
0.009819900 0.053014376 3093.579785290 0.202644277 
0.009829900 0.053014376 3093.579793101 0.202644278 
0.009839900 0.053014376 3093.579799979 0.202644278 
0.009849900 0.053014376 3093.579805915 0.202644279 
0.009859900 0.053014376 3093.579810906 0.202644279 
0.009869900 0.053014376 3093.579814954 0.202644279 
0.009879900 0.053014376 3093.579818068 0.202644279 
0.009889900 0.053014376 3093.579820260 0.202644280 
0.009899900 0.053014376 3093.579821549 0.202644280 
0.009909900 0.053014376 3093.579821957 0.202644280 
0.009919900 0.053014376 3093.579821513 0.202644280 
0.009929900 0.053014376 3093.579820247 0.202644280 
0.009939900 0.053014376 3093.579818195 0.202644279 
0.009949900 0.053014376 3093.579815395 0.202644279 
0.009959900 0.053014376 3093.579811889 0.202644279 
0.009969900 0.053014376 3093.579807723 0.202644279 
0.009979900 0.053014376 3093.579802942 0.202644278 
0.009989900 0.053014376 3093.579797595 0.202644278 
0.009999900 0.053014376 3093.579791734 0.202644278 
