Sim: 2
ID: 0
Description: Test run of cold flow MSSE simulation with Ma 0.1 initialisation
Variables: 4
time A mass_flux Ma
0.000009900 0.053014376 4094.196536842 0.232094387 
0.000019900 0.053014376 4108.975490012 0.233664665 
0.000029900 0.053014376 4113.213079092 0.234149201 
0.000039900 0.053014376 4113.482198037 0.234273001 
0.000049900 0.053014376 4113.104719489 0.234306319 
0.000059900 0.053014376 4112.745772993 0.234314910 
0.000069900 0.053014376 4112.488210921 0.234315868 
0.000079900 0.053014376 4112.310183197 0.234314159 
0.000089900 0.053014376 4112.169895379 0.234310645 
0.000099900 0.053014376 4111.960044253 0.234300700 
0.000109900 0.053014376 4111.310987505 0.234263008 
0.000119900 0.053014376 4109.181896175 0.234135117 
0.000129900 0.053014376 4103.342800188 0.233782067 
0.000139900 0.053014376 4090.116575469 0.232980701 
0.000149900 0.053014376 4064.834256144 0.231447675 
0.000159900 0.053014376 4023.167711948 0.228921541 
0.000169900 0.053014376 3962.974721105 0.225275979 
0.000179900 0.053014376 3885.856950545 0.220613639 
0.000189900 0.053014376 3797.574201906 0.215287542 
0.000199900 0.053014376 3706.881513404 0.209826004 
0.000209900 0.053014376 3623.119080780 0.204785457 
0.000219900 0.053014376 3553.579349287 0.200595227 
0.000229900 0.053014376 3501.814758645 0.197461775 
0.000239900 0.053014376 3467.488748023 0.195363934 
0.000249900 0.053014376 3447.515732580 0.194121296 
0.000259900 0.053014376 3437.686852324 0.193488594 
0.000269900 0.053014376 3434.006597055 0.193232290 
0.000279900 0.053014376 3433.380658759 0.193169803 
0.000289900 0.053014376 3433.732598187 0.193176371 
0.000299900 0.053014376 3433.839613023 0.193176254 
0.000309900 0.053014376 3433.137974781 0.193132350 
0.000319900 0.053014376 3431.588594210 0.193039143 
0.000329900 0.053014376 3429.569271392 0.192916857 
0.000339900 0.053014376 3427.740796672 0.192803738 
0.000349900 0.053014376 3426.884605416 0.192746426 
0.000359900 0.053014376 3427.759382230 0.192791293 
0.000369900 0.053014376 3431.032804802 0.192980078 
0.000379900 0.053014376 3437.315836646 0.193351460 
0.000389900 0.053014376 3447.280880643 0.193947510 
0.000399900 0.053014376 3461.799937236 0.194821383 
0.000409900 0.053014376 3482.014696609 0.196041249 
0.000419900 0.053014376 3509.269065922 0.197686509 
0.000429900 0.053014376 3544.898318164 0.199835915 
0.000439900 0.053014376 3589.944420284 0.202551467 
0.000449900 0.053014376 3644.905737988 0.205864142 
0.000459900 0.053014376 3709.609026591 0.209766429 
0.000469900 0.053014376 3783.232274617 0.214213337 
0.000479900 0.053014376 3864.448019957 0.219130251 
0.000489900 0.053014376 3951.625854749 0.224424244 
0.000499900 0.053014376 4043.033724457 0.229995474 
0.000509900 0.053014376 4136.997972899 0.235746357 
0.000519900 0.053014376 4232.006669203 0.241587616 
0.000529900 0.053014376 4326.759610765 0.247441328 
0.000539900 0.053014376 4420.178302468 0.253241686 
0.000549900 0.053014376 4511.391485112 0.258934341 
0.000559900 0.053014376 4599.709446213 0.264475084 
0.000569900 0.053014376 4684.596210000 0.269828374 
0.000579900 0.053014376 4765.644615294 0.274966032 
0.000589900 0.053014376 4842.556124006 0.279866197 
0.000599900 0.053014376 4915.125166674 0.284512537 
0.000609900 0.053014376 4983.226787194 0.288893653 
0.000619900 0.053014376 5046.806037216 0.293002553 
0.000629900 0.053014376 5105.867729981 0.296836135 
0.000639900 0.053014376 5160.465577536 0.300394591 
0.000649900 0.053014376 5210.690243302 0.303680712 
0.000659900 0.053014376 5256.656332823 0.306699102 
0.000669900 0.053014376 5298.488749585 0.309455304 
0.000679900 0.053014376 5336.309123061 0.311954921 
0.000689900 0.053014376 5370.223161028 0.314202773 
0.000699900 0.053014376 5400.309794980 0.316202152 
0.000709900 0.053014376 5426.612895612 0.317954253 
0.000719900 0.053014376 5449.136161682 0.319457806 
0.000729900 0.053014376 5467.841559395 0.320708950 
0.000739900 0.053014376 5482.651439323 0.321701371 
0.000749900 0.053014376 5493.454209032 0.322426684 
0.000759900 0.053014376 5500.113212120 0.322875041 
0.000769900 0.053014376 5502.478272407 0.323035936 
0.000779900 0.053014376 5500.399213092 0.322899144 
0.000789900 0.053014376 5493.740556597 0.322455745 
0.000799900 0.053014376 5482.396549282 0.321699159 
0.000809900 0.053014376 5466.305632121 0.320626131 
0.000819900 0.053014376 5445.463490702 0.319237592 
0.000829900 0.053014376 5419.933865529 0.317539345 
0.000839900 0.053014376 5389.856389955 0.315542519 
0.000849900 0.053014376 5355.450854455 0.313263748 
0.000859900 0.053014376 5317.017477574 0.310725061 
0.000869900 0.053014376 5274.932996877 0.307953484 
0.000879900 0.053014376 5229.642669621 0.304980358 
0.000889900 0.053014376 5181.648573811 0.301840432 
0.000899900 0.053014376 5131.494896241 0.298570784 
0.000909900 0.053014376 5079.751148504 0.295209631 
0.000919900 0.053014376 5026.994428274 0.291795137 
0.000929900 0.053014376 4973.791912779 0.288364262 
0.000939900 0.053014376 4920.684720747 0.284951757 
0.000949900 0.053014376 4868.174113702 0.281589327 
0.000959900 0.053014376 4816.710751089 0.278305031 
0.000969900 0.053014376 4766.687403585 0.275122910 
0.000979900 0.053014376 4718.435208035 0.272062843 
0.000989900 0.053014376 4672.223255847 0.269140616 
0.000999900 0.053014376 4628.261075081 0.266368163 
0.001009900 0.053014376 4586.703412176 0.263753936 
0.001019900 0.053014376 4547.656645667 0.261303367 
0.001029900 0.053014376 4511.186163186 0.259019370 
0.001039900 0.053014376 4477.324088672 0.256902857 
0.001049900 0.053014376 4446.076840054 0.254953223 
0.001059900 0.053014376 4417.432110283 0.253168796 
0.001069900 0.053014376 4391.364981277 0.251547217 
0.001079900 0.053014376 4367.842990104 0.250085757 
0.001089900 0.053014376 4346.830062954 0.248781552 
0.001099900 0.053014376 4328.289311908 0.247631777 
0.001109900 0.053014376 4312.184751844 0.246633741 
0.001119900 0.053014376 4298.482041279 0.245784931 
0.001129900 0.053014376 4287.148383676 0.245082999 
0.001139900 0.053014376 4278.151746914 0.244525710 
0.001149900 0.053014376 4271.459570112 0.244110856 
0.001159900 0.053014376 4267.037129849 0.243836156 
0.001169900 0.053014376 4264.845732958 0.243699137 
0.001179900 0.053014376 4264.840891047 0.243697019 
0.001189900 0.053014376 4266.970613737 0.243826608 
0.001199900 0.053014376 4271.173934730 0.244084199 
0.001209900 0.053014376 4277.379758782 0.244465503 
0.001219900 0.053014376 4285.506090476 0.244965591 
0.001229900 0.053014376 4295.459678724 0.245578865 
0.001239900 0.053014376 4307.136085729 0.246299061 
0.001249900 0.053014376 4320.420166473 0.247119264 
0.001259900 0.053014376 4335.186925274 0.248031958 
0.001269900 0.053014376 4351.302700008 0.249029091 
0.001279900 0.053014376 4368.626612463 0.250102153 
0.001289900 0.053014376 4387.012215084 0.251242275 
0.001299900 0.053014376 4406.309260267 0.252440327 
0.001309900 0.053014376 4426.365518226 0.253687029 
0.001319900 0.053014376 4447.028573022 0.254973055 
0.001329900 0.053014376 4468.147533277 0.256289137 
0.001339900 0.053014376 4489.574603635 0.257626157 
0.001349900 0.053014376 4511.166474521 0.258975236 
0.001359900 0.053014376 4532.785500272 0.260327806 
0.001369900 0.053014376 4554.300648534 0.261675669 
0.001379900 0.053014376 4575.588216179 0.263011047 
0.001389900 0.053014376 4596.532318164 0.264326612 
0.001399900 0.053014376 4617.025165490 0.265615511 
0.001409900 0.053014376 4636.967156154 0.266871370 
0.001419900 0.053014376 4656.266808771 0.268088302 
0.001429900 0.053014376 4674.840572161 0.269260895 
0.001439900 0.053014376 4692.612545880 0.270384199 
0.001449900 0.053014376 4709.514146383 0.271453711 
0.001459900 0.053014376 4725.483751638 0.272465357 
0.001469900 0.053014376 4740.466353633 0.273415475 
0.001479900 0.053014376 4754.413243750 0.274300799 
0.001489900 0.053014376 4767.281750618 0.275118445 
0.001499900 0.053014376 4779.035044162 0.275865904 
0.001509900 0.053014376 4789.642013444 0.276541037 
0.001519900 0.053014376 4799.077219780 0.277142074 
0.001529900 0.053014376 4807.320920866 0.277667621 
0.001539900 0.053014376 4814.359156652 0.278116664 
0.001549900 0.053014376 4820.183882637 0.278488584 
0.001559900 0.053014376 4824.793134248 0.278783163 
0.001569900 0.053014376 4828.191201837 0.279000602 
0.001579900 0.053014376 4830.388796092 0.279141530 
0.001589900 0.053014376 4831.403182871 0.279207010 
0.001599900 0.053014376 4831.258267792 0.279198549 
0.001609900 0.053014376 4829.984612976 0.279118093 
0.001619900 0.053014376 4827.619371384 0.278968025 
0.001629900 0.053014376 4824.206127923 0.278751153 
0.001639900 0.053014376 4819.794640775 0.278470688 
0.001649900 0.053014376 4814.440480987 0.278130220 
0.001659900 0.053014376 4808.204572970 0.277733689 
0.001669900 0.053014376 4801.152643025 0.277285343 
0.001679900 0.053014376 4793.354587027 0.276789695 
0.001689900 0.053014376 4784.883771811 0.276251479 
0.001699900 0.053014376 4775.816287423 0.275675596 
0.001709900 0.053014376 4766.230169093 0.275067066 
0.001719900 0.053014376 4756.204608541 0.274430971 
0.001729900 0.053014376 4745.819173948 0.273772409 
0.001739900 0.053014376 4735.153056786 0.273096441 
0.001749900 0.053014376 4724.284361720 0.272408049 
0.001759900 0.053014376 4713.289453167 0.271712090 
0.001769900 0.053014376 4702.242369053 0.271013260 
0.001779900 0.053014376 4691.214308931 0.270316067 
0.001789900 0.053014376 4680.273200321 0.269624796 
0.001799900 0.053014376 4669.483343874 0.268943495 
0.001809900 0.053014376 4658.905135095 0.268275953 
0.001819900 0.053014376 4648.594857911 0.267625693 
0.001829900 0.053014376 4638.604543487 0.266995961 
0.001839900 0.053014376 4628.981886355 0.266389722 
0.001849900 0.053014376 4619.770209223 0.265809665 
0.001859900 0.053014376 4611.008467644 0.265258196 
0.001869900 0.053014376 4602.731286042 0.264737449 
0.001879900 0.053014376 4594.969017323 0.264249287 
0.001889900 0.053014376 4587.747819294 0.263795310 
0.001899900 0.053014376 4581.089742388 0.263376860 
0.001909900 0.053014376 4575.012824419 0.262995029 
0.001919900 0.053014376 4569.531189516 0.262650667 
0.001929900 0.053014376 4564.655149526 0.262344385 
0.001939900 0.053014376 4560.391307352 0.262076569 
0.001949900 0.053014376 4556.742662546 0.261847379 
0.001959900 0.053014376 4553.708720216 0.261656763 
0.001969900 0.053014376 4551.285604740 0.261504459 
0.001979900 0.053014376 4549.466180041 0.261390007 
0.001989900 0.053014376 4548.240178208 0.261312754 
0.001999900 0.053014376 4547.594338091 0.261271863 
0.002009900 0.053014376 4547.512555203 0.261266324 
0.002019900 0.053014376 4547.976043858 0.261294961 
0.002029900 0.053014376 4548.963511962 0.261356446 
0.002039900 0.053014376 4550.451348379 0.261449306 
0.002049900 0.053014376 4552.413822239 0.261571939 
0.002059900 0.053014376 4554.823293079 0.261722624 
0.002069900 0.053014376 4557.650430242 0.261899535 
0.002079900 0.053014376 4560.864439621 0.262100757 
0.002089900 0.053014376 4564.433295531 0.262324296 
0.002099900 0.053014376 4568.323975321 0.262568094 
0.002109900 0.053014376 4572.502694262 0.262830047 
0.002119900 0.053014376 4576.935138264 0.263108016 
0.002129900 0.053014376 4581.586692053 0.263399839 
0.002139900 0.053014376 4586.422660669 0.263703350 
0.002149900 0.053014376 4591.408482328 0.264016387 
0.002159900 0.053014376 4596.509931037 0.264336808 
0.002169900 0.053014376 4601.693307627 0.264662502 
0.002179900 0.053014376 4606.925618214 0.264991398 
0.002189900 0.053014376 4612.174739436 0.265321479 
0.002199900 0.053014376 4617.409570090 0.265650787 
0.002209900 0.053014376 4622.600169106 0.265977438 
0.002219900 0.053014376 4627.717880005 0.266299623 
0.002229900 0.053014376 4632.735442189 0.266615621 
0.002239900 0.053014376 4637.627089557 0.266923801 
0.002249900 0.053014376 4642.368637022 0.267222633 
0.002259900 0.053014376 4646.937555554 0.267510687 
0.002269900 0.053014376 4651.313036364 0.267786640 
0.002279900 0.053014376 4655.476044817 0.268049281 
0.002289900 0.053014376 4659.409364582 0.268297513 
0.002299900 0.053014376 4663.097632436 0.268530355 
0.002309900 0.053014376 4666.527364046 0.268746944 
0.002319900 0.053014376 4669.686970935 0.268946538 
0.002329900 0.053014376 4672.566768749 0.269128513 
0.002339900 0.053014376 4675.158976840 0.269292368 
0.002349900 0.053014376 4677.457709126 0.269437721 
0.002359900 0.053014376 4679.458956134 0.269564309 
0.002369900 0.053014376 4681.160558110 0.269671988 
0.002379900 0.053014376 4682.562169110 0.269760730 
0.002389900 0.053014376 4683.665211999 0.269830617 
0.002399900 0.053014376 4684.472824362 0.269881843 
0.002409900 0.053014376 4684.989795427 0.269914706 
0.002419900 0.053014376 4685.222494188 0.269929607 
0.002429900 0.053014376 4685.178789050 0.269927040 
0.002439900 0.053014376 4684.867959438 0.269907591 
0.002449900 0.053014376 4684.300599950 0.269871929 
0.002459900 0.053014376 4683.488517747 0.269820801 
0.002469900 0.053014376 4682.444624009 0.269755024 
0.002479900 0.053014376 4681.182820353 0.269675479 
0.002489900 0.053014376 4679.717881237 0.269583101 
0.002499900 0.053014376 4678.065333395 0.269478873 
0.002509900 0.053014376 4676.241333402 0.269363819 
0.002519900 0.053014376 4674.262544486 0.269238994 
0.002529900 0.053014376 4672.146013680 0.269105478 
0.002539900 0.053014376 4669.909050369 0.268964366 
0.002549900 0.053014376 4667.569107258 0.268816762 
0.002559900 0.053014376 4665.143664676 0.268663773 
0.002569900 0.053014376 4662.650119068 0.268506498 
0.002579900 0.053014376 4660.105676426 0.268346025 
0.002589900 0.053014376 4657.527251288 0.268183421 
0.002599900 0.053014376 4654.931371851 0.268019732 
0.002609900 0.053014376 4652.334091616 0.267855968 
0.002619900 0.053014376 4649.750907889 0.267693109 
0.002629900 0.053014376 4647.196687353 0.267532090 
0.002639900 0.053014376 4644.685598871 0.267373804 
0.002649900 0.053014376 4642.231053544 0.267219095 
0.002659900 0.053014376 4639.845652041 0.267068757 
0.002669900 0.053014376 4637.541139116 0.266923528 
0.002679900 0.053014376 4635.328365204 0.266784088 
0.002689900 0.053014376 4633.217254939 0.266651063 
0.002699900 0.053014376 4631.216782417 0.266525014 
0.002709900 0.053014376 4629.334952992 0.266406445 
0.002719900 0.053014376 4627.578791403 0.266295795 
0.002729900 0.053014376 4625.954335987 0.266193443 
0.002739900 0.053014376 4624.466638740 0.266099705 
0.002749900 0.053014376 4623.119770996 0.266014835 
0.002759900 0.053014376 4621.916834450 0.265939027 
0.002769900 0.053014376 4620.859977292 0.265872416 
0.002779900 0.053014376 4619.950415154 0.265815076 
0.002789900 0.053014376 4619.188456634 0.265767026 
0.002799900 0.053014376 4618.573533079 0.265728230 
0.002809900 0.053014376 4618.104232352 0.265698599 
0.002819900 0.053014376 4617.778336272 0.265677992 
0.002829900 0.053014376 4617.592861404 0.265666222 
0.002839900 0.053014376 4617.544102879 0.265663056 
0.002849900 0.053014376 4617.627680897 0.265668219 
0.002859900 0.053014376 4617.838589560 0.265681397 
0.002869900 0.053014376 4618.171247697 0.265702239 
0.002879900 0.053014376 4618.619551292 0.265730362 
0.002889900 0.053014376 4619.176927184 0.265765354 
0.002899900 0.053014376 4619.836387646 0.265806775 
0.002909900 0.053014376 4620.590585509 0.265854165 
0.002919900 0.053014376 4621.431869473 0.265907042 
0.002929900 0.053014376 4622.352339259 0.265964912 
0.002939900 0.053014376 4623.343900290 0.266027265 
0.002949900 0.053014376 4624.398317575 0.266093583 
0.002959900 0.053014376 4625.507268518 0.266163345 
0.002969900 0.053014376 4626.662394371 0.266236023 
0.002979900 0.053014376 4627.855350086 0.266311095 
0.002989900 0.053014376 4629.077852327 0.266388038 
0.002999900 0.053014376 4630.321725445 0.266466338 
0.003009900 0.053014376 4631.578945231 0.266545491 
0.003019900 0.053014376 4632.841680270 0.266625002 
0.003029900 0.053014376 4634.102330776 0.266704394 
0.003039900 0.053014376 4635.353564772 0.266783204 
0.003049900 0.053014376 4636.588351512 0.266860988 
0.003059900 0.053014376 4637.799992080 0.266937326 
0.003069900 0.053014376 4638.982147076 0.267011816 
0.003079900 0.053014376 4640.128861357 0.267084083 
0.003089900 0.053014376 4641.234585803 0.267153777 
0.003099900 0.053014376 4642.294196062 0.267220573 
0.003109900 0.053014376 4643.303008310 0.267284175 
0.003119900 0.053014376 4644.256791995 0.267344317 
0.003129900 0.053014376 4645.151779613 0.267400760 
0.003139900 0.053014376 4645.984673539 0.267453295 
0.003149900 0.053014376 4646.752649962 0.267501743 
0.003159900 0.053014376 4647.453359985 0.267545955 
0.003169900 0.053014376 4648.084927953 0.267585812 
0.003179900 0.053014376 4648.645947106 0.267621225 
0.003189900 0.053014376 4649.135472646 0.267652133 
0.003199900 0.053014376 4649.553012320 0.267678504 
0.003209900 0.053014376 4649.898514647 0.267700335 
0.003219900 0.053014376 4650.172354924 0.267717648 
0.003229900 0.053014376 4650.375319129 0.267730494 
0.003239900 0.053014376 4650.508585907 0.267738944 
0.003249900 0.053014376 4650.573706767 0.267743098 
0.003259900 0.053014376 4650.572584681 0.267743074 
0.003269900 0.053014376 4650.507451246 0.267739014 
0.003279900 0.053014376 4650.380842600 0.267731076 
0.003289900 0.053014376 4650.195574272 0.267719438 
0.003299900 0.053014376 4649.954715154 0.267704294 
0.003309900 0.053014376 4649.661560781 0.267685852 
0.003319900 0.053014376 4649.319606121 0.267664331 
0.003329900 0.053014376 4648.932518039 0.267639962 
0.003339900 0.053014376 4648.504107642 0.267612987 
0.003349900 0.053014376 4648.038302665 0.267583653 
0.003359900 0.053014376 4647.539120079 0.267552214 
0.003369900 0.053014376 4647.010639084 0.267518925 
0.003379900 0.053014376 4646.456974644 0.267484048 
0.003389900 0.053014376 4645.882251711 0.267447841 
0.003399900 0.053014376 4645.290580269 0.267410565 
0.003409900 0.053014376 4644.686031333 0.267372476 
0.003419900 0.053014376 4644.072614015 0.267333827 
0.003429900 0.053014376 4643.454253760 0.267294865 
0.003439900 0.053014376 4642.834771832 0.267255831 
0.003449900 0.053014376 4642.217866160 0.267216958 
0.003459900 0.053014376 4641.607093576 0.267178470 
0.003469900 0.053014376 4641.005853523 0.267140582 
0.003479900 0.053014376 4640.417373285 0.267103497 
0.003489900 0.053014376 4639.844694739 0.267067407 
0.003499900 0.053014376 4639.290662697 0.267032490 
0.003509900 0.053014376 4638.757914816 0.266998914 
0.003519900 0.053014376 4638.248873092 0.266966830 
0.003529900 0.053014376 4637.765736937 0.266936378 
0.003539900 0.053014376 4637.310477811 0.266907681 
0.003549900 0.053014376 4636.884835393 0.266880849 
0.003559900 0.053014376 4636.490315256 0.266855977 
0.003569900 0.053014376 4636.128188009 0.266833145 
0.003579900 0.053014376 4635.799489850 0.266812418 
0.003589900 0.053014376 4635.505024493 0.266793847 
0.003599900 0.053014376 4635.245366391 0.266777468 
0.003609900 0.053014376 4635.020865199 0.266763304 
0.003619900 0.053014376 4634.831651417 0.266751362 
0.003629900 0.053014376 4634.677643116 0.266741637 
0.003639900 0.053014376 4634.558553691 0.266734112 
0.003649900 0.053014376 4634.473900544 0.266728756 
0.003659900 0.053014376 4634.423014629 0.266725527 
0.003669900 0.053014376 4634.405050755 0.266724372 
0.003679900 0.053014376 4634.418998577 0.266725228 
0.003689900 0.053014376 4634.463694174 0.266728021 
0.003699900 0.053014376 4634.537832131 0.266732669 
0.003709900 0.053014376 4634.639978043 0.266739082 
0.003719900 0.053014376 4634.768581334 0.266747163 
0.003729900 0.053014376 4634.921988331 0.266756807 
0.003739900 0.053014376 4635.098455486 0.266767904 
0.003749900 0.053014376 4635.296162672 0.266780341 
0.003759900 0.053014376 4635.513226475 0.266793998 
0.003769900 0.053014376 4635.747713404 0.266808755 
0.003779900 0.053014376 4635.997652939 0.266824486 
0.003789900 0.053014376 4636.261050353 0.266841067 
0.003799900 0.053014376 4636.535899241 0.266858370 
0.003809900 0.053014376 4636.820193688 0.266876271 
0.003819900 0.053014376 4637.111940024 0.266894642 
0.003829900 0.053014376 4637.409168109 0.266913360 
0.003839900 0.053014376 4637.709942099 0.266932304 
0.003849900 0.053014376 4638.012370646 0.266951353 
0.003859900 0.053014376 4638.314616502 0.266970393 
0.003869900 0.053014376 4638.614905473 0.266989311 
0.003879900 0.053014376 4638.911534714 0.267008000 
0.003889900 0.053014376 4639.202880324 0.267026357 
0.003899900 0.053014376 4639.487404225 0.267044287 
0.003909900 0.053014376 4639.763660316 0.267061696 
0.003919900 0.053014376 4640.030299874 0.267078501 
0.003929900 0.053014376 4640.286076214 0.267094623 
0.003939900 0.053014376 4640.529848593 0.267109990 
0.003949900 0.053014376 4640.760585360 0.267124536 
0.003959900 0.053014376 4640.977366373 0.267138204 
0.003969900 0.053014376 4641.179384667 0.267150943 
0.003979900 0.053014376 4641.365947417 0.267162708 
0.003989900 0.053014376 4641.536476188 0.267173464 
0.003999900 0.053014376 4641.690506509 0.267183181 
0.004009900 0.053014376 4641.827686793 0.267191836 
0.004019900 0.053014376 4641.947776623 0.267199415 
0.004029900 0.053014376 4642.050644445 0.267205909 
0.004039900 0.053014376 4642.136264691 0.267211316 
0.004049900 0.053014376 4642.204714382 0.267215641 
0.004059900 0.053014376 4642.256169223 0.267218895 
0.004069900 0.053014376 4642.290899263 0.267221095 
0.004079900 0.053014376 4642.309264125 0.267222264 
0.004089900 0.053014376 4642.311707881 0.267222429 
0.004099900 0.053014376 4642.298753585 0.267221624 
0.004109900 0.053014376 4642.270997533 0.267219886 
0.004119900 0.053014376 4642.229103270 0.267217256 
0.004129900 0.053014376 4642.173795412 0.267213781 
0.004139900 0.053014376 4642.105853300 0.267209509 
0.004149900 0.053014376 4642.026104553 0.267204493 
0.004159900 0.053014376 4641.935418550 0.267198786 
0.004169900 0.053014376 4641.834699878 0.267192447 
0.004179900 0.053014376 4641.724881798 0.267185535 
0.004189900 0.053014376 4641.606919760 0.267178108 
0.004199900 0.053014376 4641.481785004 0.267170229 
0.004209900 0.053014376 4641.350458284 0.267161959 
0.004219900 0.053014376 4641.213923749 0.267153360 
0.004229900 0.053014376 4641.073163012 0.267144495 
0.004239900 0.053014376 4640.929149431 0.267135424 
0.004249900 0.053014376 4640.782842638 0.267126207 
0.004259900 0.053014376 4640.635183329 0.267116905 
0.004269900 0.053014376 4640.487088349 0.267107575 
0.004279900 0.053014376 4640.339446083 0.267098273 
0.004289900 0.053014376 4640.193112167 0.267089053 
0.004299900 0.053014376 4640.048905552 0.267079967 
0.004309900 0.053014376 4639.907604902 0.267071062 
0.004319900 0.053014376 4639.769945366 0.267062387 
0.004329900 0.053014376 4639.636615710 0.267053985 
0.004339900 0.053014376 4639.508255827 0.267045895 
0.004349900 0.053014376 4639.385454612 0.267038154 
0.004359900 0.053014376 4639.268748222 0.267030798 
0.004369900 0.053014376 4639.158618695 0.267023855 
0.004379900 0.053014376 4639.055492947 0.267017354 
0.004389900 0.053014376 4638.959742118 0.267011316 
0.004399900 0.053014376 4638.871681280 0.267005764 
0.004409900 0.053014376 4638.791569477 0.267000711 
0.004419900 0.053014376 4638.719610100 0.266996172 
0.004429900 0.053014376 4638.655951576 0.266992156 
0.004439900 0.053014376 4638.600688357 0.266988669 
0.004449900 0.053014376 4638.553862193 0.266985713 
0.004459900 0.053014376 4638.515463677 0.266983288 
0.004469900 0.053014376 4638.485434031 0.266981390 
0.004479900 0.053014376 4638.463667134 0.266980013 
0.004489900 0.053014376 4638.450011744 0.266979147 
0.004499900 0.053014376 4638.444273927 0.266978780 
0.004509900 0.053014376 4638.446219643 0.266978897 
0.004519900 0.053014376 4638.455577487 0.266979482 
0.004529900 0.053014376 4638.472041550 0.266980514 
0.004539900 0.053014376 4638.495274396 0.266981972 
0.004549900 0.053014376 4638.524910116 0.266983835 
0.004559900 0.053014376 4638.560557446 0.266986076 
0.004569900 0.053014376 4638.601802930 0.266988670 
0.004579900 0.053014376 4638.648214112 0.266991590 
0.004589900 0.053014376 4638.699342719 0.266994808 
0.004599900 0.053014376 4638.754727842 0.266998294 
0.004609900 0.053014376 4638.813899075 0.267002018 
0.004619900 0.053014376 4638.876379609 0.267005952 
0.004629900 0.053014376 4638.941689253 0.267010064 
0.004639900 0.053014376 4639.009347380 0.267014325 
0.004649900 0.053014376 4639.078875771 0.267018704 
0.004659900 0.053014376 4639.149801349 0.267023171 
0.004669900 0.053014376 4639.221658793 0.267027697 
0.004679900 0.053014376 4639.293993014 0.267032253 
0.004689900 0.053014376 4639.366361493 0.267036812 
0.004699900 0.053014376 4639.438336461 0.267041347 
0.004709900 0.053014376 4639.509506919 0.267045831 
0.004719900 0.053014376 4639.579480498 0.267050240 
0.004729900 0.053014376 4639.647885135 0.267054551 
0.004739900 0.053014376 4639.714370583 0.267058741 
0.004749900 0.053014376 4639.778609739 0.267062789 
0.004759900 0.053014376 4639.840299786 0.267066678 
0.004769900 0.053014376 4639.899163164 0.267070388 
0.004779900 0.053014376 4639.954948346 0.267073905 
0.004789900 0.053014376 4640.007430448 0.267077213 
0.004799900 0.053014376 4640.056411654 0.267080302 
0.004809900 0.053014376 4640.101721465 0.267083159 
0.004819900 0.053014376 4640.143216787 0.267085776 
0.004829900 0.053014376 4640.180781848 0.267088145 
0.004839900 0.053014376 4640.214327959 0.267090262 
0.004849900 0.053014376 4640.243793120 0.267092121 
0.004859900 0.053014376 4640.269141491 0.267093721 
0.004869900 0.053014376 4640.290362716 0.267095061 
0.004879900 0.053014376 4640.307471125 0.267096141 
0.004889900 0.053014376 4640.320504819 0.267096965 
0.004899900 0.053014376 4640.329524637 0.267097537 
0.004909900 0.053014376 4640.334613037 0.267097860 
0.004919900 0.053014376 4640.335872873 0.267097942 
0.004929900 0.053014376 4640.333426107 0.267097791 
0.004939900 0.053014376 4640.327412437 0.267097414 
0.004949900 0.053014376 4640.317987878 0.267096823 
0.004959900 0.053014376 4640.305323292 0.267096027 
0.004969900 0.053014376 4640.289602873 0.267095039 
0.004979900 0.053014376 4640.271022618 0.267093871 
0.004989900 0.053014376 4640.249788762 0.267092535 
0.004999900 0.053014376 4640.226116225 0.267091045 
0.005009900 0.053014376 4640.200227046 0.267089416 
0.005019900 0.053014376 4640.172348830 0.267087661 
0.005029900 0.053014376 4640.142713223 0.267085795 
0.005039900 0.053014376 4640.111554402 0.267083833 
0.005049900 0.053014376 4640.079107615 0.267081790 
0.005059900 0.053014376 4640.045607750 0.267079680 
0.005069900 0.053014376 4640.011287966 0.267077518 
0.005079900 0.053014376 4639.976378374 0.267075319 
0.005089900 0.053014376 4639.941104783 0.267073097 
0.005099900 0.053014376 4639.905687512 0.267070866 
0.005109900 0.053014376 4639.870340280 0.267068639 
0.005119900 0.053014376 4639.835269162 0.267066430 
0.005129900 0.053014376 4639.800671637 0.267064250 
0.005139900 0.053014376 4639.766735713 0.267062111 
0.005149900 0.053014376 4639.733639137 0.267060026 
0.005159900 0.053014376 4639.701548694 0.267058003 
0.005169900 0.053014376 4639.670619595 0.267056054 
0.005179900 0.053014376 4639.640994952 0.267054187 
0.005189900 0.053014376 4639.612805343 0.267052410 
0.005199900 0.053014376 4639.586168470 0.267050730 
0.005209900 0.053014376 4639.561188895 0.267049156 
0.005219900 0.053014376 4639.537957869 0.267047691 
0.005229900 0.053014376 4639.516553249 0.267046341 
0.005239900 0.053014376 4639.497039486 0.267045110 
0.005249900 0.053014376 4639.479467703 0.267044002 
0.005259900 0.053014376 4639.463875840 0.267043018 
0.005269900 0.053014376 4639.450288884 0.267042161 
0.005279900 0.053014376 4639.438719150 0.267041431 
0.005289900 0.053014376 4639.429166645 0.267040827 
0.005299900 0.053014376 4639.421619482 0.267040351 
0.005309900 0.053014376 4639.416054351 0.267039999 
0.005319900 0.053014376 4639.412437045 0.267039769 
0.005329900 0.053014376 4639.410723028 0.267039660 
0.005339900 0.053014376 4639.410858051 0.267039667 
0.005349900 0.053014376 4639.412778795 0.267039787 
0.005359900 0.053014376 4639.416413556 0.267040015 
0.005369900 0.053014376 4639.421682949 0.267040345 
0.005379900 0.053014376 4639.428500636 0.267040774 
0.005389900 0.053014376 4639.436774069 0.267041294 
0.005399900 0.053014376 4639.446405248 0.267041900 
0.005409900 0.053014376 4639.457291484 0.267042585 
0.005419900 0.053014376 4639.469326155 0.267043342 
0.005429900 0.053014376 4639.482399480 0.267044165 
0.005439900 0.053014376 4639.496399261 0.267045046 
0.005449900 0.053014376 4639.511211635 0.267045979 
0.005459900 0.053014376 4639.526721795 0.267046955 
0.005469900 0.053014376 4639.542814704 0.267047969 
0.005479900 0.053014376 4639.559375776 0.267049012 
0.005489900 0.053014376 4639.576291541 0.267050077 
0.005499900 0.053014376 4639.593450271 0.267051158 
0.005509900 0.053014376 4639.610742585 0.267052247 
0.005519900 0.053014376 4639.628062010 0.267053338 
0.005529900 0.053014376 4639.645305513 0.267054425 
0.005539900 0.053014376 4639.662373993 0.267055500 
0.005549900 0.053014376 4639.679172727 0.267056559 
0.005559900 0.053014376 4639.695611788 0.267057595 
0.005569900 0.053014376 4639.711606406 0.267058603 
0.005579900 0.053014376 4639.727077298 0.267059578 
0.005589900 0.053014376 4639.741950950 0.267060515 
0.005599900 0.053014376 4639.756159851 0.267061411 
0.005609900 0.053014376 4639.769642694 0.267062261 
0.005619900 0.053014376 4639.782344524 0.267063061 
0.005629900 0.053014376 4639.794216848 0.267063810 
0.005639900 0.053014376 4639.805217703 0.267064504 
0.005649900 0.053014376 4639.815311682 0.267065140 
0.005659900 0.053014376 4639.824469925 0.267065718 
0.005669900 0.053014376 4639.832670061 0.267066235 
0.005679900 0.053014376 4639.839896126 0.267066691 
0.005689900 0.053014376 4639.846138439 0.267067085 
0.005699900 0.053014376 4639.851393448 0.267067417 
0.005709900 0.053014376 4639.855663541 0.267067686 
0.005719900 0.053014376 4639.858956834 0.267067895 
0.005729900 0.053014376 4639.861286926 0.267068042 
0.005739900 0.053014376 4639.862672640 0.267068130 
0.005749900 0.053014376 4639.863137728 0.267068160 
0.005759900 0.053014376 4639.862710569 0.267068134 
0.005769900 0.053014376 4639.861423845 0.267068053 
0.005779900 0.053014376 4639.859314199 0.267067921 
0.005789900 0.053014376 4639.856421891 0.267067739 
0.005799900 0.053014376 4639.852790434 0.267067511 
0.005809900 0.053014376 4639.848466227 0.267067239 
0.005819900 0.053014376 4639.843498189 0.267066927 
0.005829900 0.053014376 4639.837937380 0.267066577 
0.005839900 0.053014376 4639.831836628 0.267066193 
0.005849900 0.053014376 4639.825250160 0.267065778 
0.005859900 0.053014376 4639.818233236 0.267065336 
0.005869900 0.053014376 4639.810841784 0.267064871 
0.005879900 0.053014376 4639.803132049 0.267064385 
0.005889900 0.053014376 4639.795160254 0.267063883 
0.005899900 0.053014376 4639.786982264 0.267063368 
0.005909900 0.053014376 4639.778653272 0.267062844 
0.005919900 0.053014376 4639.770227497 0.267062313 
0.005929900 0.053014376 4639.761757894 0.267061779 
0.005939900 0.053014376 4639.753295885 0.267061246 
0.005949900 0.053014376 4639.744891112 0.267060717 
0.005959900 0.053014376 4639.736591198 0.267060194 
0.005969900 0.053014376 4639.728441539 0.267059680 
0.005979900 0.053014376 4639.720485109 0.267059179 
0.005989900 0.053014376 4639.712762291 0.267058692 
0.005999900 0.053014376 4639.705310725 0.267058223 
0.006009900 0.053014376 4639.698165178 0.267057772 
0.006019900 0.053014376 4639.691357437 0.267057343 
0.006029900 0.053014376 4639.684916223 0.267056937 
0.006039900 0.053014376 4639.678867125 0.267056556 
0.006049900 0.053014376 4639.673232553 0.267056200 
0.006059900 0.053014376 4639.668031716 0.267055872 
0.006069900 0.053014376 4639.663280618 0.267055573 
0.006079900 0.053014376 4639.658992066 0.267055302 
0.006089900 0.053014376 4639.655175710 0.267055062 
0.006099900 0.053014376 4639.651838087 0.267054851 
0.006109900 0.053014376 4639.648982692 0.267054671 
0.006119900 0.053014376 4639.646610058 0.267054521 
0.006129900 0.053014376 4639.644717853 0.267054401 
0.006139900 0.053014376 4639.643300991 0.267054312 
0.006149900 0.053014376 4639.642351756 0.267054252 
0.006159900 0.053014376 4639.641859935 0.267054220 
0.006169900 0.053014376 4639.641812962 0.267054217 
0.006179900 0.053014376 4639.642196076 0.267054241 
0.006189900 0.053014376 4639.642992477 0.267054291 
0.006199900 0.053014376 4639.644183496 0.267054366 
0.006209900 0.053014376 4639.645748769 0.267054464 
0.006219900 0.053014376 4639.647666414 0.267054584 
0.006229900 0.053014376 4639.649913211 0.267054726 
0.006239900 0.053014376 4639.652464784 0.267054886 
0.006249900 0.053014376 4639.655295784 0.267055064 
0.006259900 0.053014376 4639.658380073 0.267055259 
0.006269900 0.053014376 4639.661690900 0.267055467 
0.006279900 0.053014376 4639.665201086 0.267055688 
0.006289900 0.053014376 4639.668883194 0.267055920 
0.006299900 0.053014376 4639.672709701 0.267056161 
0.006309900 0.053014376 4639.676653162 0.267056409 
0.006319900 0.053014376 4639.680686372 0.267056663 
0.006329900 0.053014376 4639.684782516 0.267056921 
0.006339900 0.053014376 4639.688915314 0.267057181 
0.006349900 0.053014376 4639.693059158 0.267057443 
0.006359900 0.053014376 4639.697189242 0.267057703 
0.006369900 0.053014376 4639.701281679 0.267057961 
0.006379900 0.053014376 4639.705313610 0.267058215 
0.006389900 0.053014376 4639.709263308 0.267058464 
0.006399900 0.053014376 4639.713110264 0.267058706 
0.006409900 0.053014376 4639.716835269 0.267058941 
0.006419900 0.053014376 4639.720420480 0.267059167 
0.006429900 0.053014376 4639.723849485 0.267059383 
0.006439900 0.053014376 4639.727107346 0.267059588 
0.006449900 0.053014376 4639.730180638 0.267059782 
0.006459900 0.053014376 4639.733057481 0.267059963 
0.006469900 0.053014376 4639.735727552 0.267060132 
0.006479900 0.053014376 4639.738182097 0.267060286 
0.006489900 0.053014376 4639.740413931 0.267060427 
0.006499900 0.053014376 4639.742417422 0.267060554 
0.006509900 0.053014376 4639.744188477 0.267060665 
0.006519900 0.053014376 4639.745724510 0.267060762 
0.006529900 0.053014376 4639.747024409 0.267060844 
0.006539900 0.053014376 4639.748088493 0.267060912 
0.006549900 0.053014376 4639.748918460 0.267060964 
0.006559900 0.053014376 4639.749517330 0.267061002 
0.006569900 0.053014376 4639.749889385 0.267061025 
0.006579900 0.053014376 4639.750040098 0.267061035 
0.006589900 0.053014376 4639.749976065 0.267061031 
0.006599900 0.053014376 4639.749704922 0.267061014 
0.006609900 0.053014376 4639.749235269 0.267060985 
0.006619900 0.053014376 4639.748576588 0.267060944 
0.006629900 0.053014376 4639.747739153 0.267060891 
0.006639900 0.053014376 4639.746733944 0.267060828 
0.006649900 0.053014376 4639.745572560 0.267060755 
0.006659900 0.053014376 4639.744267131 0.267060672 
0.006669900 0.053014376 4639.742830221 0.267060582 
0.006679900 0.053014376 4639.741274750 0.267060484 
0.006689900 0.053014376 4639.739613898 0.267060380 
0.006699900 0.053014376 4639.737861019 0.267060269 
0.006709900 0.053014376 4639.736029561 0.267060154 
0.006719900 0.053014376 4639.734132980 0.267060034 
0.006729900 0.053014376 4639.732184661 0.267059912 
0.006739900 0.053014376 4639.730197839 0.267059787 
0.006749900 0.053014376 4639.728185534 0.267059660 
0.006759900 0.053014376 4639.726160471 0.267059532 
0.006769900 0.053014376 4639.724135023 0.267059405 
0.006779900 0.053014376 4639.722121145 0.267059278 
0.006789900 0.053014376 4639.720130321 0.267059152 
0.006799900 0.053014376 4639.718173510 0.267059029 
0.006809900 0.053014376 4639.716261101 0.267058909 
0.006819900 0.053014376 4639.714402869 0.267058791 
0.006829900 0.053014376 4639.712607939 0.267058678 
0.006839900 0.053014376 4639.710884756 0.267058570 
0.006849900 0.053014376 4639.709241053 0.267058466 
0.006859900 0.053014376 4639.707683835 0.267058368 
0.006869900 0.053014376 4639.706219362 0.267058276 
0.006879900 0.053014376 4639.704853132 0.267058189 
0.006889900 0.053014376 4639.703589880 0.267058110 
0.006899900 0.053014376 4639.702433574 0.267058037 
0.006909900 0.053014376 4639.701387415 0.267057971 
0.006919900 0.053014376 4639.700453848 0.267057912 
0.006929900 0.053014376 4639.699634572 0.267057860 
0.006939900 0.053014376 4639.698930554 0.267057816 
0.006949900 0.053014376 4639.698342047 0.267057779 
0.006959900 0.053014376 4639.697868618 0.267057749 
0.006969900 0.053014376 4639.697509166 0.267057726 
0.006979900 0.053014376 4639.697261958 0.267057710 
0.006989900 0.053014376 4639.697124657 0.267057702 
0.006999900 0.053014376 4639.697094357 0.267057700 
0.007009900 0.053014376 4639.697167619 0.267057704 
0.007019900 0.053014376 4639.697340510 0.267057715 
0.007029900 0.053014376 4639.697608642 0.267057732 
0.007039900 0.053014376 4639.697967215 0.267057754 
0.007049900 0.053014376 4639.698411056 0.267057782 
0.007059900 0.053014376 4639.698934665 0.267057815 
0.007069900 0.053014376 4639.699532259 0.267057853 
0.007079900 0.053014376 4639.700197813 0.267057895 
0.007089900 0.053014376 4639.700925105 0.267057941 
0.007099900 0.053014376 4639.701707759 0.267057990 
0.007109900 0.053014376 4639.702539288 0.267058042 
0.007119900 0.053014376 4639.703413138 0.267058097 
0.007129900 0.053014376 4639.704322724 0.267058154 
0.007139900 0.053014376 4639.705261476 0.267058214 
0.007149900 0.053014376 4639.706222873 0.267058274 
0.007159900 0.053014376 4639.707200479 0.267058336 
0.007169900 0.053014376 4639.708187984 0.267058398 
0.007179900 0.053014376 4639.709179228 0.267058460 
0.007189900 0.053014376 4639.710168242 0.267058523 
0.007199900 0.053014376 4639.711149269 0.267058584 
0.007209900 0.053014376 4639.712116794 0.267058645 
0.007219900 0.053014376 4639.713065569 0.267058705 
0.007229900 0.053014376 4639.713990634 0.267058763 
0.007239900 0.053014376 4639.714887335 0.267058820 
0.007249900 0.053014376 4639.715751345 0.267058874 
0.007259900 0.053014376 4639.716578673 0.267058927 
0.007269900 0.053014376 4639.717365682 0.267058976 
0.007279900 0.053014376 4639.718109094 0.267059023 
0.007289900 0.053014376 4639.718806000 0.267059067 
0.007299900 0.053014376 4639.719453863 0.267059108 
0.007309900 0.053014376 4639.720050520 0.267059145 
0.007319900 0.053014376 4639.720594185 0.267059180 
0.007329900 0.053014376 4639.721083443 0.267059211 
0.007339900 0.053014376 4639.721517250 0.267059238 
0.007349900 0.053014376 4639.721894921 0.267059262 
0.007359900 0.053014376 4639.722216127 0.267059282 
0.007369900 0.053014376 4639.722480885 0.267059299 
0.007379900 0.053014376 4639.722689540 0.267059312 
0.007389900 0.053014376 4639.722842759 0.267059322 
0.007399900 0.053014376 4639.722941513 0.267059328 
0.007409900 0.053014376 4639.722987061 0.267059331 
0.007419900 0.053014376 4639.722980933 0.267059331 
0.007429900 0.053014376 4639.722924912 0.267059327 
0.007439900 0.053014376 4639.722821015 0.267059321 
0.007449900 0.053014376 4639.722671474 0.267059311 
0.007459900 0.053014376 4639.722478713 0.267059299 
0.007469900 0.053014376 4639.722245330 0.267059284 
0.007479900 0.053014376 4639.721974075 0.267059267 
0.007489900 0.053014376 4639.721667827 0.267059248 
0.007499900 0.053014376 4639.721329575 0.267059227 
0.007509900 0.053014376 4639.720962395 0.267059204 
0.007519900 0.053014376 4639.720569431 0.267059179 
0.007529900 0.053014376 4639.720153871 0.267059153 
0.007539900 0.053014376 4639.719718930 0.267059125 
0.007549900 0.053014376 4639.719267827 0.267059097 
0.007559900 0.053014376 4639.718803769 0.267059068 
0.007569900 0.053014376 4639.718329929 0.267059038 
0.007579900 0.053014376 4639.717849433 0.267059008 
0.007589900 0.053014376 4639.717365339 0.267058977 
0.007599900 0.053014376 4639.716880622 0.267058947 
0.007609900 0.053014376 4639.716398163 0.267058916 
0.007619900 0.053014376 4639.715920729 0.267058886 
0.007629900 0.053014376 4639.715450965 0.267058856 
0.007639900 0.053014376 4639.714991383 0.267058828 
0.007649900 0.053014376 4639.714544348 0.267058799 
0.007659900 0.053014376 4639.714112071 0.267058772 
0.007669900 0.053014376 4639.713696603 0.267058746 
0.007679900 0.053014376 4639.713299825 0.267058721 
0.007689900 0.053014376 4639.712923445 0.267058697 
0.007699900 0.053014376 4639.712568993 0.267058675 
0.007709900 0.053014376 4639.712237816 0.267058654 
0.007719900 0.053014376 4639.711931082 0.267058635 
0.007729900 0.053014376 4639.711649772 0.267058617 
0.007739900 0.053014376 4639.711394685 0.267058601 
0.007749900 0.053014376 4639.711166439 0.267058586 
0.007759900 0.053014376 4639.710965473 0.267058574 
0.007769900 0.053014376 4639.710792049 0.267058563 
0.007779900 0.053014376 4639.710646259 0.267058554 
0.007789900 0.053014376 4639.710528028 0.267058546 
0.007799900 0.053014376 4639.710437121 0.267058540 
0.007809900 0.053014376 4639.710373151 0.267058536 
0.007819900 0.053014376 4639.710335584 0.267058534 
0.007829900 0.053014376 4639.710323749 0.267058533 
0.007839900 0.053014376 4639.710336847 0.267058534 
0.007849900 0.053014376 4639.710373956 0.267058536 
0.007859900 0.053014376 4639.710434047 0.267058540 
0.007869900 0.053014376 4639.710515987 0.267058545 
0.007879900 0.053014376 4639.710618555 0.267058552 
0.007889900 0.053014376 4639.710740450 0.267058559 
0.007899900 0.053014376 4639.710880299 0.267058568 
0.007909900 0.053014376 4639.711036670 0.267058578 
0.007919900 0.053014376 4639.711208082 0.267058589 
0.007929900 0.053014376 4639.711393017 0.267058600 
0.007939900 0.053014376 4639.711589928 0.267058613 
0.007949900 0.053014376 4639.711797246 0.267058626 
0.007959900 0.053014376 4639.712013400 0.267058639 
0.007969900 0.053014376 4639.712236815 0.267058653 
0.007979900 0.053014376 4639.712465929 0.267058668 
0.007989900 0.053014376 4639.712699197 0.267058683 
0.007999900 0.053014376 4639.712935105 0.267058697 
0.008009900 0.053014376 4639.713172172 0.267058712 
0.008019900 0.053014376 4639.713408960 0.267058727 
0.008029900 0.053014376 4639.713644084 0.267058742 
0.008039900 0.053014376 4639.713876212 0.267058757 
0.008049900 0.053014376 4639.714104078 0.267058771 
0.008059900 0.053014376 4639.714326482 0.267058785 
0.008069900 0.053014376 4639.714542297 0.267058799 
0.008079900 0.053014376 4639.714750474 0.267058812 
0.008089900 0.053014376 4639.714950043 0.267058824 
0.008099900 0.053014376 4639.715140119 0.267058836 
0.008109900 0.053014376 4639.715319901 0.267058848 
0.008119900 0.053014376 4639.715488678 0.267058858 
0.008129900 0.053014376 4639.715645826 0.267058868 
0.008139900 0.053014376 4639.715790812 0.267058877 
0.008149900 0.053014376 4639.715923193 0.267058886 
0.008159900 0.053014376 4639.716042613 0.267058893 
0.008169900 0.053014376 4639.716148807 0.267058900 
0.008179900 0.053014376 4639.716241597 0.267058906 
0.008189900 0.053014376 4639.716320887 0.267058911 
0.008199900 0.053014376 4639.716386667 0.267058915 
0.008209900 0.053014376 4639.716439005 0.267058918 
0.008219900 0.053014376 4639.716478048 0.267058921 
0.008229900 0.053014376 4639.716504015 0.267058922 
0.008239900 0.053014376 4639.716517194 0.267058923 
0.008249900 0.053014376 4639.716517941 0.267058923 
0.008259900 0.053014376 4639.716506671 0.267058923 
0.008269900 0.053014376 4639.716483857 0.267058921 
0.008279900 0.053014376 4639.716450023 0.267058919 
0.008289900 0.053014376 4639.716405742 0.267058916 
0.008299900 0.053014376 4639.716351628 0.267058913 
0.008309900 0.053014376 4639.716288333 0.267058909 
0.008319900 0.053014376 4639.716216540 0.267058904 
0.008329900 0.053014376 4639.716136960 0.267058899 
0.008339900 0.053014376 4639.716050325 0.267058894 
0.008349900 0.053014376 4639.715957384 0.267058888 
0.008359900 0.053014376 4639.715858899 0.267058882 
0.008369900 0.053014376 4639.715755639 0.267058875 
0.008379900 0.053014376 4639.715648372 0.267058869 
0.008389900 0.053014376 4639.715537868 0.267058862 
0.008399900 0.053014376 4639.715424887 0.267058855 
0.008409900 0.053014376 4639.715310179 0.267058847 
0.008419900 0.053014376 4639.715194478 0.267058840 
0.008429900 0.053014376 4639.715078502 0.267058833 
0.008439900 0.053014376 4639.714962942 0.267058825 
0.008449900 0.053014376 4639.714848466 0.267058818 
0.008459900 0.053014376 4639.714735713 0.267058811 
0.008469900 0.053014376 4639.714625289 0.267058804 
0.008479900 0.053014376 4639.714517767 0.267058797 
0.008489900 0.053014376 4639.714413681 0.267058791 
0.008499900 0.053014376 4639.714313531 0.267058785 
0.008509900 0.053014376 4639.714217773 0.267058779 
0.008519900 0.053014376 4639.714126823 0.267058773 
0.008529900 0.053014376 4639.714041056 0.267058767 
0.008539900 0.053014376 4639.713960801 0.267058762 
0.008549900 0.053014376 4639.713886346 0.267058758 
0.008559900 0.053014376 4639.713817933 0.267058753 
0.008569900 0.053014376 4639.713755762 0.267058749 
0.008579900 0.053014376 4639.713699988 0.267058746 
0.008589900 0.053014376 4639.713650724 0.267058743 
0.008599900 0.053014376 4639.713608040 0.267058740 
0.008609900 0.053014376 4639.713571966 0.267058738 
0.008619900 0.053014376 4639.713542490 0.267058736 
0.008629900 0.053014376 4639.713519564 0.267058734 
0.008639900 0.053014376 4639.713503101 0.267058733 
0.008649900 0.053014376 4639.713492979 0.267058733 
0.008659900 0.053014376 4639.713489045 0.267058733 
0.008669900 0.053014376 4639.713491112 0.267058733 
0.008679900 0.053014376 4639.713498964 0.267058733 
0.008689900 0.053014376 4639.713512361 0.267058734 
0.008699900 0.053014376 4639.713531035 0.267058735 
0.008709900 0.053014376 4639.713554698 0.267058737 
0.008719900 0.053014376 4639.713583043 0.267058738 
0.008729900 0.053014376 4639.713615743 0.267058741 
0.008739900 0.053014376 4639.713652458 0.267058743 
0.008749900 0.053014376 4639.713692837 0.267058745 
0.008759900 0.053014376 4639.713736516 0.267058748 
0.008769900 0.053014376 4639.713783128 0.267058751 
0.008779900 0.053014376 4639.713832299 0.267058754 
0.008789900 0.053014376 4639.713883651 0.267058757 
0.008799900 0.053014376 4639.713936807 0.267058761 
0.008809900 0.053014376 4639.713991395 0.267058764 
0.008819900 0.053014376 4639.714047044 0.267058768 
0.008829900 0.053014376 4639.714103389 0.267058771 
0.008839900 0.053014376 4639.714160074 0.267058775 
0.008849900 0.053014376 4639.714216755 0.267058778 
0.008859900 0.053014376 4639.714273096 0.267058782 
0.008869900 0.053014376 4639.714328778 0.267058785 
0.008879900 0.053014376 4639.714383494 0.267058789 
0.008889900 0.053014376 4639.714436954 0.267058792 
0.008899900 0.053014376 4639.714488886 0.267058796 
0.008909900 0.053014376 4639.714539034 0.267058799 
0.008919900 0.053014376 4639.714587164 0.267058802 
0.008929900 0.053014376 4639.714633060 0.267058805 
0.008939900 0.053014376 4639.714676526 0.267058807 
0.008949900 0.053014376 4639.714717390 0.267058810 
0.008959900 0.053014376 4639.714755497 0.267058812 
0.008969900 0.053014376 4639.714790716 0.267058815 
0.008979900 0.053014376 4639.714822938 0.267058817 
0.008989900 0.053014376 4639.714852073 0.267058818 
0.008999900 0.053014376 4639.714878054 0.267058820 
0.009009900 0.053014376 4639.714900834 0.267058821 
0.009019900 0.053014376 4639.714920388 0.267058823 
0.009029900 0.053014376 4639.714936710 0.267058824 
0.009039900 0.053014376 4639.714949811 0.267058825 
0.009049900 0.053014376 4639.714959724 0.267058825 
0.009059900 0.053014376 4639.714966499 0.267058826 
0.009069900 0.053014376 4639.714970201 0.267058826 
0.009079900 0.053014376 4639.714970912 0.267058826 
0.009089900 0.053014376 4639.714968729 0.267058826 
0.009099900 0.053014376 4639.714963764 0.267058825 
0.009109900 0.053014376 4639.714956139 0.267058825 
0.009119900 0.053014376 4639.714945989 0.267058824 
0.009129900 0.053014376 4639.714933459 0.267058824 
0.009139900 0.053014376 4639.714918705 0.267058823 
0.009149900 0.053014376 4639.714901887 0.267058822 
0.009159900 0.053014376 4639.714883175 0.267058820 
0.009169900 0.053014376 4639.714862744 0.267058819 
0.009179900 0.053014376 4639.714840771 0.267058818 
0.009189900 0.053014376 4639.714817439 0.267058816 
0.009199900 0.053014376 4639.714792931 0.267058815 
0.009209900 0.053014376 4639.714767431 0.267058813 
0.009219900 0.053014376 4639.714741124 0.267058811 
0.009229900 0.053014376 4639.714714191 0.267058810 
0.009239900 0.053014376 4639.714686813 0.267058808 
0.009249900 0.053014376 4639.714659166 0.267058806 
0.009259900 0.053014376 4639.714631422 0.267058805 
0.009269900 0.053014376 4639.714603748 0.267058803 
0.009279900 0.053014376 4639.714576305 0.267058801 
0.009289900 0.053014376 4639.714549247 0.267058799 
0.009299900 0.053014376 4639.714522720 0.267058798 
0.009309900 0.053014376 4639.714496864 0.267058796 
0.009319900 0.053014376 4639.714471807 0.267058794 
0.009329900 0.053014376 4639.714447670 0.267058793 
0.009339900 0.053014376 4639.714424565 0.267058792 
0.009349900 0.053014376 4639.714402592 0.267058790 
0.009359900 0.053014376 4639.714381845 0.267058789 
0.009369900 0.053014376 4639.714362402 0.267058788 
0.009379900 0.053014376 4639.714344335 0.267058786 
0.009389900 0.053014376 4639.714327703 0.267058785 
0.009399900 0.053014376 4639.714312557 0.267058784 
0.009409900 0.053014376 4639.714298935 0.267058784 
0.009419900 0.053014376 4639.714286866 0.267058783 
0.009429900 0.053014376 4639.714276369 0.267058782 
0.009439900 0.053014376 4639.714267453 0.267058782 
0.009449900 0.053014376 4639.714260116 0.267058781 
0.009459900 0.053014376 4639.714254349 0.267058781 
0.009469900 0.053014376 4639.714250132 0.267058780 
0.009479900 0.053014376 4639.714247438 0.267058780 
0.009489900 0.053014376 4639.714246231 0.267058780 
0.009499900 0.053014376 4639.714246469 0.267058780 
0.009509900 0.053014376 4639.714248100 0.267058780 
0.009519900 0.053014376 4639.714251069 0.267058781 
0.009529900 0.053014376 4639.714255312 0.267058781 
0.009539900 0.053014376 4639.714260762 0.267058781 
0.009549900 0.053014376 4639.714267345 0.267058782 
0.009559900 0.053014376 4639.714274984 0.267058782 
0.009569900 0.053014376 4639.714283599 0.267058783 
0.009579900 0.053014376 4639.714293105 0.267058783 
0.009589900 0.053014376 4639.714303417 0.267058784 
0.009599900 0.053014376 4639.714314447 0.267058785 
0.009609900 0.053014376 4639.714326105 0.267058785 
0.009619900 0.053014376 4639.714338301 0.267058786 
0.009629900 0.053014376 4639.714350945 0.267058787 
0.009639900 0.053014376 4639.714363948 0.267058788 
0.009649900 0.053014376 4639.714377221 0.267058788 
0.009659900 0.053014376 4639.714390675 0.267058789 
0.009669900 0.053014376 4639.714404227 0.267058790 
0.009679900 0.053014376 4639.714417792 0.267058791 
0.009689900 0.053014376 4639.714431290 0.267058792 
0.009699900 0.053014376 4639.714444644 0.267058793 
0.009709900 0.053014376 4639.714457780 0.267058794 
0.009719900 0.053014376 4639.714470629 0.267058794 
0.009729900 0.053014376 4639.714483122 0.267058795 
0.009739900 0.053014376 4639.714495200 0.267058796 
0.009749900 0.053014376 4639.714506805 0.267058797 
0.009759900 0.053014376 4639.714517885 0.267058797 
0.009769900 0.053014376 4639.714528391 0.267058798 
0.009779900 0.053014376 4639.714538282 0.267058799 
0.009789900 0.053014376 4639.714547520 0.267058799 
0.009799900 0.053014376 4639.714556073 0.267058800 
0.009809900 0.053014376 4639.714563912 0.267058800 
0.009819900 0.053014376 4639.714571017 0.267058801 
0.009829900 0.053014376 4639.714577370 0.267058801 
0.009839900 0.053014376 4639.714582959 0.267058801 
0.009849900 0.053014376 4639.714587777 0.267058802 
0.009859900 0.053014376 4639.714591822 0.267058802 
0.009869900 0.053014376 4639.714595095 0.267058802 
0.009879900 0.053014376 4639.714597604 0.267058802 
0.009889900 0.053014376 4639.714599360 0.267058802 
0.009899900 0.053014376 4639.714600377 0.267058803 
0.009909900 0.053014376 4639.714600675 0.267058803 
0.009919900 0.053014376 4639.714600277 0.267058803 
0.009929900 0.053014376 4639.714599208 0.267058802 
0.009939900 0.053014376 4639.714597497 0.267058802 
0.009949900 0.053014376 4639.714595176 0.267058802 
0.009959900 0.053014376 4639.714592280 0.267058802 
0.009969900 0.053014376 4639.714588844 0.267058802 
0.009979900 0.053014376 4639.714584907 0.267058802 
0.009989900 0.053014376 4639.714580510 0.267058801 
0.009999900 0.053014376 4639.714575694 0.267058801 
