Sim: 3
Label: rocket
Time: 0.003999999999997439
Description: Test run of cold flow MSSE simulation with Ma 0.1 initialisation
Variables: 17
vel_x Ma p T rho u massf_H2 massf_O2 massf_OH massf_H2O massf_H massf_O dx dV A_c A_s pos_x
367.222627475 0.227494842 21607740.359933104 3570.956598389 9.885984871 -3261452.180633675 0.036970882 0.004957984 0.045355855 0.908467093 0.001893894 0.002354292 0.002500000 0.000397608 0.159043128 0.003534292 0.001250000 
367.917984654 0.227927746 21598367.275500998 3570.887917916 9.881886551 -3261670.969519723 0.036970882 0.004957984 0.045355855 0.908467093 0.001893894 0.002354292 0.002500000 0.000397608 0.159043128 0.003534292 0.003750000 
368.064967885 0.228019288 21596359.165670522 3570.872297194 9.881011006 -3261720.730873278 0.036970882 0.004957984 0.045355855 0.908467093 0.001893894 0.002354292 0.002500000 0.000397608 0.159043128 0.003534292 0.006250000 
368.096803325 0.228039148 21595898.471896816 3570.867835893 9.880812569 -3261734.942779144 0.036970882 0.004957984 0.045355855 0.908467093 0.001893894 0.002354292 0.002500000 0.000397608 0.159043128 0.003534292 0.008750000 
368.104396086 0.228043918 21595763.389837615 3570.865727794 9.880756598 -3261741.658334574 0.036970882 0.004957984 0.045355855 0.908467093 0.001893894 0.002354292 0.002500000 0.000397608 0.159043128 0.003534292 0.011250000 
368.106834381 0.228045478 21595697.318503134 3570.864123501 9.880730807 -3261746.768961851 0.036970882 0.004957984 0.045355855 0.908467093 0.001893894 0.002354292 0.002500000 0.000397608 0.159043128 0.003534292 0.013750000 
368.108126879 0.228046325 21595646.368453816 3570.862634959 9.880711615 -3261751.510855099 0.036970882 0.004957984 0.045355855 0.908467093 0.001893894 0.002354292 0.002500000 0.000397608 0.159043128 0.003534292 0.016250000 
368.109115432 0.228046982 21595599.223206870 3570.861181042 9.880694067 -3261756.142449881 0.036970882 0.004957984 0.045355855 0.908467093 0.001893894 0.002354292 0.002500000 0.000397608 0.159043128 0.003534292 0.018750000 
368.109976831 0.228047560 21595553.507128816 3570.859745101 9.880677124 -3261760.717095424 0.036970882 0.004957984 0.045355855 0.908467093 0.001893894 0.002354292 0.002500000 0.000397608 0.159043128 0.003534292 0.021250000 
368.110748206 0.228048082 21595508.722114537 3570.858324052 9.880660565 -3261765.243661883 0.036970882 0.004957984 0.045355855 0.908467093 0.001893894 0.002354292 0.002500000 0.000397608 0.159043128 0.003534292 0.023750000 
368.111437370 0.228048553 21595464.764181033 3570.856917678 9.880644345 -3261769.723802557 0.036970882 0.004957984 0.045355855 0.908467093 0.001893894 0.002354292 0.002500000 0.000397608 0.159043128 0.003534292 0.026250000 
368.112045994 0.228048973 21595421.611932755 3570.855526380 9.880628451 -3261774.155914170 0.036970882 0.004957984 0.045355855 0.908467093 0.001893894 0.002354292 0.002500000 0.000397608 0.159043128 0.003534292 0.028750000 
368.112574474 0.228049343 21595379.261136949 3570.854150710 9.880612880 -3261778.538239907 0.036970882 0.004957984 0.045355855 0.908467093 0.001893894 0.002354292 0.002500000 0.000397608 0.159043128 0.003534292 0.031250000 
368.113022950 0.228049663 21595337.710985281 3570.852791269 9.880597631 -3261782.868868418 0.036970882 0.004957984 0.045355855 0.908467093 0.001893894 0.002354292 0.002500000 0.000397608 0.159043128 0.003534292 0.033750000 
368.113391523 0.228049933 21595296.961209890 3570.851448683 9.880582702 -3261787.145803512 0.036970882 0.004957984 0.045355855 0.908467093 0.001893894 0.002354292 0.002500000 0.000397608 0.159043128 0.003534292 0.036250000 
368.113680301 0.228050153 21595257.011479363 3570.850123599 9.880568090 -3261791.366981759 0.036970882 0.004957984 0.045355855 0.908467093 0.001893894 0.002354292 0.002500000 0.000397608 0.159043128 0.003534292 0.038750000 
368.113889403 0.228050323 21595217.861273307 3570.848816685 9.880553794 -3261795.530279492 0.036970882 0.004957984 0.045355855 0.908467093 0.001893894 0.002354292 0.002500000 0.000397608 0.159043128 0.003534292 0.041250000 
368.114018969 0.228050444 21595179.509857606 3570.847528624 9.880539811 -3261799.633517747 0.036970882 0.004957984 0.045355855 0.908467093 0.001893894 0.002354292 0.002500000 0.000397608 0.159043128 0.003534292 0.043750000 
368.114069153 0.228050514 21595141.956280656 3570.846260117 9.880526139 -3261803.674467024 0.036970882 0.004957984 0.045355855 0.908467093 0.001893894 0.002354292 0.002500000 0.000397608 0.159043128 0.003534292 0.046250000 
368.114040126 0.228050535 21595105.199374363 3570.845011877 9.880512775 -3261807.650852263 0.036970882 0.004957984 0.045355855 0.908467093 0.001893894 0.002354292 0.002500000 0.000397608 0.159043128 0.003534292 0.048750000 
368.113932078 0.228050506 21595069.237755835 3570.843784631 9.880499717 -3261811.560358056 0.036970882 0.004957984 0.045355855 0.908467093 0.001893894 0.002354292 0.002500000 0.000397608 0.159043128 0.003534292 0.051250000 
368.113745212 0.228050428 21595034.069829546 3570.842579117 9.880486962 -3261815.400634171 0.036970882 0.004957984 0.045355855 0.908467093 0.001893894 0.002354292 0.002500000 0.000397608 0.159043128 0.003534292 0.053750000 
368.113479750 0.228050300 21594999.693789419 3570.841396082 9.880474507 -3261819.169301288 0.036970882 0.004957984 0.045355855 0.908467093 0.001893894 0.002354292 0.002500000 0.000397608 0.159043128 0.003534292 0.056250000 
368.113135931 0.228050123 21594966.107621044 3570.840236281 9.880462350 -3261822.863957050 0.036970882 0.004957984 0.045355855 0.908467093 0.001893894 0.002354292 0.002500000 0.000397608 0.159043128 0.003534292 0.058750000 
368.112714008 0.228049897 21594933.309103880 3570.839100471 9.880450486 -3261826.482182329 0.036970882 0.004957984 0.045355855 0.908467093 0.001893894 0.002354292 0.002500000 0.000397608 0.159043128 0.003534292 0.061250000 
368.112214251 0.228049621 21594901.295813680 3570.837989417 9.880438913 -3261830.021547723 0.036970882 0.004957984 0.045355855 0.908467093 0.001893894 0.002354292 0.002500000 0.000397608 0.159043128 0.003534292 0.063750000 
368.111636946 0.228049298 21594870.065124612 3570.836903882 9.880427627 -3261833.479620323 0.036970882 0.004957984 0.045355855 0.908467093 0.001893894 0.002354292 0.002500000 0.000397608 0.159043128 0.003534292 0.066250000 
368.110982395 0.228048925 21594839.614211798 3570.835844628 9.880416626 -3261836.853970620 0.036970882 0.004957984 0.045355855 0.908467093 0.001893894 0.002354292 0.002500000 0.000397608 0.159043128 0.003534292 0.068750000 
368.110250916 0.228048504 21594809.940053679 3570.834812415 9.880405905 -3261840.142179685 0.036970882 0.004957984 0.045355855 0.908467093 0.001893894 0.002354292 0.002500000 0.000397608 0.159043128 0.003534292 0.071250000 
368.109442841 0.228048034 21594781.039434362 3570.833807997 9.880395461 -3261843.341846453 0.036970882 0.004957984 0.045355855 0.908467093 0.001893894 0.002354292 0.002500000 0.000397608 0.159043128 0.003534292 0.073750000 
368.108558519 0.228047517 21594752.908946250 3570.832832119 9.880385291 -3261846.450595222 0.036970882 0.004957984 0.045355855 0.908467093 0.001893894 0.002354292 0.002500000 0.000397608 0.159043128 0.003534292 0.076250000 
368.107598313 0.228046951 21594725.544992477 3570.831885516 9.880375390 -3261849.466083283 0.036970882 0.004957984 0.045355855 0.908467093 0.001893894 0.002354292 0.002500000 0.000397608 0.159043128 0.003534292 0.078750000 
368.106562601 0.228046338 21594698.943789486 3570.830968912 9.880365755 -3261852.386008651 0.036970882 0.004957984 0.045355855 0.908467093 0.001893894 0.002354292 0.002500000 0.000397608 0.159043128 0.003534292 0.081250000 
368.105451778 0.228045677 21594673.101369560 3570.830083014 9.880356382 -3261855.208117959 0.036970882 0.004957984 0.045355855 0.908467093 0.001893894 0.002354292 0.002500000 0.000397608 0.159043128 0.003534292 0.083750000 
368.104266250 0.228044969 21594648.013583597 3570.829228511 9.880347268 -3261857.930214349 0.036970882 0.004957984 0.045355855 0.908467093 0.001893894 0.002354292 0.002500000 0.000397608 0.159043128 0.003534292 0.086250000 
368.103006441 0.228044214 21594623.676103596 3570.828406073 9.880338409 -3261860.550165516 0.036970882 0.004957984 0.045355855 0.908467093 0.001893894 0.002354292 0.002500000 0.000397608 0.159043128 0.003534292 0.088750000 
368.101672787 0.228043413 21594600.084425457 3570.827616346 9.880329800 -3261863.065911728 0.036970882 0.004957984 0.045355855 0.908467093 0.001893894 0.002354292 0.002500000 0.000397608 0.159043128 0.003534292 0.091250000 
368.100265739 0.228042564 21594577.233871631 3570.826859952 9.880321438 -3261865.475473901 0.036970882 0.004957984 0.045355855 0.908467093 0.001893894 0.002354292 0.002500000 0.000397608 0.159043128 0.003534292 0.093750000 
368.098785762 0.228041670 21594555.119593978 3570.826137484 9.880313319 -3261867.776961641 0.036970882 0.004957984 0.045355855 0.908467093 0.001893894 0.002354292 0.002500000 0.000397608 0.159043128 0.003534292 0.096250000 
368.097233335 0.228040730 21594533.736576401 3570.825449505 9.880305439 -3261869.968581262 0.036970882 0.004957984 0.045355855 0.908467093 0.001893894 0.002354292 0.002500000 0.000397608 0.159043128 0.003534292 0.098750000 
368.095608951 0.228039744 21594513.079637758 3570.824796545 9.880297794 -3261872.048643745 0.036970882 0.004957984 0.045355855 0.908467093 0.001893894 0.002354292 0.002500000 0.000397608 0.159043128 0.003534292 0.101250000 
368.093913115 0.228038712 21594493.143434685 3570.824179099 9.880290381 -3261874.015572605 0.036970882 0.004957984 0.045355855 0.908467093 0.001893894 0.002354292 0.002500000 0.000397608 0.159043128 0.003534292 0.103750000 
368.092146348 0.228037636 21594473.922464419 3570.823597625 9.880283195 -3261875.867911688 0.036970882 0.004957984 0.045355855 0.908467093 0.001893894 0.002354292 0.002500000 0.000397608 0.159043128 0.003534292 0.106250000 
368.090309180 0.228036514 21594455.411067717 3570.823052539 9.880276234 -3261877.604332743 0.036970882 0.004957984 0.045355855 0.908467093 0.001893894 0.002354292 0.002500000 0.000397608 0.159043128 0.003534292 0.108750000 
368.088402158 0.228035349 21594437.603431765 3570.822544215 9.880269493 -3261879.223642917 0.036970882 0.004957984 0.045355855 0.908467093 0.001893894 0.002354292 0.002500000 0.000397608 0.159043128 0.003534292 0.111250000 
368.086425840 0.228034139 21594420.493593119 3570.822072984 9.880262968 -3261880.724792000 0.036970882 0.004957984 0.045355855 0.908467093 0.001893894 0.002354292 0.002500000 0.000397608 0.159043128 0.003534292 0.113750000 
368.084380795 0.228032886 21594404.075440630 3570.821639128 9.880256657 -3261882.106879479 0.036970882 0.004957984 0.045355855 0.908467093 0.001893894 0.002354292 0.002500000 0.000397608 0.159043128 0.003534292 0.116250000 
368.082267608 0.228031589 21594388.342718460 3570.821242880 9.880250555 -3261883.369161350 0.036970882 0.004957984 0.045355855 0.908467093 0.001893894 0.002354292 0.002500000 0.000397608 0.159043128 0.003534292 0.118750000 
368.080086872 0.228030249 21594373.289029073 3570.820884424 9.880244659 -3261884.511056596 0.036970882 0.004957984 0.045355855 0.908467093 0.001893894 0.002354292 0.002500000 0.000397608 0.159043128 0.003534292 0.121250000 
368.077839196 0.228028866 21594358.907836266 3570.820563888 9.880238966 -3261885.532153459 0.036970882 0.004957984 0.045355855 0.908467093 0.001893894 0.002354292 0.002500000 0.000397608 0.159043128 0.003534292 0.123750000 
368.075525197 0.228027441 21594345.192468174 3570.820281346 9.880233473 -3261886.432215298 0.036970882 0.004957984 0.045355855 0.908467093 0.001893894 0.002354292 0.002500000 0.000397608 0.159043128 0.003534292 0.126250000 
368.073145507 0.228025975 21594332.136120349 3570.820036816 9.880228175 -3261887.211186149 0.036970882 0.004957984 0.045355855 0.908467093 0.001893894 0.002354292 0.002500000 0.000397608 0.159043128 0.003534292 0.128750000 
368.070700766 0.228024467 21594319.731858876 3570.819830258 9.880223072 -3261887.869195873 0.036970882 0.004957984 0.045355855 0.908467093 0.001893894 0.002354292 0.002500000 0.000397608 0.159043128 0.003534292 0.131250000 
368.068191628 0.228022917 21594307.972623352 3570.819661571 9.880218158 -3261888.406564926 0.036970882 0.004957984 0.045355855 0.908467093 0.001893894 0.002354292 0.002500000 0.000397608 0.159043128 0.003534292 0.133750000 
368.065618757 0.228021328 21594296.851230130 3570.819530592 9.880213432 -3261888.823808693 0.036970882 0.004957984 0.045355855 0.908467093 0.001893894 0.002354292 0.002500000 0.000397608 0.159043128 0.003534292 0.136250000 
368.062982827 0.228019698 21594286.360375322 3570.819437098 9.880208891 -3261889.121641373 0.036970882 0.004957984 0.045355855 0.908467093 0.001893894 0.002354292 0.002500000 0.000397608 0.159043128 0.003534292 0.138750000 
368.060284524 0.228018028 21594276.492637977 3570.819380802 9.880204532 -3261889.300979380 0.036970882 0.004957984 0.045355855 0.908467093 0.001893894 0.002354292 0.002500000 0.000397608 0.159043128 0.003534292 0.141250000 
368.057524542 0.228016318 21594267.240483288 3570.819361350 9.880200352 -3261889.362944293 0.036970882 0.004957984 0.045355855 0.908467093 0.001893894 0.002354292 0.002500000 0.000397608 0.159043128 0.003534292 0.143750000 
368.054703588 0.228014570 21594258.596265614 3570.819378326 9.880196350 -3261889.308865258 0.036970882 0.004957984 0.045355855 0.908467093 0.001893894 0.002354292 0.002500000 0.000397608 0.159043128 0.003534292 0.146250000 
368.051822378 0.228012784 21594250.552231718 3570.819431247 9.880192523 -3261889.140280883 0.036970882 0.004957984 0.045355855 0.908467093 0.001893894 0.002354292 0.002500000 0.000397608 0.159043128 0.003534292 0.148750000 
368.048881636 0.228010959 21594243.100523997 3570.819519564 9.880188869 -3261888.858940558 0.036970882 0.004957984 0.045355855 0.908467093 0.001893894 0.002354292 0.002500000 0.000397608 0.159043128 0.003534292 0.151250000 
368.045882098 0.228009097 21594236.233183563 3570.819642660 9.880185387 -3261888.466805301 0.036970882 0.004957984 0.045355855 0.908467093 0.001893894 0.002354292 0.002500000 0.000397608 0.159043128 0.003534292 0.153750000 
368.042824508 0.228007198 21594229.942153517 3570.819799855 9.880182073 -3261887.966047910 0.036970882 0.004957984 0.045355855 0.908467093 0.001893894 0.002354292 0.002500000 0.000397608 0.159043128 0.003534292 0.156250000 
368.039709619 0.228005262 21594224.219282050 3570.819990399 9.880178928 -3261887.359052620 0.036970882 0.004957984 0.045355855 0.908467093 0.001893894 0.002354292 0.002500000 0.000397608 0.159043128 0.003534292 0.158750000 
368.036538193 0.228003291 21594219.056325775 3570.820213478 9.880175948 -3261886.648414138 0.036970882 0.004957984 0.045355855 0.908467093 0.001893894 0.002354292 0.002500000 0.000397608 0.159043128 0.003534292 0.161250000 
368.033311002 0.228001283 21594214.444952797 3570.820468212 9.880173134 -3261885.836936066 0.036970882 0.004957984 0.045355855 0.908467093 0.001893894 0.002354292 0.002500000 0.000397608 0.159043128 0.003534292 0.163750000 
368.030028824 0.227999241 21594210.376746062 3570.820753656 9.880170482 -3261884.927628707 0.036970882 0.004957984 0.045355855 0.908467093 0.001893894 0.002354292 0.002500000 0.000397608 0.159043128 0.003534292 0.166250000 
368.026692447 0.227997165 21594206.843206424 3570.821068801 9.880167994 -3261883.923706286 0.036970882 0.004957984 0.045355855 0.908467093 0.001893894 0.002354292 0.002500000 0.000397608 0.159043128 0.003534292 0.168750000 
368.023302668 0.227995054 21594203.835756008 3570.821412575 9.880165666 -3261882.828583494 0.036970882 0.004957984 0.045355855 0.908467093 0.001893894 0.002354292 0.002500000 0.000397608 0.159043128 0.003534292 0.171250000 
368.019860289 0.227992910 21594201.345741287 3570.821783845 9.880163500 -3261881.645871446 0.036970882 0.004957984 0.045355855 0.908467093 0.001893894 0.002354292 0.002500000 0.000397608 0.159043128 0.003534292 0.173750000 
368.016366121 0.227990733 21594199.364436451 3570.822181416 9.880161493 -3261880.379373002 0.036970882 0.004957984 0.045355855 0.908467093 0.001893894 0.002354292 0.002500000 0.000397608 0.159043128 0.003534292 0.176250000 
368.012820984 0.227988523 21594197.883046452 3570.822604036 9.880159646 -3261879.033077453 0.036970882 0.004957984 0.045355855 0.908467093 0.001893894 0.002354292 0.002500000 0.000397608 0.159043128 0.003534292 0.178750000 
368.009225702 0.227986282 21594196.892710384 3570.823050397 9.880157958 -3261877.611154595 0.036970882 0.004957984 0.045355855 0.908467093 0.001893894 0.002354292 0.002500000 0.000397608 0.159043128 0.003534292 0.181250000 
368.005581109 0.227984010 21594196.384504572 3570.823519135 9.880156429 -3261876.117948171 0.036970882 0.004957984 0.045355855 0.908467093 0.001893894 0.002354292 0.002500000 0.000397608 0.159043128 0.003534292 0.183750000 
368.001888045 0.227981707 21594196.349445838 3570.824008834 9.880155058 -3261874.557968686 0.036970882 0.004957984 0.045355855 0.908467093 0.001893894 0.002354292 0.002500000 0.000397608 0.159043128 0.003534292 0.186250000 
367.998147354 0.227979374 21594196.778494701 3570.824518028 9.880153845 -3261872.935885659 0.036970882 0.004957984 0.045355855 0.908467093 0.001893894 0.002354292 0.002500000 0.000397608 0.159043128 0.003534292 0.188750000 
367.994359890 0.227977011 21594197.662558582 3570.825045204 9.880152791 -3261871.256519229 0.036970882 0.004957984 0.045355855 0.908467093 0.001893894 0.002354292 0.002500000 0.000397608 0.159043128 0.003534292 0.191250000 
367.990526510 0.227974619 21594198.992494971 3570.825588804 9.880151895 -3261869.524831198 0.036970882 0.004957984 0.045355855 0.908467093 0.001893894 0.002354292 0.002500000 0.000397608 0.159043128 0.003534292 0.193750000 
367.986648080 0.227972199 21594200.759114619 3570.826147230 9.880151158 -3261867.745915493 0.036970882 0.004957984 0.045355855 0.908467093 0.001893894 0.002354292 0.002500000 0.000397608 0.159043128 0.003534292 0.196250000 
367.982725469 0.227969751 21594202.953184761 3570.826718844 9.880150581 -3261865.924988075 0.036970882 0.004957984 0.045355855 0.908467093 0.001893894 0.002354292 0.002500000 0.000397608 0.159043128 0.003534292 0.198750000 
367.978759552 0.227967276 21594205.565432236 3570.827301973 9.880150162 -3261864.067376308 0.036970882 0.004957984 0.045355855 0.908467093 0.001893894 0.002354292 0.002500000 0.000397608 0.159043128 0.003534292 0.201250000 
367.974751212 0.227964775 21594208.586546656 3570.827894915 9.880149904 -3261862.178507790 0.036970882 0.004957984 0.045355855 0.908467093 0.001893894 0.002354292 0.002500000 0.000397608 0.159043128 0.003534292 0.203750000 
367.970701332 0.227962247 21594212.007183608 3570.828495936 9.880149806 -3261860.263898714 0.036970882 0.004957984 0.045355855 0.908467093 0.001893894 0.002354292 0.002500000 0.000397608 0.159043128 0.003534292 0.206250000 
367.966610805 0.227959694 21594215.817967724 3570.829103283 9.880149869 -3261858.329141709 0.036970882 0.004957984 0.045355855 0.908467093 0.001893894 0.002354292 0.002500000 0.000397608 0.159043128 0.003534292 0.208750000 
367.962480524 0.227957116 21594220.009495854 3570.829715178 9.880150094 -3261856.379893247 0.036970882 0.004957984 0.045355855 0.908467093 0.001893894 0.002354292 0.002500000 0.000397608 0.159043128 0.003534292 0.211250000 
367.958311391 0.227954514 21594224.572340179 3570.830329831 9.880150481 -3261854.421860664 0.036970882 0.004957984 0.045355855 0.908467093 0.001893894 0.002354292 0.002500000 0.000397608 0.159043128 0.003534292 0.213750000 
367.954104308 0.227951889 21594229.497051317 3570.830945438 9.880151031 -3261852.460788698 0.036970882 0.004957984 0.045355855 0.908467093 0.001893894 0.002354292 0.002500000 0.000397608 0.159043128 0.003534292 0.216250000 
367.949860184 0.227949241 21594234.774161361 3570.831560188 9.880151744 -3261850.502445722 0.036970882 0.004957984 0.045355855 0.908467093 0.001893894 0.002354292 0.002500000 0.000397608 0.159043128 0.003534292 0.218750000 
367.945579930 0.227946570 21594240.394187048 3570.832172268 9.880152622 -3261848.552609635 0.036970882 0.004957984 0.045355855 0.908467093 0.001893894 0.002354292 0.002500000 0.000397608 0.159043128 0.003534292 0.221250000 
367.941264461 0.227943878 21594246.347632769 3570.832779865 9.880153665 -3261846.617053424 0.036970882 0.004957984 0.045355855 0.908467093 0.001893894 0.002354292 0.002500000 0.000397608 0.159043128 0.003534292 0.223750000 
367.936914696 0.227941164 21594252.624993607 3570.833381174 9.880154873 -3261844.701530499 0.036970882 0.004957984 0.045355855 0.908467093 0.001893894 0.002354292 0.002500000 0.000397608 0.159043128 0.003534292 0.226250000 
367.932531557 0.227938431 21594259.216758329 3570.833974398 9.880156248 -3261842.811759772 0.036970882 0.004957984 0.045355855 0.908467093 0.001893894 0.002354292 0.002500000 0.000397608 0.159043128 0.003534292 0.228750000 
367.928115967 0.227935677 21594266.113412540 3570.834557759 9.880157789 -3261840.953410556 0.036970882 0.004957984 0.045355855 0.908467093 0.001893894 0.002354292 0.002500000 0.000397608 0.159043128 0.003534292 0.231250000 
367.923668854 0.227932904 21594273.305441469 3570.835129497 9.880159498 -3261839.132087326 0.036970882 0.004957984 0.045355855 0.908467093 0.001893894 0.002354292 0.002500000 0.000397608 0.159043128 0.003534292 0.233750000 
367.919191149 0.227930113 21594280.783333119 3570.835687877 9.880161374 -3261837.353314353 0.036970882 0.004957984 0.045355855 0.908467093 0.001893894 0.002354292 0.002500000 0.000397608 0.159043128 0.003534292 0.236250000 
367.914683782 0.227927304 21594288.537581738 3570.836231197 9.880163419 -3261835.622520322 0.036970882 0.004957984 0.045355855 0.908467093 0.001893894 0.002354292 0.002500000 0.000397608 0.159043128 0.003534292 0.238750000 
367.910147696 0.227924477 21594296.558786336 3570.836757785 9.880165632 -3261833.945025050 0.036970882 0.004957984 0.045355855 0.908467093 0.001893894 0.002354292 0.002500000 0.000397608 0.159043128 0.003534292 0.241250000 
367.905584985 0.227921635 21594304.853246737 3570.837265901 9.880168021 -3261832.326376563 0.036970882 0.004957984 0.045355855 0.908467093 0.001893894 0.002354292 0.002500000 0.000397608 0.159043128 0.003534292 0.243750000 
367.901185423 0.227918895 21594315.986510925 3570.837735678 9.880171815 -3261830.829856262 0.036970882 0.004957984 0.045355855 0.908467093 0.001893894 0.002354292 0.002500000 0.000397608 0.159043128 0.003534292 0.246250000 
367.927738973 0.227935424 21594749.811776709 3570.835183902 9.880377366 -3261838.958774306 0.036970882 0.004957984 0.045355855 0.908467093 0.001893894 0.002354292 0.002500000 0.000397608 0.159043128 0.003534292 0.248750000 
372.542783720 0.230808623 21658328.146772526 3570.385271308 9.910715464 -3263272.180605970 0.036970882 0.004957984 0.045355855 0.908467093 0.001893894 0.002354292 0.002500000 0.000391317 0.156510139 0.006122753 0.251250000 
383.600471566 0.237695009 21638533.127060462 3569.284380420 9.904711401 -3266778.995567678 0.036970882 0.004957984 0.045355855 0.908467093 0.001893894 0.002354292 0.002500000 0.000378998 0.151583142 0.005940656 0.253750000 
396.290167103 0.245601638 21599328.943205986 3567.981238784 9.890377244 -3270929.819465238 0.036970882 0.004957984 0.045355855 0.908467093 0.001893894 0.002354292 0.002500000 0.000367133 0.146837275 0.005763911 0.256250000 
409.647732055 0.253929027 21553617.193433579 3566.563591473 9.873368673 -3275445.067058245 0.036970882 0.004957984 0.045355855 0.908467093 0.001893894 0.002354292 0.002500000 0.000355708 0.142267615 0.005592428 0.258750000 
423.479061932 0.262556947 21503972.644470870 3565.046024962 9.854820505 -3280278.207961803 0.036970882 0.004957984 0.045355855 0.908467093 0.001893894 0.002354292 0.002500000 0.000344711 0.137869348 0.005426120 0.261250000 
437.748288686 0.271463734 21450798.286276773 3563.427479353 9.834916903 -3285432.545109788 0.036970882 0.004957984 0.045355855 0.908467093 0.001893894 0.002354292 0.002500000 0.000334132 0.133637763 0.005264897 0.263750000 
452.453037164 0.280648652 21394016.603309657 3561.703280650 9.813631647 -3290922.883264287 0.036970882 0.004957984 0.045355855 0.908467093 0.001893894 0.002354292 0.002500000 0.000323957 0.129568259 0.005108674 0.266250000 
467.598115414 0.290115505 21333432.553380106 3559.867753595 9.790886930 -3296767.204672452 0.036970882 0.004957984 0.045355855 0.908467093 0.001893894 0.002354292 0.002500000 0.000314177 0.125656343 0.004957364 0.268750000 
483.189766988 0.299869066 21268813.999599967 3557.914807974 9.766588480 -3302984.800150864 0.036970882 0.004957984 0.045355855 0.908467093 0.001893894 0.002354292 0.002500000 0.000304779 0.121897626 0.004810883 0.271250000 
499.234373551 0.309914271 21199910.002605278 3555.838072858 9.740633483 -3309595.840019152 0.036970882 0.004957984 0.045355855 0.908467093 0.001893894 0.002354292 0.002500000 0.000295754 0.118287829 0.004669148 0.273750000 
515.738158799 0.320256038 21126455.044179726 3553.630925986 9.712912351 -3316621.278876218 0.036970882 0.004957984 0.045355855 0.908467093 0.001893894 0.002354292 0.002500000 0.000287090 0.114822776 0.004532077 0.276250000 
532.707130123 0.330899240 21048170.038797770 3551.286497331 9.683309075 -3324082.842425085 0.036970882 0.004957984 0.045355855 0.908467093 0.001893894 0.002354292 0.002500000 0.000278779 0.111498403 0.004399589 0.278750000 
550.147083522 0.341848709 20964762.684238855 3548.797665263 9.651701290 -3332003.037733238 0.036970882 0.004957984 0.045355855 0.908467093 0.001893894 0.002354292 0.002500000 0.000270809 0.108310749 0.004271606 0.281250000 
568.063630798 0.353109265 20875927.788883727 3546.157049481 9.617960322 -3340405.173547488 0.036970882 0.004957984 0.045355855 0.908467093 0.001893894 0.002354292 0.002500000 0.000263171 0.105255962 0.004148051 0.283750000 
586.462239279 0.364685741 20781347.759209715 3543.357001487 9.581951313 -3349313.388269462 0.036970882 0.004957984 0.045355855 0.908467093 0.001893894 0.002354292 0.002500000 0.000255857 0.102330297 0.004028847 0.286250000 
605.348281707 0.376583027 20680693.320570525 3540.389592444 9.543533440 -3358752.685976116 0.036970882 0.004957984 0.045355855 0.908467093 0.001893894 0.002354292 0.002500000 0.000248856 0.099530115 0.003913920 0.288750000 
624.727095586 0.388806110 20573624.516993470 3537.246598086 9.502560261 -3368748.981590053 0.036970882 0.004957984 0.045355855 0.908467093 0.001893894 0.002354292 0.002500000 0.000242159 0.096851885 0.003803199 0.291250000 
644.604051546 0.401360131 20459792.028626278 3533.919480258 9.458880210 -3379329.156460770 0.036970882 0.004957984 0.045355855 0.908467093 0.001893894 0.002354292 0.002500000 0.000235760 0.094292182 0.003696613 0.293750000 
664.984630048 0.414250438 20338838.842965379 3530.399364689 9.412337241 -3390521.125577008 0.036970882 0.004957984 0.045355855 0.908467093 0.001893894 0.002354292 0.002500000 0.000229648 0.091847689 0.003594094 0.296250000 
685.874505476 0.427482652 20210402.314076774 3526.677014661 9.362771664 -3402353.917476505 0.036970882 0.004957984 0.045355855 0.908467093 0.001893894 0.002354292 0.002500000 0.000223816 0.089515196 0.003495575 0.298750000 
707.279636250 0.441062734 20074116.641642291 3522.742800287 9.310021157 -3414857.767660648 0.036970882 0.004957984 0.045355855 0.908467093 0.001893894 0.002354292 0.002500000 0.000218256 0.087291599 0.003400993 0.301250000 
729.206359101 0.454997058 19929615.798617765 3518.586663247 9.253922006 -3428064.225942862 0.036970882 0.004957984 0.045355855 0.908467093 0.001893894 0.002354292 0.002500000 0.000212962 0.085173902 0.003310286 0.303750000 
751.661485147 0.469292486 19776536.932630569 3514.198076998 9.194310549 -3442006.277632794 0.036970882 0.004957984 0.045355855 0.908467093 0.001893894 0.002354292 0.002500000 0.000207925 0.083159215 0.003223394 0.306250000 
774.652394685 0.483956447 19614524.262150310 3509.566002667 9.131024861 -3456718.477742746 0.036970882 0.004957984 0.045355855 0.908467093 0.001893894 0.002354292 0.002500000 0.000203138 0.081244756 0.003140262 0.308750000 
798.187126881 0.498997009 19443233.484182116 3504.678841181 9.063906678 -3472237.096443499 0.036970882 0.004957984 0.045355855 0.908467093 0.001893894 0.002354292 0.002500000 0.000198595 0.079427851 0.003060833 0.311250000 
822.274459503 0.514422949 19262336.706049830 3499.524382537 8.992803563 -3488600.272716647 0.036970882 0.004957984 0.045355855 0.908467093 0.001893894 0.002354292 0.002500000 0.000194290 0.077705929 0.002985057 0.313750000 
846.923972611 0.530243823 19071527.910055868 3494.089753692 8.917571328 -3505848.171446789 0.036970882 0.004957984 0.045355855 0.908467093 0.001893894 0.002354292 0.002500000 0.000190216 0.076076531 0.002912885 0.316250000 
872.146088560 0.546470010 18870528.956699759 3488.361367238 8.838076704 -3524023.136929810 0.036970882 0.004957984 0.045355855 0.908467093 0.001893894 0.002354292 0.002500000 0.000186368 0.074537302 0.002844269 0.318750000 
897.952078611 0.563112750 18659096.129888006 3482.324874001 8.754200269 -3543169.832759377 0.036970882 0.004957984 0.045355855 0.908467093 0.001893894 0.002354292 0.002500000 0.000182739 0.073085995 0.002779168 0.321250000 
924.354023885 0.580184146 18437027.226173174 3475.965123940 8.665839621 -3563335.354052937 0.036970882 0.004957984 0.045355855 0.908467093 0.001893894 0.002354292 0.002500000 0.000179325 0.071720469 0.002717538 0.323750000 
951.364715063 0.597697134 18204169.189217523 3469.266141434 8.572912797 -3584569.292689308 0.036970882 0.004957984 0.045355855 0.908467093 0.001893894 0.002354292 0.002500000 0.000176120 0.070438692 0.002659343 0.326250000 
978.997471085 0.615665403 17960426.289606731 3462.211123231 8.475361937 -3606923.729281442 0.036970882 0.004957984 0.045355855 0.908467093 0.001893894 0.002354292 0.002500000 0.000173120 0.069238736 0.002604548 0.328750000 
1007.265851877 0.634103242 17705768.847377520 3454.782470223 8.373157172 -3630453.116570584 0.036970882 0.004957984 0.045355855 0.908467093 0.001893894 0.002354292 0.002500000 0.000170320 0.068118783 0.002553119 0.331250000 
1036.183233825 0.653025306 17440242.487762917 3446.961867920 8.266300722 -3655214.007339178 0.036970882 0.004957984 0.045355855 0.908467093 0.001893894 0.002354292 0.002500000 0.000167715 0.067077121 0.002505028 0.333750000 
1065.762209292 0.672446250 17163977.906159461 3438.730435173 8.154831183 -3681264.565372976 0.036970882 0.004957984 0.045355855 0.908467093 0.001893894 0.002354292 0.002500000 0.000165302 0.066112144 0.002460247 0.336250000 
1096.013763095 0.692380230 16877201.091548093 3430.068966412 8.038827941 -3708663.780189319 0.036970882 0.004957984 0.045355855 0.908467093 0.001893894 0.002354292 0.002500000 0.000163078 0.065222354 0.002418752 0.338750000 
1126.946170172 0.712840185 16580243.913694253 3420.958299486 7.918415662 -3737470.285271824 0.036970882 0.004957984 0.045355855 0.908467093 0.001893894 0.002354292 0.002500000 0.000161038 0.064406360 0.002380521 0.341250000 
1158.563550485 0.733836896 16273554.916285018 3411.379848805 7.793768732 -3767740.656059824 0.036970882 0.004957984 0.045355855 0.908467093 0.001893894 0.002354292 0.002500000 0.000159179 0.063662878 0.002345535 0.343750000 
1190.864010795 0.755377725 15957710.084629904 3401.316351652 7.665115518 -3799527.039145543 0.036970882 0.004957984 0.045355855 0.908467093 0.001893894 0.002354292 0.002500000 0.000157498 0.062990731 0.002313777 0.346250000 
1223.837298268 0.777464992 15633423.314119311 3390.752883948 7.532742269 -3832873.938720334 0.036970882 0.004957984 0.045355855 0.908467093 0.001893894 0.002354292 0.002500000 0.000155993 0.062388848 0.002285232 0.348750000 
1257.461882689 0.800093913 15301556.424288854 3379.678212044 7.396996560 -3867813.955512178 0.036970882 0.004957984 0.045355855 0.908467093 0.001893894 0.002354292 0.002500000 0.000154662 0.061856267 0.002259888 0.351250000 
1291.701346591 0.823249979 14963129.213753099 3368.086568013 7.258290423 -3904362.209509654 0.036970882 0.004957984 0.045355855 0.908467093 0.001893894 0.002354292 0.002500000 0.000153501 0.061392131 0.002237733 0.353750000 
1326.499803216 0.846905576 14619332.297667820 3355.980002553 7.117104359 -3942508.970554242 0.036970882 0.004957984 0.045355855 0.908467093 0.001893894 0.002354292 0.002500000 0.000152510 0.060995691 0.002218759 0.356250000 
1361.775456761 0.871015174 14271552.606730478 3343.371710350 6.973996417 -3982209.267120740 0.036970882 0.004957984 0.045355855 0.908467093 0.001893894 0.002354292 0.002500000 0.000151686 0.060666306 0.002202957 0.358750000 
1397.409157958 0.895506867 13921445.171803242 3330.291630518 6.829630626 -4023365.397420998 0.036970882 0.004957984 0.045355855 0.908467093 0.001893894 0.002354292 0.002500000 0.000151029 0.060403440 0.002190323 0.361250000 
1433.215549083 0.920261473 13571176.340754807 3316.799399446 6.684877421 -4065786.430458157 0.036970882 0.004957984 0.045355855 0.908467093 0.001893894 0.002354292 0.002500000 0.000150537 0.060206665 0.002180851 0.363750000 
1468.836821698 0.945036815 13224423.378840704 3303.029308470 6.541230875 -4109047.415173152 0.036970882 0.004957984 0.045355855 0.908467093 0.001893894 0.002354292 0.002500000 0.000150210 0.060075660 0.002174539 0.366250000 
1503.118643748 0.969025644 12892320.317790397 3289.448940891 6.403288925 -4151678.789119383 0.036970882 0.004957984 0.045355855 0.908467093 0.001893894 0.002354292 0.002500000 0.000150046 0.060010211 0.002171383 0.368750000 
1582.026679620 1.024810085 12131996.585902875 3256.963587222 6.085756012 -4253519.798138395 0.036970882 0.004957984 0.045355855 0.908467093 0.001893894 0.002354292 0.002500000 0.000150034 0.060007862 0.002171177 0.371250000 
1608.670611182 1.043833581 11875582.882569447 3245.606584956 5.977976725 -4289077.811223090 0.036970882 0.004957984 0.045355855 0.908467093 0.001893894 0.002354292 0.002500000 0.000150151 0.060054497 0.002173021 0.373750000 
1637.043385604 1.064200069 11602957.125313405 3233.296951314 5.862977875 -4327591.254976226 0.036970882 0.004957984 0.045355855 0.908467093 0.001893894 0.002354292 0.002500000 0.000150384 0.060147769 0.002176705 0.376250000 
1665.937202121 1.085058901 11325970.611824799 3220.532083314 5.745700192 -4367498.915100834 0.036970882 0.004957984 0.045355855 0.908467093 0.001893894 0.002354292 0.002500000 0.000150734 0.060287677 0.002182219 0.378750000 
1695.048250670 1.106198749 11047763.673445271 3207.436840737 5.627447122 -4408407.380955539 0.036970882 0.004957984 0.045355855 0.908467093 0.001893894 0.002354292 0.002500000 0.000151200 0.060474220 0.002189550 0.381250000 
1724.255013004 1.127536967 10769715.191767268 3194.061552569 5.508788488 -4450156.905435076 0.036970882 0.004957984 0.045355855 0.908467093 0.001893894 0.002354292 0.002500000 0.000151783 0.060707400 0.002198679 0.383750000 
1753.491407511 1.149029819 10492662.575700229 3180.434388587 5.390070268 -4492657.249065323 0.036970882 0.004957984 0.045355855 0.908467093 0.001893894 0.002354292 0.002500000 0.000152482 0.060987215 0.002209585 0.386250000 
1782.712993886 1.170648557 10217225.529286247 3166.575297214 5.271549889 -4535844.000778191 0.036970882 0.004957984 0.045355855 0.908467093 0.001893894 0.002354292 0.002500000 0.000153299 0.061313666 0.002222240 0.388750000 
1811.885419406 1.192371229 9943915.755941095 3152.500753251 5.153442063 -4579663.706201146 0.036970882 0.004957984 0.045355855 0.908467093 0.001893894 0.002354292 0.002500000 0.000154231 0.061686753 0.002236615 0.391250000 
1840.979767913 1.214179385 9673180.361636655 3138.225649910 5.035936883 -4624067.946958723 0.036970882 0.004957984 0.045355855 0.908467093 0.001893894 0.002354292 0.002500000 0.000155280 0.062106476 0.002252678 0.393750000 
1869.970463522 1.236056586 9405420.851762107 3123.764131153 4.919207701 -4669010.741037987 0.036970882 0.004957984 0.045355855 0.908467093 0.001893894 0.002354292 0.002500000 0.000156446 0.062572835 0.002270392 0.396250000 
1898.834247017 1.257987678 9141002.007230436 3109.129976906 4.803414744 -4714447.343840297 0.036970882 0.004957984 0.045355855 0.908467093 0.001893894 0.002354292 0.002500000 0.000157729 0.063085830 0.002289720 0.398750000 
1927.549646659 1.279958415 8880256.215450745 3094.336780611 4.688706817 -4760333.699298155 0.036970882 0.004957984 0.045355855 0.908467093 0.001893894 0.002354292 0.002500000 0.000159128 0.063645460 0.002310620 0.401250000 
1956.096693137 1.301955266 8623485.667888043 3079.398023105 4.575222084 -4806626.214923501 0.036970882 0.004957984 0.045355855 0.908467093 0.001893894 0.002354292 0.002500000 0.000160643 0.064251727 0.002333050 0.403750000 
1984.456761056 1.323965303 8370963.553233707 3064.327092074 4.463088418 -4853281.706412279 0.036970882 0.004957984 0.045355855 0.908467093 0.001893894 0.002354292 0.002500000 0.000162275 0.064904629 0.002356967 0.406250000 
2012.612477963 1.345976149 8122934.806802288 3049.137272119 4.352423550 -4900257.433297897 0.036970882 0.004957984 0.045355855 0.908467093 0.001893894 0.002354292 0.002500000 0.000164024 0.065604167 0.002382326 0.408750000 
2040.547669683 1.367975945 7879616.705451884 3033.841718963 4.243335139 -4947511.183199200 0.036970882 0.004957984 0.045355855 0.908467093 0.001893894 0.002354292 0.002500000 0.000165889 0.066350341 0.002409082 0.411250000 
2068.247324739 1.389953343 7641199.459340305 3018.453425538 4.135920838 -4995001.380460525 0.036970882 0.004957984 0.045355855 0.908467093 0.001893894 0.002354292 0.002500000 0.000167871 0.067143151 0.002437188 0.413750000 
2095.697568096 1.411897496 7407846.877755271 3002.985184546 4.030268385 -5042687.204759476 0.036970882 0.004957984 0.045355855 0.908467093 0.001893894 0.002354292 0.002500000 0.000169970 0.067982597 0.002466598 0.416250000 
2122.885638550 1.433798061 7179697.144673195 2987.449550363 3.926455734 -5090528.710780330 0.036970882 0.004957984 0.045355855 0.908467093 0.001893894 0.002354292 0.002500000 0.000172185 0.068868679 0.002497267 0.418750000 
2149.799866539 1.455645200 6956863.715561789 2971.858802082 3.824551248 -5138486.943331628 0.036970882 0.004957984 0.045355855 0.908467093 0.001893894 0.002354292 0.002500000 0.000174517 0.069801396 0.002529147 0.421250000 
2176.429650511 1.477429578 6739436.332666677 2956.224908863 3.724613932 -5186524.044331159 0.036970882 0.004957984 0.045355855 0.908467093 0.001893894 0.002354292 0.002500000 0.000176965 0.070780750 0.002562195 0.423750000 
2202.765430907 1.499142367 6527482.147604180 2940.559498333 3.626693735 -5234603.349417451 0.036970882 0.004957984 0.045355855 0.908467093 0.001893894 0.002354292 0.002500000 0.000179530 0.071806739 0.002596366 0.426250000 
2228.798661339 1.520775242 6321046.935303059 2924.873828479 3.530831880 -5282689.472855936 0.036970882 0.004957984 0.045355855 0.908467093 0.001893894 0.002354292 0.002500000 0.000182211 0.072879365 0.002631616 0.428750000 
2254.521776905 1.542320379 6120156.380910214 2909.178763276 3.437061248 -5330748.380050090 0.036970882 0.004957984 0.045355855 0.908467093 0.001893894 0.002354292 0.002500000 0.000185009 0.073998626 0.002667901 0.431250000 
2279.928159782 1.563770448 5924817.420410684 2893.484752172 3.345406791 -5378747.447433116 0.036970882 0.004957984 0.045355855 0.908467093 0.001893894 0.002354292 0.002500000 0.000187924 0.075164523 0.002705181 0.433750000 
2305.012102387 1.585118609 5735019.615905424 2877.801813386 3.255885970 -5426655.509860094 0.036970882 0.004957984 0.045355855 0.908467093 0.001893894 0.002354292 0.002500000 0.000190955 0.076377056 0.002743415 0.436250000 
2329.768768468 1.606358502 5550736.547400293 2862.139520957 3.168509219 -5474442.895875665 0.036970882 0.004957984 0.045355855 0.908467093 0.001893894 0.002354292 0.002500000 0.000194103 0.077636224 0.002782564 0.438750000 
2354.194152528 1.627484235 5371927.204344421 2846.506995372 3.083280413 -5522081.451421810 0.036970882 0.004957984 0.045355855 0.908467093 0.001893894 0.002354292 0.002500000 0.000197367 0.078942029 0.002822589 0.441250000 
2378.285037986 1.648490374 5198537.361839728 2830.912897584 3.000197350 -5569544.552686944 0.036970882 0.004957984 0.045355855 0.908467093 0.001893894 0.002354292 0.002500000 0.000200748 0.080294470 0.002863454 0.443750000 
2402.038954494 1.669371929 5030500.928293806 2815.365426181 2.919252233 -5616807.108893165 0.036970882 0.004957984 0.045355855 0.908467093 0.001893894 0.002354292 0.002500000 0.000204246 0.081693546 0.002905123 0.446250000 
2425.454134801 1.690124341 4867741.253205210 2799.872317463 2.840432146 -5663845.555879585 0.036970882 0.004957984 0.045355855 0.908467093 0.001893894 0.002354292 0.002500000 0.000207860 0.083139258 0.002947562 0.448750000 
2448.529471510 1.710743465 4710172.385678169 2784.440848162 2.763719522 -5710637.841373540 0.036970882 0.004957984 0.045355855 0.908467093 0.001893894 0.002354292 0.002500000 0.000211591 0.084631606 0.002990739 0.451250000 
2471.264474086 1.731225555 4557700.276106068 2769.077840525 2.689092603 -5757163.402852214 0.036970882 0.004957984 0.045355855 0.908467093 0.001893894 0.002354292 0.002500000 0.000215438 0.086170591 0.003034622 0.453750000 
2493.659226389 1.751567248 4410223.915198905 2753.789669504 2.616525877 -5803403.138889417 0.036970882 0.004957984 0.045355855 0.908467093 0.001893894 0.002354292 0.002500000 0.000219402 0.087756210 0.003079180 0.456250000 
2515.714345002 1.771765545 4267636.406131158 2738.582271785 2.545990504 -5849339.374860041 0.036970882 0.004957984 0.045355855 0.908467093 0.001893894 0.002354292 0.002500000 0.000223483 0.089388466 0.003124386 0.458750000 
2537.430938583 1.791817797 4129825.967035130 2723.461156394 2.477454720 -5894955.823840206 0.036970882 0.004957984 0.045355855 0.908467093 0.001893894 0.002354292 0.002500000 0.000227680 0.091067358 0.003170210 0.461250000 
2558.810568419 1.811721687 3996676.862351360 2708.431416641 2.410884218 -5940237.543498536 0.036970882 0.004957984 0.045355855 0.908467093 0.001893894 0.002354292 0.002500000 0.000231993 0.092792886 0.003216628 0.463750000 
2579.855210346 1.831475209 3868070.262670232 2693.497743185 2.346242508 -5985170.889723985 0.036970882 0.004957984 0.045355855 0.908467093 0.001893894 0.002354292 0.002500000 0.000236424 0.094565049 0.003263612 0.466250000 
2600.567218155 1.851076656 3743885.033658418 2678.664437976 2.283491254 -6029743.467682363 0.036970882 0.004957984 0.045355855 0.908467093 0.001893894 0.002354292 0.002500000 0.000240971 0.096383848 0.003311140 0.468750000 
2620.949288579 1.870524601 3623998.455469411 2663.935428916 2.222590587 -6073944.080936888 0.036970882 0.004957984 0.045355855 0.908467093 0.001893894 0.002354292 0.002500000 0.000245634 0.098249284 0.003359189 0.471250000 
2641.004427937 1.889817880 3508286.874695883 2649.314285016 2.163499395 -6117762.679210722 0.036970882 0.004957984 0.045355855 0.908467093 0.001893894 0.002354292 0.002500000 0.000250414 0.100161355 0.003407735 0.473750000 
2660.735920459 1.908955576 3396626.291446726 2634.804231926 2.106175590 -6161190.305312054 0.036970882 0.004957984 0.045355855 0.908467093 0.001893894 0.002354292 0.002500000 0.000255311 0.102120062 0.003456759 0.476250000 
2680.147298348 1.927937005 3288892.884534778 2620.408167656 2.050576356 -6204219.041685985 0.036970882 0.004957984 0.045355855 0.908467093 0.001893894 0.002354292 0.002500000 0.000260324 0.104125405 0.003506240 0.478750000 
2699.242313545 1.946761699 3184963.478055863 2606.128678389 1.996658365 -6246841.957003111 0.036970882 0.004957984 0.045355855 0.908467093 0.001893894 0.002354292 0.002500000 0.000265454 0.106177383 0.003556159 0.481250000 
2718.024911226 1.965429390 3084715.952839611 2591.968054241 1.944377986 -6289053.053142959 0.036970882 0.004957984 0.045355855 0.908467093 0.001893894 0.002354292 0.002500000 0.000270700 0.108275998 0.003606498 0.483750000 
2736.499204976 1.983939998 2988029.606369676 2577.928304896 1.893691466 -6330847.212881321 0.036970882 0.004957984 0.045355855 0.908467093 0.001893894 0.002354292 0.002500000 0.000276063 0.110421248 0.003657240 0.486250000 
2754.669453615 2.002293620 2894785.464818634 2564.011175003 1.844555089 -6372220.148545309 0.036970882 0.004957984 0.045355855 0.908467093 0.001893894 0.002354292 0.002500000 0.000281543 0.112613135 0.003708367 0.488750000 
2772.540039644 2.020490510 2804866.550831646 2550.218159293 1.796925327 -6413168.351857335 0.036970882 0.004957984 0.045355855 0.908467093 0.001893894 0.002354292 0.002500000 0.000287139 0.114851657 0.003759865 0.491250000 
2790.115449228 2.038531073 2718158.110634066 2536.550517320 1.750758969 -6453689.045150849 0.036970882 0.004957984 0.045355855 0.908467093 0.001893894 0.002354292 0.002500000 0.000292852 0.117136815 0.003811719 0.493750000 
2807.400253694 2.056415850 2634547.803940788 2523.009287805 1.706013229 -6493780.134105423 0.036970882 0.004957984 0.045355855 0.908467093 0.001893894 0.002354292 0.002500000 0.000298681 0.119468609 0.003863913 0.496250000 
2824.399092451 2.074145507 2553925.860017409 2509.595302528 1.662645853 -6533440.162117070 0.036970882 0.004957984 0.045355855 0.908467093 0.001893894 0.002354292 0.002500000 0.000304627 0.121847039 0.003916435 0.498750000 
2841.116657284 2.091720826 2476185.203093352 2496.309199737 1.620615198 -6572668.266391395 0.036970882 0.004957984 0.045355855 0.908467093 0.001893894 0.002354292 0.002500000 0.000310690 0.124272105 0.003969271 0.501250000 
2857.557677945 2.109142694 2401221.550160736 2483.151437055 1.579880311 -6611464.135821968 0.036970882 0.004957984 0.045355855 0.908467093 0.001893894 0.002354292 0.002500000 0.000316869 0.126743807 0.004022409 0.503750000 
2873.726908984 2.126412092 2328933.484015694 2470.122303866 1.540400988 -6649827.970694135 0.036970882 0.004957984 0.045355855 0.908467093 0.001893894 0.002354292 0.002500000 0.000323165 0.129262144 0.004075837 0.506250000 
2889.629117732 2.143530090 2259222.504215660 2457.221933168 1.502137827 -6687760.444235367 0.036970882 0.004957984 0.045355855 0.908467093 0.001893894 0.002354292 0.002500000 0.000329577 0.131827118 0.004129545 0.508750000 
2905.269073386 2.160497835 2191993.058440942 2444.450312891 1.465052275 -6725262.666016196 0.036970882 0.004957984 0.045355855 0.908467093 0.001893894 0.002354292 0.002500000 0.000336106 0.134438727 0.004183520 0.511250000 
2920.651537120 2.177316544 2127152.556564174 2431.807296676 1.429106654 -6762336.147191710 0.036970882 0.004957984 0.045355855 0.908467093 0.001893894 0.002354292 0.002500000 0.000342752 0.137096972 0.004237753 0.513750000 
2935.781253157 2.193987497 2064611.369550244 2419.292614127 1.394264198 -6798982.767561400 0.036970882 0.004957984 0.045355855 0.908467093 0.001893894 0.002354292 0.002500000 0.000349514 0.139801853 0.004292235 0.516250000 
2950.662940735 2.210512033 2004282.815133452 2406.905880524 1.360489065 -6835204.744414971 0.036970882 0.004957984 0.045355855 0.908467093 0.001893894 0.002354292 0.002500000 0.000356392 0.142553370 0.004346955 0.518750000 
2965.301286917 2.226891536 1946083.132049817 2394.646606032 1.327746356 -6871004.603123242 0.036970882 0.004957984 0.045355855 0.908467093 0.001893894 0.002354292 0.002500000 0.000363388 0.145351523 0.004401905 0.521250000 
2979.700940167 2.243127438 1889931.444441320 2382.514204397 1.296002123 -6906385.149426724 0.036970882 0.004957984 0.045355855 0.908467093 0.001893894 0.002354292 0.002500000 0.000370500 0.148196312 0.004457077 0.523750000 
2993.866504656 2.259221207 1835749.717896713 2370.508001152 1.265223370 -6941349.443368766 0.036970882 0.004957984 0.045355855 0.908467093 0.001893894 0.002354292 0.002500000 0.000377728 0.151087736 0.004512462 0.526250000 
3007.802535229 2.275174346 1783462.708450195 2358.627241349 1.235378057 -6975900.774816456 0.036970882 0.004957984 0.045355855 0.908467093 0.001893894 0.002354292 0.002500000 0.000385073 0.154025797 0.004568052 0.528750000 
3021.513532982 2.290988384 1732997.905725651 2346.871096831 1.206435094 -7010042.640508807 0.036970882 0.004957984 0.045355855 0.908467093 0.001893894 0.002354292 0.002500000 0.000392535 0.157010493 0.004623840 0.531250000 
3035.003941418 2.306664875 1684285.471289624 2335.238673058 1.178364333 -7043778.722570280 0.036970882 0.004957984 0.045355855 0.908467093 0.001893894 0.002354292 0.002500000 0.000400113 0.160041825 0.004679820 0.533750000 
3048.278143109 2.322205393 1637258.173161188 2323.729015514 1.151136559 -7077112.868426091 0.036970882 0.004957984 0.045355855 0.908467093 0.001893894 0.002354292 0.002500000 0.000407808 0.163119793 0.004735984 0.536250000 
3061.340456847 2.337611528 1591851.317320941 2312.341115705 1.124723476 -7110049.072055037 0.036970882 0.004957984 0.045355855 0.908467093 0.001893894 0.002354292 0.002500000 0.000415619 0.166244397 0.004792325 0.538750000 
3074.195135226 2.352884882 1548002.676964067 2301.073916765 1.099097698 -7142591.456516069 0.036970882 0.004957984 0.045355855 0.908467093 0.001893894 0.002354292 0.002500000 0.000423547 0.169415637 0.004848839 0.541250000 
3086.846362624 2.368027067 1505652.420153585 2289.926318701 1.074232725 -7174744.257684757 0.036970882 0.004957984 0.045355855 0.908467093 0.001893894 0.002354292 0.002500000 0.000431592 0.172633513 0.004905517 0.543750000 
3099.298253553 2.383039699 1464743.036449002 2278.897183279 1.050102932 -7206511.809137275 0.036970882 0.004957984 0.045355855 0.908467093 0.001893894 0.002354292 0.002500000 0.000439753 0.175898025 0.004962356 0.546250000 
3111.554851335 2.397924401 1425219.263012235 2267.985338579 1.026683545 -7237898.528120308 0.036970882 0.004957984 0.045355855 0.908467093 0.001893894 0.002354292 0.002500000 0.000448031 0.179209172 0.005019349 0.548750000 
3123.620127085 2.412682794 1387028.010626162 2257.189583233 1.003950626 -7268908.902547313 0.036970882 0.004957984 0.045355855 0.908467093 0.001893894 0.002354292 0.002500000 0.000456425 0.182566955 0.005076492 0.551250000 
3135.497978961 2.427316500 1350118.290001471 2246.508690364 0.981881050 -7299547.478962820 0.036970882 0.004957984 0.045355855 0.908467093 0.001893894 0.002354292 0.002500000 0.000464936 0.185971375 0.005133779 0.553750000 
3147.192231665 2.441827136 1314441.138693465 2235.941411245 0.960452484 -7329818.851418965 0.036970882 0.004957984 0.045355855 0.908467093 0.001893894 0.002354292 0.002500000 0.000473564 0.189422430 0.005191206 0.556250000 
3158.706636161 2.456216315 1279949.548902543 2225.486478685 0.939643367 -7359727.651209890 0.036970882 0.004957984 0.045355855 0.908467093 0.001893894 0.002354292 0.002500000 0.000482308 0.192920121 0.005248767 0.558750000 
3170.044869601 2.470485642 1246598.396388806 2215.142610171 0.919432886 -7389278.537412344 0.036970882 0.004957984 0.045355855 0.908467093 0.001893894 0.002354292 0.002500000 0.000491169 0.196464448 0.005306459 0.561250000 
3181.210535417 2.484636714 1214344.370692975 2204.908510769 0.899800957 -7418476.188182633 0.036970882 0.004957984 0.045355855 0.908467093 0.001893894 0.002354292 0.002500000 0.000500146 0.200055411 0.005364278 0.563750000 
3192.207163588 2.498671120 1183145.906821825 2194.782875806 0.880728202 -7447325.292762498 0.036970882 0.004957984 0.045355855 0.908467093 0.001893894 0.002354292 0.002500000 0.000509240 0.203693009 0.005422219 0.566250000 
3203.038211037 2.512590434 1152963.118526153 2184.764393341 0.862195926 -7475830.544148561 0.036970882 0.004957984 0.045355855 0.908467093 0.001893894 0.002354292 0.002500000 0.000518451 0.207377244 0.005480278 0.568750000 
3213.707062164 2.526396221 1123757.733272718 2174.851746441 0.844186099 -7503996.632382505 0.036970882 0.004957984 0.045355855 0.908467093 0.001893894 0.002354292 0.002500000 0.000527778 0.211108114 0.005538452 0.571250000 
3224.217029481 2.540090031 1095493.028988326 2165.043615275 0.826681329 -7531828.238420931 0.036970882 0.004957984 0.045355855 0.908467093 0.001893894 0.002354292 0.002500000 0.000537222 0.214885621 0.005596737 0.573750000 
3234.571354354 2.553673400 1068133.772633736 2155.338679038 0.809664848 -7559330.028546371 0.036970882 0.004957984 0.045355855 0.908467093 0.001893894 0.002354292 0.002500000 0.000546782 0.218709763 0.005655130 0.576250000 
3244.773207827 2.567147850 1041646.160647238 2145.735617710 0.793120486 -7586506.649282635 0.036970882 0.004957984 0.045355855 0.908467093 0.001893894 0.002354292 0.002500000 0.000556459 0.222580541 0.005713628 0.578750000 
3254.825691519 2.580514885 1015997.761282279 2136.233113669 0.777032652 -7613362.722780183 0.036970882 0.004957984 0.045355855 0.908467093 0.001893894 0.002354292 0.002500000 0.000566252 0.226497955 0.005772226 0.581250000 
3264.731838588 2.593775996 991157.458850154 2126.829853165 0.761386315 -7639902.842638672 0.036970882 0.004957984 0.045355855 0.908467093 0.001893894 0.002354292 0.002500000 0.000576162 0.230462005 0.005830923 0.583750000 
3274.494614751 2.606932653 967095.399867228 2117.524527659 0.746166984 -7666131.570136167 0.036970882 0.004957984 0.045355855 0.908467093 0.001893894 0.002354292 0.002500000 0.000586189 0.234472690 0.005889715 0.586250000 
3284.116919345 2.619986313 943782.941096417 2108.315835046 0.731360689 -7692053.430835869 0.036970882 0.004957984 0.045355855 0.908467093 0.001893894 0.002354292 0.002500000 0.000596332 0.238530012 0.005948600 0.588750000 
3293.601586437 2.632938411 921192.599464183 2099.202480762 0.716953963 -7717672.911543548 0.036970882 0.004957984 0.045355855 0.908467093 0.001893894 0.002354292 0.002500000 0.000606592 0.242633970 0.006007574 0.591250000 
3302.951385953 2.645790367 899298.003827453 2090.183178785 0.702933824 -7742994.457589764 0.036970882 0.004957984 0.045355855 0.908467093 0.001893894 0.002354292 0.002500000 0.000616969 0.246784563 0.006066635 0.593750000 
3312.169024843 2.658543580 878073.848558851 2081.256652541 0.689287757 -7768022.470413452 0.036970882 0.004957984 0.045355855 0.908467093 0.001893894 0.002354292 0.002500000 0.000627462 0.250981792 0.006125781 0.596250000 
3321.257148261 2.671199433 857495.848913954 2072.421635716 0.676003694 -7792761.305423960 0.036970882 0.004957984 0.045355855 0.908467093 0.001893894 0.002354292 0.002500000 0.000638071 0.255225657 0.006185009 0.598750000 
3330.218340763 2.683759289 837540.698140264 2063.676872986 0.663070006 -7817215.270120990 0.036970882 0.004957984 0.045355855 0.908467093 0.001893894 0.002354292 0.002500000 0.000648798 0.259516158 0.006244317 0.601250000 
3339.055127511 2.696224491 818186.026284554 2055.021120668 0.650475478 -7841388.622452643 0.036970882 0.004957984 0.045355855 0.908467093 0.001893894 0.002354292 0.002500000 0.000659640 0.263853295 0.006303702 0.603750000 
3347.769975486 2.708596365 799410.360652787 2046.453147298 0.638209298 -7865285.569393172 0.036970882 0.004957984 0.045355855 0.908467093 0.001893894 0.002354292 0.002500000 0.000670600 0.268237068 0.006363163 0.606250000 
3356.365294704 2.720876215 781193.087874977 2037.971734142 0.626261042 -7888910.265723534 0.036970882 0.004957984 0.045355855 0.908467093 0.001893894 0.002354292 0.002500000 0.000681676 0.272667477 0.006422697 0.608750000 
3364.843439431 2.733065330 763514.417526135 2029.575675648 0.614620659 -7912266.812998518 0.036970882 0.004957984 0.045355855 0.908467093 0.001893894 0.002354292 0.002500000 0.000692868 0.277144521 0.006482302 0.611250000 
3373.206709388 2.745164976 746355.347253557 2021.263779830 0.603278455 -7935359.258685761 0.036970882 0.004957984 0.045355855 0.908467093 0.001893894 0.002354292 0.002500000 0.000704177 0.281668202 0.006541977 0.613750000 
3381.457350960 2.757176402 729697.629360275 2013.034868616 0.592225084 -7958191.595462651 0.036970882 0.004957984 0.045355855 0.908467093 0.001893894 0.002354292 0.002500000 0.000715603 0.286238518 0.006601719 0.616250000 
3389.597558391 2.769100837 713523.738794462 2004.887778132 0.581451532 -7980767.760658227 0.036970882 0.004957984 0.045355855 0.908467093 0.001893894 0.002354292 0.002500000 0.000727146 0.290855470 0.006661527 0.618750000 
3397.629474965 2.780939492 697816.842494686 1996.821358946 0.570949102 -8003091.635827982 0.036970882 0.004957984 0.045355855 0.908467093 0.001893894 0.002354292 0.002500000 0.000738804 0.295519058 0.006721398 0.621250000 
3405.555194180 2.792693559 682560.770041357 1988.834476276 0.560709410 -8025167.046450502 0.036970882 0.004957984 0.045355855 0.908467093 0.001893894 0.002354292 0.002500000 0.000750580 0.300229282 0.006781332 0.623750000 
3413.376760906 2.804364211 667739.985565397 1980.926010148 0.550724363 -8046997.761735389 0.036970882 0.004957984 0.045355855 0.908467093 0.001893894 0.002354292 0.002500000 0.000762472 0.304986142 0.006841326 0.626250000 
3421.096172526 2.815952601 653339.560865900 1973.094855530 0.540986157 -8068587.494532896 0.036970882 0.004957984 0.045355855 0.908467093 0.001893894 0.002354292 0.002500000 0.000774481 0.309789637 0.006901380 0.628750000 
3428.715380065 2.827459867 639345.149689527 1965.339922427 0.531487261 -8089939.901336180 0.036970882 0.004957984 0.045355855 0.908467093 0.001893894 0.002354292 0.002500000 0.000786606 0.314639769 0.006961490 0.631250000 
3436.236289294 2.838887125 625742.963125420 1957.660135951 0.522220405 -8111058.582368122 0.036970882 0.004957984 0.045355855 0.908467093 0.001893894 0.002354292 0.002500000 0.000798848 0.319536536 0.007021657 0.633750000 
3443.660761827 2.850235477 612519.746070621 1950.054436357 0.513178578 -8131947.081744468 0.036970882 0.004957984 0.045355855 0.908467093 0.001893894 0.002354292 0.002500000 0.000811207 0.324479940 0.007081878 0.636250000 
3450.990616184 2.861506003 599662.754722063 1942.521779063 0.504355010 -8152608.887706821 0.036970882 0.004957984 0.045355855 0.908467093 0.001893894 0.002354292 0.002500000 0.000823682 0.329469979 0.007142153 0.638750000 
3458.227628850 2.872699767 587159.735052675 1935.061134641 0.495743166 -8173047.432918120 0.036970882 0.004957984 0.045355855 0.908467093 0.001893894 0.002354292 0.002500000 0.000836273 0.334506654 0.007202479 0.641250000 
3465.373535301 2.883817818 574998.902230239 1927.671488789 0.487336738 -8193266.094815064 0.036970882 0.004957984 0.045355855 0.908467093 0.001893894 0.002354292 0.002500000 0.000848981 0.339589965 0.007262856 0.643750000 
3472.430031020 2.894861184 563168.920939127 1920.351842284 0.479129635 -8213268.196011420 0.036970882 0.004957984 0.045355855 0.908467093 0.001893894 0.002354292 0.002500000 0.000861806 0.344719912 0.007323282 0.646250000 
3479.398772485 2.905830878 551658.886566299 1913.101210921 0.471115977 -8233057.004747136 0.036970882 0.004957984 0.045355855 0.908467093 0.001893894 0.002354292 0.002500000 0.000874748 0.349896495 0.007383756 0.648750000 
3486.281378142 2.916727895 540458.307214354 1905.918625432 0.463290082 -8252635.735378332 0.036970882 0.004957984 0.045355855 0.908467093 0.001893894 0.002354292 0.002500000 0.000887806 0.355119713 0.007444277 0.651250000 
3493.079429350 2.927553216 529557.086505718 1898.803131394 0.455646465 -8272007.548903662 0.036970882 0.004957984 0.045355855 0.908467093 0.001893894 0.002354292 0.002500000 0.000900980 0.360389568 0.007504844 0.653750000 
3499.794471313 2.938307803 518945.507143416 1891.753789120 0.448179827 -8291175.553523037 0.036970882 0.004957984 0.045355855 0.908467093 0.001893894 0.002354292 0.002500000 0.000914272 0.365706058 0.007565455 0.656250000 
3506.428013986 2.948992603 508614.215195217 1884.769673549 0.440885047 -8310142.805224698 0.036970882 0.004957984 0.045355855 0.908467093 0.001893894 0.002354292 0.002500000 0.000927679 0.371069184 0.007626110 0.658750000 
3512.981532963 2.959608546 498554.205069170 1877.849874111 0.433757178 -8328912.308397297 0.036970882 0.004957984 0.045355855 0.908467093 0.001893894 0.002354292 0.002500000 0.000941204 0.376478947 0.007686808 0.661250000 
3519.456470344 2.970156550 488756.805149895 1870.993494596 0.426791440 -8347487.016463595 0.036970882 0.004957984 0.045355855 0.908467093 0.001893894 0.002354292 0.002500000 0.000954845 0.381935345 0.007747547 0.663750000 
3525.854235576 2.980637513 479213.664066179 1864.199653009 0.419983212 -8365869.832532892 0.036970882 0.004957984 0.045355855 0.908467093 0.001893894 0.002354292 0.002500000 0.000968602 0.387438378 0.007808327 0.666250000 
3532.176206285 2.991052320 469916.737561666 1857.467481417 0.413328027 -8384063.610069453 0.036970882 0.004957984 0.045355855 0.908467093 0.001893894 0.002354292 0.002500000 0.000982476 0.392988048 0.007869147 0.668750000 
3538.423729077 3.001401843 460858.275941609 1850.796125793 0.406821568 -8402071.153574308 0.036970882 0.004957984 0.045355855 0.908467093 0.001893894 0.002354292 0.002500000 0.000996467 0.398584354 0.007930005 0.671250000 
3544.598120325 3.011686936 452030.812069766 1844.184745852 0.400459660 -8419895.219278276 0.036970882 0.004957984 0.045355855 0.908467093 0.001893894 0.002354292 0.002500000 0.001010575 0.404227295 0.007990901 0.673750000 
3550.700666938 3.021908441 443427.149890685 1837.632514883 0.394238264 -8437538.515843887 0.036970882 0.004957984 0.045355855 0.908467093 0.001893894 0.002354292 0.002500000 0.001024798 0.409916873 0.008051834 0.676250000 
3556.732627102 3.032067184 435040.353453629 1831.138619577 0.388153478 -8455003.705074472 0.036970882 0.004957984 0.045355855 0.908467093 0.001893894 0.002354292 0.002500000 0.001039139 0.415653086 0.008112804 0.678750000 
