Sim: 3
Label: rocket
Time: 0.0020000000000002364
Description: Test run of cold flow MSSE simulation with Ma 0.1 initialisation
Variables: 17
vel_x Ma p T rho u massf_H2 massf_O2 massf_OH massf_H2O massf_H massf_O dx dV A_c A_s pos_x
353.994382274 0.219262233 21659652.110006314 3572.220581968 9.906229132 -3257425.494811084 0.036970882 0.004957984 0.045355855 0.908467093 0.001893894 0.002354292 0.002500000 0.000397608 0.159043128 0.003534292 0.001250000 
354.713077144 0.219709189 21650364.811928820 3572.160337396 9.902148503 -3257617.422302010 0.036970882 0.004957984 0.045355855 0.908467093 0.001893894 0.002354292 0.002500000 0.000397608 0.159043128 0.003534292 0.003750000 
354.857017136 0.219798542 21648630.224261645 3572.153749314 9.901373422 -3257638.410614011 0.036970882 0.004957984 0.045355855 0.908467093 0.001893894 0.002354292 0.002500000 0.000397608 0.159043128 0.003534292 0.006250000 
354.887092650 0.219817050 21648400.408713605 3572.157801859 9.901257079 -3257625.500016110 0.036970882 0.004957984 0.045355855 0.908467093 0.001893894 0.002354292 0.002500000 0.000397608 0.159043128 0.003534292 0.008750000 
354.896171451 0.219822494 21648455.565566346 3572.163814555 9.901265640 -3257606.344763878 0.036970882 0.004957984 0.045355855 0.908467093 0.001893894 0.002354292 0.002500000 0.000397608 0.159043128 0.003534292 0.011250000 
354.902974514 0.219826521 21648549.805838540 3572.170039157 9.901291489 -3257586.514417301 0.036970882 0.004957984 0.045355855 0.908467093 0.001893894 0.002354292 0.002500000 0.000397608 0.159043128 0.003534292 0.013750000 
354.911269794 0.219831478 21648633.694921084 3572.176125414 9.901312987 -3257567.124802174 0.036970882 0.004957984 0.045355855 0.908467093 0.001893894 0.002354292 0.002500000 0.000397608 0.159043128 0.003534292 0.016250000 
354.921808762 0.219837830 21648697.431074977 3572.182004390 9.901325842 -3257548.395539614 0.036970882 0.004957984 0.045355855 0.908467093 0.001893894 0.002354292 0.002500000 0.000397608 0.159043128 0.003534292 0.018750000 
354.934734046 0.219845666 21648739.211807758 3572.187663163 9.901329266 -3257530.367793968 0.036970882 0.004957984 0.045355855 0.908467093 0.001893894 0.002354292 0.002500000 0.000397608 0.159043128 0.003534292 0.021250000 
354.950065122 0.219855000 21648758.852459170 3572.193099368 9.901323181 -3257513.049100179 0.036970882 0.004957984 0.045355855 0.908467093 0.001893894 0.002354292 0.002500000 0.000397608 0.159043128 0.003534292 0.023750000 
354.967796286 0.219865827 21648756.498769034 3572.198312018 9.901307656 -3257496.442607989 0.036970882 0.004957984 0.045355855 0.908467093 0.001893894 0.002354292 0.002500000 0.000397608 0.159043128 0.003534292 0.026250000 
354.987916430 0.219878140 21648732.367089752 3572.203299638 9.901282795 -3257480.553012109 0.036970882 0.004957984 0.045355855 0.908467093 0.001893894 0.002354292 0.002500000 0.000397608 0.159043128 0.003534292 0.028750000 
355.010413033 0.219891932 21648686.691927411 3572.208059883 9.901248711 -3257465.387785468 0.036970882 0.004957984 0.045355855 0.908467093 0.001893894 0.002354292 0.002500000 0.000397608 0.159043128 0.003534292 0.031250000 
355.035272966 0.219907195 21648619.715314381 3572.212589444 9.901205524 -3257450.957471312 0.036970882 0.004957984 0.045355855 0.908467093 0.001893894 0.002354292 0.002500000 0.000397608 0.159043128 0.003534292 0.033750000 
355.062482661 0.219923920 21648531.684621256 3572.216884014 9.901153359 -3257437.275790973 0.036970882 0.004957984 0.045355855 0.908467093 0.001893894 0.002354292 0.002500000 0.000397608 0.159043128 0.003534292 0.036250000 
355.092028144 0.219942099 21648422.852070209 3572.220938265 9.901092346 -3257424.359718143 0.036970882 0.004957984 0.045355855 0.908467093 0.001893894 0.002354292 0.002500000 0.000397608 0.159043128 0.003534292 0.038750000 
355.123895045 0.219961723 21648293.474589746 3572.224745826 9.901022621 -3257412.229547632 0.036970882 0.004957984 0.045355855 0.908467093 0.001893894 0.002354292 0.002500000 0.000397608 0.159043128 0.003534292 0.041250000 
355.158068607 0.219982784 21648143.813736588 3572.228299266 9.900944323 -3257400.908961257 0.036970882 0.004957984 0.045355855 0.908467093 0.001893894 0.002354292 0.002500000 0.000397608 0.159043128 0.003534292 0.043750000 
355.194533683 0.220005271 21647974.135629151 3572.231590067 9.900857599 -3257390.425088055 0.036970882 0.004957984 0.045355855 0.908467093 0.001893894 0.002354292 0.002500000 0.000397608 0.159043128 0.003534292 0.046250000 
355.233274746 0.220029177 21647784.710881539 3572.234608617 9.900762598 -3257380.808554603 0.036970882 0.004957984 0.045355855 0.908467093 0.001893894 0.002354292 0.002500000 0.000397608 0.159043128 0.003534292 0.048750000 
355.274275891 0.220054491 21647575.814535685 3572.237344193 9.900659476 -3257372.093520754 0.036970882 0.004957984 0.045355855 0.908467093 0.001893894 0.002354292 0.002500000 0.000397608 0.159043128 0.003534292 0.051250000 
355.317520837 0.220081204 21647347.725991346 3572.239784959 9.900548393 -3257364.317695906 0.036970882 0.004957984 0.045355855 0.908467093 0.001893894 0.002354292 0.002500000 0.000397608 0.159043128 0.003534292 0.053750000 
355.362992933 0.220109305 21647100.728933778 3572.241917967 9.900429516 -3257357.522331229 0.036970882 0.004957984 0.045355855 0.908467093 0.001893894 0.002354292 0.002500000 0.000397608 0.159043128 0.003534292 0.056250000 
355.410675166 0.220138785 21646835.111259218 3572.243729168 9.900303015 -3257351.752183298 0.036970882 0.004957984 0.045355855 0.908467093 0.001893894 0.002354292 0.002500000 0.000397608 0.159043128 0.003534292 0.058750000 
355.460550158 0.220169633 21646551.164997980 3572.245203434 9.900169064 -3257347.055445193 0.036970882 0.004957984 0.045355855 0.908467093 0.001893894 0.002354292 0.002500000 0.000397608 0.159043128 0.003534292 0.061250000 
355.512600177 0.220201839 21646249.186235569 3572.246324593 9.900027846 -3257343.483641619 0.036970882 0.004957984 0.045355855 0.908467093 0.001893894 0.002354292 0.002500000 0.000397608 0.159043128 0.003534292 0.063750000 
355.566807140 0.220235392 21645929.475031435 3572.247075470 9.899879543 -3257341.091485390 0.036970882 0.004957984 0.045355855 0.908467093 0.001893894 0.002354292 0.002500000 0.000397608 0.159043128 0.003534292 0.066250000 
355.623152617 0.220270281 21645592.335335787 3572.247437950 9.899724346 -3257339.936693361 0.036970882 0.004957984 0.045355855 0.908467093 0.001893894 0.002354292 0.002500000 0.000397608 0.159043128 0.003534292 0.068750000 
355.681617839 0.220306495 21645238.074904248 3572.247393042 9.899562447 -3257340.079760970 0.036970882 0.004957984 0.045355855 0.908467093 0.001893894 0.002354292 0.002500000 0.000397608 0.159043128 0.003534292 0.071250000 
355.742183699 0.220344023 21644867.005210608 3572.246920970 9.899394045 -3257341.583695270 0.036970882 0.004957984 0.045355855 0.908467093 0.001893894 0.002354292 0.002500000 0.000397608 0.159043128 0.003534292 0.073750000 
355.804830762 0.220382854 21644479.441357490 3572.246001264 9.899219339 -3257344.513707552 0.036970882 0.004957984 0.045355855 0.908467093 0.001893894 0.002354292 0.002500000 0.000397608 0.159043128 0.003534292 0.076250000 
355.869539268 0.220422975 21644075.701985322 3572.244612871 9.899038534 -3257348.936867497 0.036970882 0.004957984 0.045355855 0.908467093 0.001893894 0.002354292 0.002500000 0.000397608 0.159043128 0.003534292 0.078750000 
355.936289138 0.220464376 21643656.109179381 3572.242734276 9.898851837 -3257354.921721854 0.036970882 0.004957984 0.045355855 0.908467093 0.001893894 0.002354292 0.002500000 0.000397608 0.159043128 0.003534292 0.081250000 
356.005059981 0.220507044 21643220.988375034 3572.240343628 9.898659456 -3257362.537881312 0.036970882 0.004957984 0.045355855 0.908467093 0.001893894 0.002354292 0.002500000 0.000397608 0.159043128 0.003534292 0.083750000 
356.075831100 0.220550967 21642770.668261416 3572.237418881 9.898461604 -3257371.855580383 0.036970882 0.004957984 0.045355855 0.908467093 0.001893894 0.002354292 0.002500000 0.000397608 0.159043128 0.003534292 0.086250000 
356.148581495 0.220596132 21642305.480683405 3572.233937937 9.898258493 -3257382.945215399 0.036970882 0.004957984 0.045355855 0.908467093 0.001893894 0.002354292 0.002500000 0.000397608 0.159043128 0.003534292 0.088750000 
356.223289874 0.220642528 21641825.760542065 3572.229878799 9.898050337 -3257395.876866667 0.036970882 0.004957984 0.045355855 0.908467093 0.001893894 0.002354292 0.002500000 0.000397608 0.159043128 0.003534292 0.091250000 
356.299934656 0.220690141 21641331.845693596 3572.225219720 9.897837350 -3257410.719810927 0.036970882 0.004957984 0.045355855 0.908467093 0.001893894 0.002354292 0.002500000 0.000397608 0.159043128 0.003534292 0.093750000 
356.378493978 0.220738959 21640824.076846879 3572.219939362 9.897619748 -3257427.542030820 0.036970882 0.004957984 0.045355855 0.908467093 0.001893894 0.002354292 0.002500000 0.000397608 0.159043128 0.003534292 0.096250000 
356.458945703 0.220788968 21640302.797459688 3572.214016944 9.897397746 -3257446.409727975 0.036970882 0.004957984 0.045355855 0.908467093 0.001893894 0.002354292 0.002500000 0.000397608 0.159043128 0.003534292 0.098750000 
356.541267425 0.220840155 21639768.353633504 3572.207432394 9.897171556 -3257467.386846462 0.036970882 0.004957984 0.045355855 0.908467093 0.001893894 0.002354292 0.002500000 0.000397608 0.159043128 0.003534292 0.101250000 
356.625436477 0.220892508 21639221.094007365 3572.200166491 9.896941391 -3257490.534613027 0.036970882 0.004957984 0.045355855 0.908467093 0.001893894 0.002354292 0.002500000 0.000397608 0.159043128 0.003534292 0.103750000 
356.711429936 0.220946011 21638661.369650319 3572.192201008 9.896707463 -3257515.911100361 0.036970882 0.004957984 0.045355855 0.908467093 0.001893894 0.002354292 0.002500000 0.000397608 0.159043128 0.003534292 0.106250000 
356.799224632 0.221000652 21638089.533952970 3572.183518833 9.896469981 -3257543.570819027 0.036970882 0.004957984 0.045355855 0.908467093 0.001893894 0.002354292 0.002500000 0.000397608 0.159043128 0.003534292 0.108750000 
356.888797154 0.221056416 21637505.942517962 3572.174104089 9.896229149 -3257573.564343271 0.036970882 0.004957984 0.045355855 0.908467093 0.001893894 0.002354292 0.002500000 0.000397608 0.159043128 0.003534292 0.111250000 
356.980123855 0.221113289 21636910.953049585 3572.163942243 9.895985174 -3257605.937975022 0.036970882 0.004957984 0.045355855 0.908467093 0.001893894 0.002354292 0.002500000 0.000397608 0.159043128 0.003534292 0.113750000 
357.073180865 0.221171257 21636304.925242398 3572.153020192 9.895738254 -3257640.733449912 0.036970882 0.004957984 0.045355855 0.908467093 0.001893894 0.002354292 0.002500000 0.000397608 0.159043128 0.003534292 0.116250000 
357.167944091 0.221230305 21635688.220669214 3572.141326346 9.895488587 -3257677.987687969 0.036970882 0.004957984 0.045355855 0.908467093 0.001893894 0.002354292 0.002500000 0.000397608 0.159043128 0.003534292 0.118750000 
357.264389229 0.221290419 21635061.202668265 3572.128850691 9.895236368 -3257717.732591023 0.036970882 0.004957984 0.045355855 0.908467093 0.001893894 0.002354292 0.002500000 0.000397608 0.159043128 0.003534292 0.121250000 
357.362491768 0.221351583 21634424.236229721 3572.115584834 9.894981785 -3257759.994887775 0.036970882 0.004957984 0.045355855 0.908467093 0.001893894 0.002354292 0.002500000 0.000397608 0.159043128 0.003534292 0.123750000 
357.462227003 0.221413783 21633777.687881656 3572.101522042 9.894725026 -3257804.796026609 0.036970882 0.004957984 0.045355855 0.908467093 0.001893894 0.002354292 0.002500000 0.000397608 0.159043128 0.003534292 0.126250000 
357.563570034 0.221477003 21633121.925575405 3572.086657257 9.894466272 -3257852.152115302 0.036970882 0.004957984 0.045355855 0.908467093 0.001893894 0.002354292 0.002500000 0.000397608 0.159043128 0.003534292 0.128750000 
357.666495780 0.221541227 21632457.318570543 3572.070987102 9.894205701 -3257902.073905821 0.036970882 0.004957984 0.045355855 0.908467093 0.001893894 0.002354292 0.002500000 0.000397608 0.159043128 0.003534292 0.131250000 
357.770978984 0.221606442 21631784.237319548 3572.054509872 9.893943487 -3257954.566821647 0.036970882 0.004957984 0.045355855 0.908467093 0.001893894 0.002354292 0.002500000 0.000397608 0.159043128 0.003534292 0.133750000 
357.876994222 0.221672629 21631103.053351905 3572.037225516 9.893679801 -3258009.631024297 0.036970882 0.004957984 0.045355855 0.908467093 0.001893894 0.002354292 0.002500000 0.000397608 0.159043128 0.003534292 0.136250000 
357.984515907 0.221739775 21630414.139158223 3572.019135600 9.893414807 -3258067.261514721 0.036970882 0.004957984 0.045355855 0.908467093 0.001893894 0.002354292 0.002500000 0.000397608 0.159043128 0.003534292 0.138750000 
358.093518299 0.221807862 21629717.868074052 3572.000243270 9.893148668 -3258127.448265040 0.036970882 0.004957984 0.045355855 0.908467093 0.001893894 0.002354292 0.002500000 0.000397608 0.159043128 0.003534292 0.141250000 
358.203975513 0.221876875 21629014.614163540 3571.980553201 9.892881542 -3258190.176375250 0.036970882 0.004957984 0.045355855 0.908467093 0.001893894 0.002354292 0.002500000 0.000397608 0.159043128 0.003534292 0.143750000 
358.315861525 0.221946797 21628304.752103135 3571.960071541 9.892613583 -3258255.426249171 0.036970882 0.004957984 0.045355855 0.908467093 0.001893894 0.002354292 0.002500000 0.000397608 0.159043128 0.003534292 0.146250000 
358.429150181 0.222017612 21627588.657065306 3571.938805854 9.892344941 -3258323.173783635 0.036970882 0.004957984 0.045355855 0.908467093 0.001893894 0.002354292 0.002500000 0.000397608 0.159043128 0.003534292 0.148750000 
358.543815203 0.222089303 21626866.704602335 3571.916765056 9.892075763 -3258393.390564777 0.036970882 0.004957984 0.045355855 0.908467093 0.001893894 0.002354292 0.002500000 0.000397608 0.159043128 0.003534292 0.151250000 
358.659830197 0.222161854 21626139.270530228 3571.893959356 9.891806193 -3258466.044064993 0.036970882 0.004957984 0.045355855 0.908467093 0.001893894 0.002354292 0.002500000 0.000397608 0.159043128 0.003534292 0.153750000 
358.777168661 0.222235248 21625406.730813056 3571.870400192 9.891536370 -3258541.097834413 0.036970882 0.004957984 0.045355855 0.908467093 0.001893894 0.002354292 0.002500000 0.000397608 0.159043128 0.003534292 0.156250000 
358.895803991 0.222309469 21624669.461447369 3571.846100177 9.891266433 -3258618.511680881 0.036970882 0.004957984 0.045355855 0.908467093 0.001893894 0.002354292 0.002500000 0.000397608 0.159043128 0.003534292 0.158750000 
359.015709491 0.222384498 21623927.838347178 3571.821073050 9.890996513 -3258698.241832508 0.036970882 0.004957984 0.045355855 0.908467093 0.001893894 0.002354292 0.002500000 0.000397608 0.159043128 0.003534292 0.161250000 
359.136858377 0.222460320 21623182.237229314 3571.795333626 9.890726743 -3258780.241077599 0.036970882 0.004957984 0.045355855 0.908467093 0.001893894 0.002354292 0.002500000 0.000397608 0.159043128 0.003534292 0.163750000 
359.259223788 0.222536917 21622433.033499345 3571.768897768 9.890457250 -3258864.458876984 0.036970882 0.004957984 0.045355855 0.908467093 0.001893894 0.002354292 0.002500000 0.000397608 0.159043128 0.003534292 0.166250000 
359.382778790 0.222614272 21621680.602138102 3571.741782356 9.890188157 -3258950.841444619 0.036970882 0.004957984 0.045355855 0.908467093 0.001893894 0.002354292 0.002500000 0.000397608 0.159043128 0.003534292 0.168750000 
359.507496387 0.222692367 21620925.317588873 3571.714005276 9.889919588 -3259039.331792928 0.036970882 0.004957984 0.045355855 0.908467093 0.001893894 0.002354292 0.002500000 0.000397608 0.159043128 0.003534292 0.171250000 
359.633349523 0.222771186 21620167.553645335 3571.685585415 9.889651660 -3259129.869740225 0.036970882 0.004957984 0.045355855 0.908467093 0.001893894 0.002354292 0.002500000 0.000397608 0.159043128 0.003534292 0.173750000 
359.760311094 0.222850712 21619407.683340348 3571.656542676 9.889384489 -3259222.391878341 0.036970882 0.004957984 0.045355855 0.908467093 0.001893894 0.002354292 0.002500000 0.000397608 0.159043128 0.003534292 0.176250000 
359.888353952 0.222930926 21618646.078835580 3571.626897995 9.889118187 -3259316.831499748 0.036970882 0.004957984 0.045355855 0.908467093 0.001893894 0.002354292 0.002500000 0.000397608 0.159043128 0.003534292 0.178750000 
360.017450916 0.223011811 21617883.111312203 3571.596673381 9.888852863 -3259413.118484167 0.036970882 0.004957984 0.045355855 0.908467093 0.001893894 0.002354292 0.002500000 0.000397608 0.159043128 0.003534292 0.181250000 
360.147574773 0.223093350 21617119.150862414 3571.565891960 9.888588622 -3259511.179145909 0.036970882 0.004957984 0.045355855 0.908467093 0.001893894 0.002354292 0.002500000 0.000397608 0.159043128 0.003534292 0.183750000 
360.278698290 0.223175525 21616354.566382255 3571.534578039 9.888325565 -3259610.936044204 0.036970882 0.004957984 0.045355855 0.908467093 0.001893894 0.002354292 0.002500000 0.000397608 0.159043128 0.003534292 0.186250000 
360.410794218 0.223258318 21615589.725465510 3571.502757174 9.888063790 -3259712.307759679 0.036970882 0.004957984 0.045355855 0.908467093 0.001893894 0.002354292 0.002500000 0.000397608 0.159043128 0.003534292 0.188750000 
360.543835301 0.223341712 21614824.994298775 3571.470456248 9.887803389 -3259815.208641327 0.036970882 0.004957984 0.045355855 0.908467093 0.001893894 0.002354292 0.002500000 0.000397608 0.159043128 0.003534292 0.191250000 
360.677794280 0.223425689 21614060.737557814 3571.437703560 9.887544451 -3259919.548529255 0.036970882 0.004957984 0.045355855 0.908467093 0.001893894 0.002354292 0.002500000 0.000397608 0.159043128 0.003534292 0.193750000 
360.812643902 0.223510232 21613297.318305362 3571.404528918 9.887287060 -3260025.232459382 0.036970882 0.004957984 0.045355855 0.908467093 0.001893894 0.002354292 0.002500000 0.000397608 0.159043128 0.003534292 0.196250000 
360.948356924 0.223595322 21612535.097890090 3571.370963734 9.887031294 -3260132.160357142 0.036970882 0.004957984 0.045355855 0.908467093 0.001893894 0.002354292 0.002500000 0.000397608 0.159043128 0.003534292 0.198750000 
361.084906122 0.223680941 21611774.435847260 3571.337041121 9.886777225 -3260240.226727961 0.036970882 0.004957984 0.045355855 0.908467093 0.001893894 0.002354292 0.002500000 0.000397608 0.159043128 0.003534292 0.201250000 
361.222264297 0.223767073 21611015.689800628 3571.302795989 9.886524921 -3260349.320352966 0.036970882 0.004957984 0.045355855 0.908467093 0.001893894 0.002354292 0.002500000 0.000397608 0.159043128 0.003534292 0.203750000 
361.360404277 0.223853698 21610259.215366010 3571.268265138 9.886274442 -3260459.323998797 0.036970882 0.004957984 0.045355855 0.908467093 0.001893894 0.002354292 0.002500000 0.000397608 0.159043128 0.003534292 0.206250000 
361.499298928 0.223940799 21609505.366056371 3571.233487338 9.886025843 -3260570.114150647 0.036970882 0.004957984 0.045355855 0.908467093 0.001893894 0.002354292 0.002500000 0.000397608 0.159043128 0.003534292 0.208750000 
361.638921159 0.224028358 21608754.493188426 3571.198503405 9.885779171 -3260681.560778018 0.036970882 0.004957984 0.045355855 0.908467093 0.001893894 0.002354292 0.002500000 0.000397608 0.159043128 0.003534292 0.211250000 
361.779243927 0.224116357 21608006.945791099 3571.163356262 9.885534468 -3260793.527142215 0.036970882 0.004957984 0.045355855 0.908467093 0.001893894 0.002354292 0.002500000 0.000397608 0.159043128 0.003534292 0.213750000 
361.920240241 0.224204777 21607263.070515305 3571.128090981 9.885291767 -3260905.869654723 0.036970882 0.004957984 0.045355855 0.908467093 0.001893894 0.002354292 0.002500000 0.000397608 0.159043128 0.003534292 0.216250000 
362.061883170 0.224293601 21606523.211545680 3571.092754812 9.885051095 -3261018.437794706 0.036970882 0.004957984 0.045355855 0.908467093 0.001893894 0.002354292 0.002500000 0.000397608 0.159043128 0.003534292 0.218750000 
362.204145849 0.224382810 21605787.710513890 3571.057397186 9.884812471 -3261131.074093388 0.036970882 0.004957984 0.045355855 0.908467093 0.001893894 0.002354292 0.002500000 0.000397608 0.159043128 0.003534292 0.221250000 
362.347001483 0.224472387 21605056.906413637 3571.022069696 9.884575908 -3261243.614191906 0.036970882 0.004957984 0.045355855 0.908467093 0.001893894 0.002354292 0.002500000 0.000397608 0.159043128 0.003534292 0.223750000 
362.490423352 0.224562313 21604331.135517497 3570.986826056 9.884341411 -3261355.886977985 0.036970882 0.004957984 0.045355855 0.908467093 0.001893894 0.002354292 0.002500000 0.000397608 0.159043128 0.003534292 0.226250000 
362.634384815 0.224652569 21603610.731295306 3570.951722032 9.884108978 -3261467.714805474 0.036970882 0.004957984 0.045355855 0.908467093 0.001893894 0.002354292 0.002500000 0.000397608 0.159043128 0.003534292 0.228750000 
362.778859321 0.224743139 21602896.024334490 3570.916815346 9.883878601 -3261578.913798958 0.036970882 0.004957984 0.045355855 0.908467093 0.001893894 0.002354292 0.002500000 0.000397608 0.159043128 0.003534292 0.231250000 
362.923820405 0.224834003 21602187.342261992 3570.882165553 9.883650265 -3261689.294243963 0.036970882 0.004957984 0.045355855 0.908467093 0.001893894 0.002354292 0.002500000 0.000397608 0.159043128 0.003534292 0.233750000 
363.069241699 0.224925143 21601485.009667963 3570.847833891 9.883423949 -3261798.661061293 0.036970882 0.004957984 0.045355855 0.908467093 0.001893894 0.002354292 0.002500000 0.000397608 0.159043128 0.003534292 0.236250000 
363.215096937 0.225016541 21600789.348031439 3570.813883110 9.883199627 -3261906.814362065 0.036970882 0.004957984 0.045355855 0.908467093 0.001893894 0.002354292 0.002500000 0.000397608 0.159043128 0.003534292 0.238750000 
363.361359957 0.225108178 21600100.675687276 3570.780377272 9.882977268 -3262013.550078830 0.036970882 0.004957984 0.045355855 0.908467093 0.001893894 0.002354292 0.002500000 0.000397608 0.159043128 0.003534292 0.241250000 
363.508005323 0.225200038 21599419.315970436 3570.747381474 9.882756838 -3262118.660845635 0.036970882 0.004957984 0.045355855 0.908467093 0.001893894 0.002354292 0.002500000 0.000397608 0.159043128 0.003534292 0.243750000 
363.655133140 0.225292181 21598747.275234722 3570.714949845 9.882539106 -3262221.974240479 0.036970882 0.004957984 0.045355855 0.908467093 0.001893894 0.002354292 0.002500000 0.000397608 0.159043128 0.003534292 0.246250000 
363.828189851 0.225400443 21598427.504394986 3570.680727156 9.882487511 -3262330.993013266 0.036970882 0.004957984 0.045355855 0.908467093 0.001893894 0.002354292 0.002500000 0.000397608 0.159043128 0.003534292 0.248750000 
368.562817493 0.228348351 21660061.164615173 3570.207805707 9.912001157 -3263837.498453267 0.036970882 0.004957984 0.045355855 0.908467093 0.001893894 0.002354292 0.002500000 0.000391317 0.156510139 0.006122753 0.251250000 
379.669844759 0.235265384 21639886.258215018 3569.098314879 9.905847165 -3267371.676106464 0.036970882 0.004957984 0.045355855 0.908467093 0.001893894 0.002354292 0.002500000 0.000378998 0.151583142 0.005940656 0.253750000 
392.379813763 0.243184456 21600837.836131703 3567.791937749 9.891592972 -3271532.767103934 0.036970882 0.004957984 0.045355855 0.908467093 0.001893894 0.002354292 0.002500000 0.000367133 0.146837275 0.005763911 0.256250000 
405.748977520 0.251518813 21555452.579430163 3566.373460152 9.874735850 -3276050.616634485 0.036970882 0.004957984 0.045355855 0.908467093 0.001893894 0.002354292 0.002500000 0.000355708 0.142267615 0.005592428 0.258750000 
419.589836150 0.260152342 21506197.689537406 3564.856599526 9.856363905 -3280881.463895160 0.036970882 0.004957984 0.045355855 0.908467093 0.001893894 0.002354292 0.002500000 0.000344711 0.137869348 0.005426120 0.261250000 
433.868422291 0.269064562 21453446.612077583 3563.240040319 9.836648541 -3286029.427021685 0.036970882 0.004957984 0.045355855 0.908467093 0.001893894 0.002354292 0.002500000 0.000334132 0.133637763 0.005264897 0.263750000 
448.582881916 0.278255055 21397114.131774239 3561.519022037 9.815560303 -3291509.587135368 0.036970882 0.004957984 0.045355855 0.908467093 0.001893894 0.002354292 0.002500000 0.000323957 0.129568259 0.005108674 0.266250000 
463.738157790 0.287727706 21337003.432711329 3559.687828080 9.793020736 -3297340.059073852 0.036970882 0.004957984 0.045355855 0.908467093 0.001893894 0.002354292 0.002500000 0.000314177 0.125656343 0.004957364 0.268750000 
479.340518579 0.297487296 21272882.174629480 3557.740338679 9.768935615 -3303540.228809808 0.036970882 0.004957984 0.045355855 0.908467093 0.001893894 0.002354292 0.002500000 0.000304779 0.121897626 0.004810883 0.271250000 
495.396336548 0.307538751 21204499.597840592 3555.670156515 9.743202345 -3310130.351833672 0.036970882 0.004957984 0.045355855 0.908467093 0.001893894 0.002354292 0.002500000 0.000295754 0.118287829 0.004669148 0.273750000 
511.911811552 0.317886969 21131590.414003313 3553.470634180 9.715711585 -3317131.464078490 0.036970882 0.004957984 0.045355855 0.908467093 0.001893894 0.002354292 0.002500000 0.000287090 0.114822776 0.004532077 0.276250000 
528.892917903 0.328536795 21053875.714575123 3551.134877613 9.686347550 -3324565.369170923 0.036970882 0.004957984 0.045355855 0.908467093 0.001893894 0.002354292 0.002500000 0.000278779 0.111498403 0.004399589 0.278750000 
546.345410476 0.339493031 20971063.279902708 3548.655742600 9.654988061 -3332454.647611384 0.036970882 0.004957984 0.045355855 0.908467093 0.001893894 0.002354292 0.002500000 0.000270809 0.108310749 0.004271606 0.281250000 
564.274852070 0.350760458 20882847.881020006 3546.025828169 9.621504580 -3340822.675652172 0.036970882 0.004957984 0.045355855 0.908467093 0.001893894 0.002354292 0.002500000 0.000263171 0.105255962 0.004148051 0.283750000 
582.686653073 0.362343867 20788911.745281525 3543.237467524 9.585762320 -3349693.651798667 0.036970882 0.004957984 0.045355855 0.908467093 0.001893894 0.002354292 0.002500000 0.000255857 0.102330297 0.004028847 0.286250000 
601.586121309 0.374248099 20688925.255620245 3540.282716361 9.547620456 -3359092.631410880 0.036970882 0.004957984 0.045355855 0.908467093 0.001893894 0.002354292 0.002500000 0.000248856 0.099530115 0.003913920 0.288750000 
620.978521473 0.386478090 20582547.928425848 3537.153338198 9.506932464 -3369045.570543488 0.036970882 0.004957984 0.045355855 0.908467093 0.001893894 0.002354292 0.002500000 0.000242159 0.096851885 0.003803199 0.291250000 
640.869143706 0.399038921 20469429.708688244 3533.840786306 9.463546595 -3379579.380306314 0.036970882 0.004957984 0.045355855 0.908467093 0.001893894 0.002354292 0.002500000 0.000235760 0.094292182 0.003696613 0.293750000 
661.263380692 0.411935876 20349212.618784185 3530.336181834 9.417306521 -3390721.992987337 0.036970882 0.004957984 0.045355855 0.908467093 0.001893894 0.002354292 0.002500000 0.000229648 0.091847689 0.003594094 0.296250000 
682.166812331 0.425174506 20221532.795435313 3526.630287781 9.368052148 -3402502.441031920 0.036970882 0.004957984 0.045355855 0.908467093 0.001893894 0.002354292 0.002500000 0.000223816 0.089515196 0.003495575 0.298750000 
703.585296643 0.438760700 20086022.946995523 3522.713478511 9.315620630 -3414950.949721746 0.036970882 0.004957984 0.045355855 0.908467093 0.001893894 0.002354292 0.002500000 0.000218256 0.087291599 0.003400993 0.301250000 
725.525065090 0.452700755 19942315.260149781 3518.575704664 9.259847588 -3428099.044028599 0.036970882 0.004957984 0.045355855 0.908467093 0.001893894 0.002354292 0.002500000 0.000212962 0.085173902 0.003310286 0.303750000 
747.992819959 0.467001451 19790044.781386890 3514.206453431 9.200568553 -3441979.669604683 0.036970882 0.004957984 0.045355855 0.908467093 0.001893894 0.002354292 0.002500000 0.000207925 0.083159215 0.003223394 0.306250000 
770.995830802 0.481670133 19628853.294423308 3509.594704416 9.137620636 -3456627.327173741 0.036970882 0.004957984 0.045355855 0.908467093 0.001893894 0.002354292 0.002500000 0.000203138 0.081244756 0.003140262 0.308750000 
794.542026140 0.496714784 19458393.710350610 3504.728881566 9.070844448 -3472078.218651136 0.036970882 0.004957984 0.045355855 0.908467093 0.001893894 0.002354292 0.002500000 0.000198595 0.079427851 0.003060833 0.311250000 
818.640075679 0.512144098 19278334.982946202 3499.596802059 9.000086261 -3488370.402073242 0.036970882 0.004957984 0.045355855 0.908467093 0.001893894 0.002354292 0.002500000 0.000194290 0.077705929 0.002985057 0.313750000 
843.299457055 0.527967547 19088367.557628460 3494.185623569 8.925200417 -3505543.950755970 0.036970882 0.004957984 0.045355855 0.908467093 0.001893894 0.002354292 0.002500000 0.000190216 0.076076531 0.002912885 0.316250000 
868.530499599 0.544195432 18888209.359228123 3488.481791985 8.846051999 -3523641.109893478 0.036970882 0.004957984 0.045355855 0.908467093 0.001893894 0.002354292 0.002500000 0.000186368 0.074537302 0.002844269 0.318750000 
894.344395623 0.560838922 18677612.321266446 3482.470992640 8.762519748 -3542706.440872770 0.036970882 0.004957984 0.045355855 0.908467093 0.001893894 0.002354292 0.002500000 0.000182739 0.073085995 0.002779168 0.321250000 
920.753167214 0.577910057 18456369.457775876 3476.138109282 8.674499232 -3562786.939685100 0.036970882 0.004957984 0.045355855 0.908467093 0.001893894 0.002354292 0.002500000 0.000179325 0.071720469 0.002717538 0.323750000 
947.769573285 0.595421731 18224322.477552649 3469.467196705 8.581906262 -3583932.110667021 0.036970882 0.004957984 0.045355855 0.908467093 0.001893894 0.002354292 0.002500000 0.000176120 0.070438692 0.002659343 0.326250000 
975.406937576 0.613387607 17981369.939287029 3462.441475064 8.484680542 -3606193.970044577 0.036970882 0.004957984 0.045355855 0.908467093 0.001893894 0.002354292 0.002500000 0.000173120 0.069238736 0.002604548 0.328750000 
1003.678873230 0.631821983 17727475.942733459 3455.043356726 8.382789556 -3629626.944969122 0.036970882 0.004957984 0.045355855 0.908467093 0.001893894 0.002354292 0.002500000 0.000170320 0.068118783 0.002553119 0.331250000 
1032.598873446 0.650739556 17462679.343398318 3447.254520097 8.276232646 -3654287.622484757 0.036970882 0.004957984 0.045355855 0.908467093 0.001893894 0.002354292 0.002500000 0.000167715 0.067077121 0.002505028 0.333750000 
1062.179730525 0.670155086 17187103.462240841 3439.056049392 8.165045288 -3680234.288767981 0.036970882 0.004957984 0.045355855 0.908467093 0.001893894 0.002354292 0.002500000 0.000165302 0.066112144 0.002460247 0.336250000 
1092.432737684 0.690082896 16900966.232220478 3430.428664825 8.049303483 -3707526.181835943 0.036970882 0.004957984 0.045355855 0.908467093 0.001893894 0.002354292 0.002500000 0.000163078 0.065222354 0.002418752 0.338750000 
1123.366619926 0.710536196 16604590.673694622 3421.353074164 7.929128209 -3736222.360964307 0.036970882 0.004957984 0.045355855 0.908467093 0.001893894 0.002354292 0.002500000 0.000161038 0.064406360 0.002380521 0.341250000 
1154.986133255 0.731526161 16298415.515005838 3411.810483701 7.804689805 -3766380.074282205 0.036970882 0.004957984 0.045355855 0.908467093 0.001893894 0.002354292 0.002500000 0.000159179 0.063662878 0.002345535 0.343750000 
1187.290267486 0.753060720 15983005.674104834 3401.783313749 7.676212127 -3798052.484448518 0.036970882 0.004957984 0.045355855 0.908467093 0.001893894 0.002354292 0.002500000 0.000157498 0.062990731 0.002313777 0.346250000 
1220.269988439 0.775143000 15659062.215025403 3391.256170108 7.543976263 -3831285.593694380 0.036970882 0.004957984 0.045355855 0.908467093 0.001893894 0.002354292 0.002500000 0.000155993 0.062388848 0.002285232 0.348750000 
1253.905459389 0.797769361 15327431.375488250 3380.217128148 7.408323575 -3866114.194391301 0.036970882 0.004957984 0.045355855 0.908467093 0.001893894 0.002354292 0.002500000 0.000154662 0.061856267 0.002259888 0.351250000 
1288.162675003 0.820926960 14989112.585736390 3368.659394639 7.269658009 -3902556.646477249 0.036970882 0.004957984 0.045355855 0.908467093 0.001893894 0.002354292 0.002500000 0.000153501 0.061392131 0.002237733 0.353750000 
1322.989363965 0.844590712 14645266.805491617 3356.583445488 7.128448236 -3940608.181142444 0.036970882 0.004957984 0.045355855 0.908467093 0.001893894 0.002354292 0.002500000 0.000152510 0.060995691 0.002218759 0.356250000 
1358.309652000 0.868719274 14297231.260631215 3343.999879514 6.985232235 -3980231.986298176 0.036970882 0.004957984 0.045355855 0.908467093 0.001893894 0.002354292 0.002500000 0.000151686 0.060666306 0.002202957 0.358750000 
1394.015513468 0.893248632 13946562.642306130 3330.933807063 6.840633770 -4021345.514979386 0.036970882 0.004957984 0.045355855 0.908467093 0.001893894 0.002354292 0.002500000 0.000151029 0.060403440 0.002190323 0.361250000 
1429.946959840 0.918077605 13595191.624562126 3317.434052768 6.695425710 -4063791.741757500 0.036970882 0.004957984 0.045355855 0.908467093 0.001893894 0.002354292 0.002500000 0.000150537 0.060206665 0.002180851 0.363750000 
1465.822119910 0.943017818 13246069.613366775 3303.603090098 6.550799844 -4107245.469121754 0.036970882 0.004957984 0.045355855 0.908467093 0.001893894 0.002354292 0.002500000 0.000150210 0.060075660 0.002174539 0.366250000 
1500.837127561 0.967510038 12906945.536552932 3289.763138194 6.409940645 -4150692.842165736 0.036970882 0.004957984 0.045355855 0.908467093 0.001893894 0.002354292 0.002500000 0.000150046 0.060010211 0.002171383 0.368750000 
1577.950955794 1.021997473 12164395.375973305 3258.098463684 6.099882690 -4249965.258860289 0.036970882 0.004957984 0.045355855 0.908467093 0.001893894 0.002354292 0.002500000 0.000150034 0.060007862 0.002171177 0.371250000 
1604.938095267 1.041251337 11905017.031447059 3246.638589689 5.990888479 -4285847.665675257 0.036970882 0.004957984 0.045355855 0.908467093 0.001893894 0.002354292 0.002500000 0.000150151 0.060054497 0.002173021 0.373750000 
1633.497207056 1.061736818 11630902.000327818 3234.290767499 5.875292544 -4324482.932924339 0.036970882 0.004957984 0.045355855 0.908467093 0.001893894 0.002354292 0.002500000 0.000150384 0.060147769 0.002176705 0.376250000 
1662.500926988 1.082660185 11353128.426648723 3221.519158145 5.757712730 -4364414.054909967 0.036970882 0.004957984 0.045355855 0.908467093 0.001893894 0.002354292 0.002500000 0.000150734 0.060287677 0.002182219 0.378750000 
1691.686931830 1.103839490 11074439.638952024 3208.431476382 5.639286415 -4405301.365769696 0.036970882 0.004957984 0.045355855 0.908467093 0.001893894 0.002354292 0.002500000 0.000151200 0.060474220 0.002189550 0.381250000 
1720.950670106 1.125204112 10796053.177799284 3195.071031230 5.520515811 -4447007.123235538 0.036970882 0.004957984 0.045355855 0.908467093 0.001893894 0.002354292 0.002500000 0.000151783 0.060707400 0.002198679 0.383750000 
1750.233847362 1.146715841 10518733.157691941 3181.462762828 5.401716088 -4489451.211902904 0.036970882 0.004957984 0.045355855 0.908467093 0.001893894 0.002354292 0.002500000 0.000152482 0.060987215 0.002209585 0.386250000 
1779.495992641 1.168348749 10243062.549417756 3167.624966573 5.283129156 -4532574.403154580 0.036970882 0.004957984 0.045355855 0.908467093 0.001893894 0.002354292 0.002500000 0.000153299 0.061313666 0.002222240 0.388750000 
1808.704949782 1.190082448 9969533.284523264 3153.573196689 5.164961308 -4576326.129362228 0.036970882 0.004957984 0.045355855 0.908467093 0.001893894 0.002354292 0.002500000 0.000154231 0.061686753 0.002236615 0.391250000 
1837.833099005 1.211899417 9698581.309627397 3139.321798142 5.047397823 -4620659.691835441 0.036970882 0.004957984 0.045355855 0.908467093 0.001893894 0.002354292 0.002500000 0.000155280 0.062106476 0.002252678 0.393750000 
1866.855669946 1.233783793 9430601.671661157 3124.884570087 4.930609209 -4665530.190456636 0.036970882 0.004957984 0.045355855 0.908467093 0.001893894 0.002354292 0.002500000 0.000156446 0.062572835 0.002270392 0.396250000 
1895.749925435 1.255720800 9165955.412752632 3110.275065544 4.814753995 -4710893.592795623 0.036970882 0.004957984 0.045355855 0.908467093 0.001893894 0.002354292 0.002500000 0.000157729 0.063085830 0.002289720 0.398750000 
1924.494744197 1.277696450 8904972.830899835 3095.506722796 4.699979977 -4756706.329815377 0.036970882 0.004957984 0.045355855 0.908467093 0.001893894 0.002354292 0.002500000 0.000159128 0.063645460 0.002310620 0.401250000 
1953.070399388 1.299697389 8647955.067003902 3080.592913045 4.586424757 -4802925.153088367 0.036970882 0.004957984 0.045355855 0.908467093 0.001893894 0.002354292 0.002500000 0.000160643 0.064251727 0.002333050 0.403750000 
1981.458437840 1.321710819 8395174.933051776 3065.546944297 4.474215928 -4849507.128195169 0.036970882 0.004957984 0.045355855 0.908467093 0.001893894 0.002354292 0.002500000 0.000162275 0.064904629 0.002356967 0.406250000 
2009.641612343 1.343724460 8146877.434124920 3050.382041816 4.363471138 -4896409.700464447 0.036970882 0.004957984 0.045355855 0.908467093 0.001893894 0.002354292 0.002500000 0.000164024 0.065604167 0.002382326 0.408750000 
2037.603841772 1.365726526 7903280.216344235 3035.111316227 4.254298093 -4943590.798389554 0.036970882 0.004957984 0.045355855 0.908467093 0.001893894 0.002354292 0.002500000 0.000165889 0.066350341 0.002409082 0.411250000 
2065.330185178 1.387705727 7664574.060429976 3019.747725579 4.146794585 -4991008.954839753 0.036970882 0.004957984 0.045355855 0.908467093 0.001893894 0.002354292 0.002500000 0.000167871 0.067143151 0.002437188 0.413750000 
2092.806821994 1.409651262 7430923.479948960 3004.304035221 4.041048554 -5038623.434129529 0.036970882 0.004957984 0.045355855 0.908467093 0.001893894 0.002354292 0.002500000 0.000169970 0.067982597 0.002466598 0.416250000 
2120.021033867 1.431552826 7202467.449120728 2988.792777838 3.937138201 -5086394.357524997 0.036970882 0.004957984 0.045355855 0.908467093 0.001893894 0.002354292 0.002500000 0.000172185 0.068868679 0.002497267 0.418750000 
2146.961185536 1.453400612 6979320.265106729 2973.226215194 3.835132163 -5134282.822472358 0.036970882 0.004957984 0.045355855 0.908467093 0.001893894 0.002354292 0.002500000 0.000174517 0.069801396 0.002529147 0.421250000 
2173.616703387 1.475185315 6761572.537881776 2957.616302536 3.735089739 -5182251.012541832 0.036970882 0.004957984 0.045355855 0.908467093 0.001893894 0.002354292 0.002500000 0.000176965 0.070780750 0.002562195 0.423750000 
2199.978051006 1.496898129 6549292.293842494 2941.974656312 3.637061182 -5230262.296212222 0.036970882 0.004957984 0.045355855 0.908467093 0.001893894 0.002354292 0.002500000 0.000179530 0.071806739 0.002596366 0.426250000 
2226.036701495 1.518530751 6342526.175434266 2926.312525543 3.541088024 -5278281.313404785 0.036970882 0.004957984 0.045355855 0.908467093 0.001893894 0.002354292 0.002500000 0.000182211 0.072879365 0.002631616 0.428750000 
2251.785106624 1.540075375 6141300.717220009 2910.640767068 3.447203456 -5326274.049236839 0.036970882 0.004957984 0.045355855 0.908467093 0.001893894 0.002354292 0.002500000 0.000185009 0.073998626 0.002667901 0.431250000 
2277.216663052 1.561524691 5945623.678314467 2894.969824716 3.355432733 -5374207.894879963 0.036970882 0.004957984 0.045355855 0.908467093 0.001893894 0.002354292 0.002500000 0.000187924 0.075164523 0.002705181 0.433750000 
2302.325675954 1.582871874 5755485.411539699 2879.309712378 3.265793617 -5422051.695717556 0.036970882 0.004957984 0.045355855 0.908467093 0.001893894 0.002354292 0.002500000 0.000190955 0.076377056 0.002743415 0.436250000 
2327.107320465 1.604110579 5570860.250725877 2863.670000852 3.178296829 -5469775.787229381 0.036970882 0.004957984 0.045355855 0.908467093 0.001893894 0.002354292 0.002500000 0.000194103 0.077636224 0.002782564 0.438750000 
2351.557601374 1.625234929 5391707.899073651 2848.059808328 3.092946524 -5517352.019204720 0.036970882 0.004957984 0.045355855 0.908467093 0.001893894 0.002354292 0.002500000 0.000197367 0.078942029 0.002822589 0.441250000 
2375.673311493 1.646239504 5217974.803252308 2832.487794264 3.009740769 -5564753.769011929 0.036970882 0.004957984 0.045355855 0.908467093 0.001893894 0.002354292 0.002500000 0.000200748 0.080294470 0.002863454 0.443750000 
2399.451989134 1.667119326 5049595.499810788 2816.962156459 2.928672020 -5611955.944740333 0.036970882 0.004957984 0.045355855 0.908467093 0.001893894 0.002354292 0.002500000 0.000204246 0.081693546 0.002905123 0.446250000 
2422.891875094 1.687869849 4886493.922433299 2801.490631031 2.849727603 -5658934.979086596 0.036970882 0.004957984 0.045355855 0.908467093 0.001893894 0.002354292 0.002500000 0.000207860 0.083139258 0.002947562 0.448750000 
2445.991869509 1.708486940 4728584.660507285 2786.080495060 2.772890180 -5705668.814887648 0.036970882 0.004957984 0.045355855 0.908467093 0.001893894 0.002354292 0.002500000 0.000211591 0.084631606 0.002990739 0.451250000 
2468.751488939 1.728966864 4575774.161335322 2770.738571604 2.698138205 -5752136.883210419 0.036970882 0.004957984 0.045355855 0.908467093 0.001893894 0.002354292 0.002500000 0.000215438 0.086170591 0.003034622 0.453750000 
2491.170823958 1.749306269 4427961.870075206 2755.471236830 2.625446368 -5798320.074899190 0.036970882 0.004957984 0.045355855 0.908467093 0.001893894 0.002354292 0.002500000 0.000219402 0.087756210 0.003079180 0.456250000 
2513.250497533 1.769502168 4285041.303107130 2740.284428987 2.554786014 -5844200.706457312 0.036970882 0.004957984 0.045355855 0.908467093 0.001893894 0.002354292 0.002500000 0.000223483 0.089388466 0.003124386 0.458750000 
2534.991624407 1.789551922 4146901.051986653 2725.183658968 2.486125553 -5889762.481105087 0.036970882 0.004957984 0.045355855 0.908467093 0.001893894 0.002354292 0.002500000 0.000227680 0.091067358 0.003170210 0.461250000 
2556.395771687 1.809453221 4013425.716438386 2710.174022215 2.419430836 -5934990.445811669 0.036970882 0.004957984 0.045355855 0.908467093 0.001893894 0.002354292 0.002500000 0.000231993 0.092792886 0.003216628 0.463750000 
2577.464920787 1.829204072 3884496.765975478 2695.260211739 2.354665521 -5979870.945048863 0.036970882 0.004957984 0.045355855 0.908467093 0.001893894 0.002354292 0.002500000 0.000236424 0.094565049 0.003263612 0.466250000 
2598.201430853 1.848802776 3759993.330697035 2680.446532042 2.291791406 -6024391.571960608 0.036970882 0.004957984 0.045355855 0.908467093 0.001893894 0.002354292 0.002500000 0.000240971 0.096383848 0.003311140 0.468750000 
2618.608003767 1.868247915 3639792.922627044 2665.736913732 2.230768744 -6068541.117584965 0.036970882 0.004957984 0.045355855 0.908467093 0.001893894 0.002354292 0.002500000 0.000245634 0.098249284 0.003359189 0.471250000 
2638.687650798 1.887538333 3523772.089622474 2651.134928669 2.171556535 -6112309.518707796 0.036970882 0.004957984 0.045355855 0.908467093 0.001893894 0.002354292 0.002500000 0.000250414 0.100161355 0.003407735 0.473750000 
2658.443660950 1.906673123 3411807.004408267 2636.643805460 2.114112791 -6155687.804869656 0.036970882 0.004957984 0.045355855 0.908467093 0.001893894 0.002354292 0.002500000 0.000255311 0.102120062 0.003456759 0.476250000 
2677.879571016 1.925651608 3303773.991703956 2622.266445167 2.058394785 -6198668.044991216 0.036970882 0.004957984 0.045355855 0.908467093 0.001893894 0.002354292 0.002500000 0.000260324 0.104125405 0.003506240 0.478750000 
2696.999137370 1.944473327 3199549.996705692 2608.005437093 2.004359270 -6241243.294027706 0.036970882 0.004957984 0.045355855 0.908467093 0.001893894 0.002354292 0.002500000 0.000265454 0.106177383 0.003556159 0.481250000 
2715.806309454 1.963138021 3099012.998389889 2593.863074531 1.951962687 -6283407.540011296 0.036970882 0.004957984 0.045355855 0.908467093 0.001893894 0.002354292 0.002500000 0.000270700 0.108275998 0.003606498 0.483750000 
2734.305204965 1.981645617 3002042.371225390 2579.841370380 1.901161344 -6325155.651791215 0.036970882 0.004957984 0.045355855 0.908467093 0.001893894 0.002354292 0.002500000 0.000276063 0.110421248 0.003657240 0.486250000 
2752.500086691 1.999996218 2908519.198930832 2565.942072531 1.851911582 -6366483.327735691 0.036970882 0.004957984 0.045355855 0.908467093 0.001893894 0.002354292 0.002500000 0.000281543 0.112613135 0.003708367 0.488750000 
2770.395340949 2.018190087 2818326.543905173 2552.166678968 1.804169918 -6407387.045617724 0.036970882 0.004957984 0.045355855 0.908467093 0.001893894 0.002354292 0.002500000 0.000287139 0.114851657 0.003759865 0.491250000 
2787.995457587 2.036227633 2731349.675902214 2538.516452502 1.757893181 -6447864.013867720 0.036970882 0.004957984 0.045355855 0.908467093 0.001893894 0.002354292 0.002500000 0.000292852 0.117136815 0.003811719 0.493750000 
2805.305011476 2.054109404 2647476.263424024 2524.992435105 1.713038621 -6487912.124341255 0.036970882 0.004957984 0.045355855 0.908467093 0.001893894 0.002354292 0.002500000 0.000298681 0.119468609 0.003863913 0.496250000 
2822.328645436 2.071836074 2566596.531182243 2511.595461789 1.669564008 -6527529.906718015 0.036970882 0.004957984 0.045355855 0.908467093 0.001893894 0.002354292 0.002500000 0.000304627 0.121847039 0.003916435 0.498750000 
2839.071054534 2.089408429 2488603.386827015 2498.326174015 1.627427725 -6566716.484619967 0.036970882 0.004957984 0.045355855 0.908467093 0.001893894 0.002354292 0.002500000 0.000310690 0.124272105 0.003969271 0.501250000 
2855.536971684 2.106827362 2413392.519978128 2485.185032587 1.586588834 -6605471.533511511 0.036970882 0.004957984 0.045355855 0.908467093 0.001893894 0.002354292 0.002500000 0.000316869 0.126743807 0.004022409 0.503750000 
2871.731154471 2.124093860 2340862.476416596 2472.172330034 1.547007144 -6643795.240422058 0.036970882 0.004957984 0.045355855 0.908467093 0.001893894 0.002354292 0.002500000 0.000323165 0.129262144 0.004075837 0.506250000 
2887.658373144 2.141208998 2270914.710112282 2459.288202462 1.508643263 -6681688.265512438 0.036970882 0.004957984 0.045355855 0.908467093 0.001893894 0.002354292 0.002500000 0.000329577 0.131827118 0.004129545 0.508750000 
2903.323399706 2.158173927 2203453.615578546 2446.532640863 1.471458638 -6719151.705489445 0.036970882 0.004957984 0.045355855 0.908467093 0.001893894 0.002354292 0.002500000 0.000336106 0.134438727 0.004183520 0.511250000 
2918.730998021 2.174989871 2138386.542860413 2433.905501894 1.435415597 -6756187.058858769 0.036970882 0.004957984 0.045355855 0.908467093 0.001893894 0.002354292 0.002500000 0.000342752 0.137096972 0.004237753 0.513750000 
2933.885914894 2.191658114 2075623.797282159 2421.406518119 1.400477367 -6792796.192994257 0.036970882 0.004957984 0.045355855 0.908467093 0.001893894 0.002354292 0.002500000 0.000349514 0.139801853 0.004292235 0.516250000 
2948.792872043 2.208179999 2015078.625904509 2409.035307733 1.366608104 -6828981.312991291 0.036970882 0.004957984 0.045355855 0.908467093 0.001893894 0.002354292 0.002500000 0.000356392 0.142553370 0.004346955 0.518750000 
2963.456558902 2.224556915 1956667.192472824 2396.791383755 1.333772900 -6864744.932263732 0.036970882 0.004957984 0.045355855 0.908467093 0.001893894 0.002354292 0.002500000 0.000363388 0.145351523 0.004401905 0.521250000 
2977.881626212 2.240790298 1900308.542476718 2384.674162729 1.301937796 -6900089.844837003 0.036970882 0.004957984 0.045355855 0.908467093 0.001893894 0.002354292 0.002500000 0.000370500 0.148196312 0.004457077 0.523750000 
2992.072680321 2.256881620 1845924.559789291 2372.682972931 1.271069785 -6935019.099284634 0.036970882 0.004957984 0.045355855 0.908467093 0.001893894 0.002354292 0.002500000 0.000377728 0.151087736 0.004512462 0.526250000 
3006.034278154 2.272832388 1793439.916210912 2360.817062093 1.241136812 -6969535.974251103 0.036970882 0.004957984 0.045355855 0.908467093 0.001893894 0.002354292 0.002500000 0.000385073 0.154025797 0.004568052 0.528750000 
3019.770922803 2.288644135 1742782.015108575 2349.075604682 1.212107770 -7003643.955501230 0.036970882 0.004957984 0.045355855 0.908467093 0.001893894 0.002354292 0.002500000 0.000392535 0.157010493 0.004623840 0.531250000 
3033.287059672 2.304318419 1693880.930217505 2337.457708722 1.183952496 -7037346.714433888 0.036970882 0.004957984 0.045355855 0.908467093 0.001893894 0.002354292 0.002500000 0.000400113 0.160041825 0.004679820 0.533750000 
3046.587073149 2.319856816 1646669.340556439 2325.962422199 1.156641754 -7070648.087996628 0.036970882 0.004957984 0.045355855 0.908467093 0.001893894 0.002354292 0.002500000 0.000407808 0.163119793 0.004735984 0.536250000 
3059.675283761 2.335260922 1601082.462301880 2314.588739061 1.130147231 -7103552.059937305 0.036970882 0.004957984 0.045355855 0.908467093 0.001893894 0.002354292 0.002500000 0.000415619 0.166244397 0.004792325 0.538750000 
3072.555945753 2.350532340 1557057.978369273 2303.335604830 1.104441517 -7136062.743328659 0.036970882 0.004957984 0.045355855 0.908467093 0.001893894 0.002354292 0.002500000 0.000423547 0.169415637 0.004848839 0.541250000 
3085.233245078 2.365672685 1514535.966360159 2292.201921836 1.079498093 -7168184.364302376 0.036970882 0.004957984 0.045355855 0.908467093 0.001893894 0.002354292 0.002500000 0.000431592 0.172633513 0.004905517 0.543750000 
3097.711297745 2.380683579 1473458.825453097 2281.186554112 1.055291310 -7199921.246930125 0.036970882 0.004957984 0.045355855 0.908467093 0.001893894 0.002354292 0.002500000 0.000439753 0.175898025 0.004962356 0.546250000 
3109.994148501 2.395566644 1433771.202742831 2270.288331946 1.031796373 -7231277.799190217 0.036970882 0.004957984 0.045355855 0.908467093 0.001893894 0.002354292 0.002500000 0.000448031 0.179209172 0.005019349 0.548750000 
3122.085769814 2.410323507 1395419.919465438 2259.506056124 1.008989319 -7262258.499960156 0.036970882 0.004957984 0.045355855 0.908467093 0.001893894 0.002354292 0.002500000 0.000456425 0.182566955 0.005076492 0.551250000 
3133.990061125 2.424955791 1358353.897487343 2248.838501864 0.986847001 -7292867.886977117 0.036970882 0.004957984 0.045355855 0.908467093 0.001893894 0.002354292 0.002500000 0.000464936 0.185971375 0.005133779 0.553750000 
3145.710848352 2.439465117 1322524.086382009 2238.284422480 0.965347061 -7323110.545710225 0.036970882 0.004957984 0.045355855 0.908467093 0.001893894 0.002354292 0.002500000 0.000473564 0.189422430 0.005191206 0.556250000 
3157.251883613 2.453853099 1287883.391369890 2227.842552768 0.944467914 -7352991.099090669 0.036970882 0.004957984 0.045355855 0.908467093 0.001893894 0.002354292 0.002500000 0.000482308 0.192920121 0.005248767 0.558750000 
3168.616845147 2.468121345 1254386.602353967 2217.511612149 0.924188722 -7382514.198047817 0.036970882 0.004957984 0.045355855 0.908467093 0.001893894 0.002354292 0.002500000 0.000491169 0.196464448 0.005306459 0.561250000 
3179.809337416 2.482271456 1221990.324244746 2207.290307570 0.904489379 -7411684.512801495 0.036970882 0.004957984 0.045355855 0.908467093 0.001893894 0.002354292 0.002500000 0.000500146 0.200055411 0.005364278 0.563750000 
3190.832891367 2.496305020 1190652.908734436 2197.177336190 0.885350480 -7440506.724863163 0.036970882 0.004957984 0.045355855 0.908467093 0.001893894 0.002354292 0.002500000 0.000509240 0.203693009 0.005422219 0.566250000 
3201.690964838 2.510223616 1160334.387649788 2187.171387849 0.866753308 -7468985.519700664 0.036970882 0.004957984 0.045355855 0.908467093 0.001893894 0.002354292 0.002500000 0.000518451 0.207377244 0.005480278 0.568750000 
3212.386943084 2.524028810 1130996.407986392 2177.271147346 0.848679807 -7497125.580023480 0.036970882 0.004957984 0.045355855 0.908467093 0.001893894 0.002354292 0.002500000 0.000527778 0.211108114 0.005538452 0.571250000 
3222.924139423 2.537722155 1102602.168703768 2167.475296538 0.831112562 -7524931.579647849 0.036970882 0.004957984 0.045355855 0.908467093 0.001893894 0.002354292 0.002500000 0.000537222 0.214885621 0.005596737 0.573750000 
3233.305795972 2.551305187 1075116.359340124 2157.782516258 0.814034781 -7552408.177902888 0.036970882 0.004957984 0.045355855 0.908467093 0.001893894 0.002354292 0.002500000 0.000546782 0.218709763 0.005655130 0.576250000 
3243.535084479 2.564779432 1048505.100487596 2148.191488080 0.797430269 -7579560.014541171 0.036970882 0.004957984 0.045355855 0.908467093 0.001893894 0.002354292 0.002500000 0.000556459 0.222580541 0.005713628 0.578750000 
3253.615107216 2.578146395 1022735.886153367 2138.700895934 0.781283413 -7606391.705119286 0.036970882 0.004957984 0.045355855 0.908467093 0.001893894 0.002354292 0.002500000 0.000566252 0.226497955 0.005772226 0.581250000 
3263.548897949 2.591407568 997777.528018483 2129.309427577 0.765579159 -7632907.836815688 0.036970882 0.004957984 0.045355855 0.908467093 0.001893894 0.002354292 0.002500000 0.000576162 0.230462005 0.005830923 0.583750000 
3273.339422956 2.604564424 973600.101594680 2120.015775937 0.750302992 -7659112.964655139 0.036970882 0.004957984 0.045355855 0.908467093 0.001893894 0.002354292 0.002500000 0.000586189 0.234472690 0.005889715 0.586250000 
3282.989582095 2.617618420 950174.894269623 2110.818640336 0.735440921 -7685011.608110919 0.036970882 0.004957984 0.045355855 0.908467093 0.001893894 0.002354292 0.002500000 0.000596332 0.238530012 0.005948600 0.588750000 
3292.502209906 2.630570995 927474.355222549 2101.716727597 0.720979456 -7710608.248057593 0.036970882 0.004957984 0.045355855 0.908467093 0.001893894 0.002354292 0.002500000 0.000606592 0.242633970 0.006007574 0.591250000 
3301.880076750 2.643423569 905472.047185223 2092.708753047 0.706905593 -7735907.324048884 0.036970882 0.004957984 0.045355855 0.908467093 0.001893894 0.002354292 0.002500000 0.000616969 0.246784563 0.006066635 0.593750000 
3311.125889972 2.656177543 884142.600017240 2083.793441425 0.693206793 -7760913.231896719 0.036970882 0.004957984 0.045355855 0.908467093 0.001893894 0.002354292 0.002500000 0.000627462 0.250981792 0.006125781 0.596250000 
3320.242295082 2.668834301 863461.666059819 2074.969527692 0.679870972 -7785630.321529097 0.036970882 0.004957984 0.045355855 0.908467093 0.001893894 0.002354292 0.002500000 0.000638071 0.255225657 0.006185009 0.598750000 
3329.231876954 2.681395207 843405.877228273 2066.235757767 0.666886476 -7810062.895105691 0.036970882 0.004957984 0.045355855 0.908467093 0.001893894 0.002354292 0.002500000 0.000648798 0.259516158 0.006244317 0.601250000 
3338.097161034 2.693861606 823952.803800168 2057.590889175 0.654242071 -7834215.205371875 0.036970882 0.004957984 0.045355855 0.908467093 0.001893894 0.002354292 0.002500000 0.000659640 0.263853295 0.006303702 0.603750000 
3346.840614551 2.706234825 805080.914853820 2049.033691626 0.641926926 -7858091.454232315 0.036970882 0.004957984 0.045355855 0.908467093 0.001893894 0.002354292 0.002500000 0.000670600 0.268237068 0.006363163 0.606250000 
3355.464647733 2.718516170 786769.540309728 2040.562947531 0.629930595 -7881695.791527716 0.036970882 0.004957984 0.045355855 0.908467093 0.001893894 0.002354292 0.002500000 0.000681676 0.272667477 0.006422697 0.608750000 
3363.971615026 2.730706930 768998.834526491 2032.177452447 0.618243008 -7905032.313998058 0.036970882 0.004957984 0.045355855 0.908467093 0.001893894 0.002354292 0.002500000 0.000692868 0.277144521 0.006482302 0.611250000 
3372.363816301 2.742808373 751749.741401656 2023.876015475 0.606854455 -7928105.064417847 0.036970882 0.004957984 0.045355855 0.908467093 0.001893894 0.002354292 0.002500000 0.000704177 0.281668202 0.006541977 0.613750000 
3380.643498062 2.754821749 735003.960927633 2015.657459595 0.595755568 -7950918.030889403 0.036970882 0.004957984 0.045355855 0.908467093 0.001893894 0.002354292 0.002500000 0.000715603 0.286238518 0.006601719 0.616250000 
3388.812854639 2.766748288 718743.917152598 2007.520621957 0.584937315 -7973475.146281228 0.036970882 0.004957984 0.045355855 0.908467093 0.001893894 0.002354292 0.002500000 0.000727146 0.290855470 0.006661527 0.618750000 
3396.874029375 2.778589203 702952.727496550 1999.464354131 0.574390985 -7995780.287799345 0.036970882 0.004957984 0.045355855 0.908467093 0.001893894 0.002354292 0.002500000 0.000738804 0.295519058 0.006721398 0.621250000 
3404.829115800 2.790345684 687614.173373027 1991.487522304 0.564108172 -8017837.276680594 0.036970882 0.004957984 0.045355855 0.908467093 0.001893894 0.002354292 0.002500000 0.000750580 0.300229282 0.006781332 0.623750000 
3412.680158785 2.802018908 672712.672067626 1983.589007449 0.554080768 -8039649.877997258 0.036970882 0.004957984 0.045355855 0.908467093 0.001893894 0.002354292 0.002500000 0.000762472 0.304986142 0.006841326 0.626250000 
3420.429155692 2.813610028 658233.249825273 1975.767705458 0.544300953 -8061221.800563595 0.036970882 0.004957984 0.045355855 0.908467093 0.001893894 0.002354292 0.002500000 0.000774481 0.309789637 0.006901380 0.628750000 
3428.078057496 2.825120183 644161.516099097 1968.022527232 0.534761177 -8082556.696935011 0.036970882 0.004957984 0.045355855 0.908467093 0.001893894 0.002354292 0.002500000 0.000786606 0.314639769 0.006961490 0.631250000 
3435.628769895 2.836550490 630483.638914807 1960.352398758 0.525454158 -8103658.163491848 0.036970882 0.004957984 0.045355855 0.908467093 0.001893894 0.002354292 0.002500000 0.000798848 0.319536536 0.007021657 0.633750000 
3443.083154403 2.847902050 617186.321305631 1952.756261145 0.516372867 -8124529.740599740 0.036970882 0.004957984 0.045355855 0.908467093 0.001893894 0.002354292 0.002500000 0.000811207 0.324479940 0.007081878 0.636250000 
3450.443029421 2.859175946 604256.778774003 1945.233070639 0.507510518 -8145174.912839686 0.036970882 0.004957984 0.045355855 0.908467093 0.001893894 0.002354292 0.002500000 0.000823682 0.329469979 0.007142153 0.638750000 
3457.710171286 2.870373243 591682.717737587 1937.781798622 0.498860563 -8165597.109300879 0.036970882 0.004957984 0.045355855 0.908467093 0.001893894 0.002354292 0.002500000 0.000836273 0.334506654 0.007202479 0.641250000 
3464.886315311 2.881494989 579452.314918346 1930.401431582 0.490416679 -8185799.703930524 0.036970882 0.004957984 0.045355855 0.908467093 0.001893894 0.002354292 0.002500000 0.000848981 0.339589965 0.007262856 0.643750000 
3471.973156789 2.892542213 567554.197634849 1923.090971065 0.482172760 -8205786.015934511 0.036970882 0.004957984 0.045355855 0.908467093 0.001893894 0.002354292 0.002500000 0.000861806 0.344719912 0.007323282 0.646250000 
3478.972351990 2.903515930 555977.424959231 1915.849433616 0.474122912 -8225559.310224144 0.036970882 0.004957984 0.045355855 0.908467093 0.001893894 0.002354292 0.002500000 0.000874748 0.349896495 0.007383756 0.648750000 
3485.885519128 2.914417136 544711.469701650 1908.675850699 0.466261441 -8245122.797903656 0.036970882 0.004957984 0.045355855 0.908467093 0.001893894 0.002354292 0.002500000 0.000887806 0.355119713 0.007444277 0.651250000 
3492.714239315 2.925246810 533746.201186344 1901.569268603 0.458582848 -8264479.636794370 0.036970882 0.004957984 0.045355855 0.908467093 0.001893894 0.002354292 0.002500000 0.000900980 0.360389568 0.007504844 0.653750000 
3499.460057486 2.936005916 523071.868784797 1894.528748339 0.451081821 -8283632.931991053 0.036970882 0.004957984 0.045355855 0.908467093 0.001893894 0.002354292 0.002500000 0.000914272 0.365706058 0.007565455 0.656250000 
3506.124483310 2.946695402 512679.086172776 1887.553365523 0.443753226 -8302585.736446901 0.036970882 0.004957984 0.045355855 0.908467093 0.001893894 0.002354292 0.002500000 0.000927679 0.371069184 0.007626110 0.658750000 
3512.708992075 2.957316200 502558.816279323 1880.642210250 0.436592104 -8321341.051583480 0.036970882 0.004957984 0.045355855 0.908467093 0.001893894 0.002354292 0.002500000 0.000941204 0.376478947 0.007686808 0.661250000 
3519.215025556 2.967869224 492702.356897059 1873.794386958 0.429593663 -8339901.827922381 0.036970882 0.004957984 0.045355855 0.908467093 0.001893894 0.002354292 0.002500000 0.000954845 0.381935345 0.007747547 0.663750000 
3525.643992864 2.978355377 483101.326924360 1867.009014282 0.422753271 -8358270.965735751 0.036970882 0.004957984 0.045355855 0.908467093 0.001893894 0.002354292 0.002500000 0.000968602 0.387438378 0.007808327 0.666250000 
3531.997271265 2.988775544 473747.653211210 1860.285224907 0.416066448 -8376451.315712716 0.036970882 0.004957984 0.045355855 0.908467093 0.001893894 0.002354292 0.002500000 0.000982476 0.392988048 0.007869147 0.668750000 
3538.276206994 2.999130595 464633.557981702 1853.622165409 0.409528867 -8394445.679639427 0.036970882 0.004957984 0.045355855 0.908467093 0.001893894 0.002354292 0.002500000 0.000996467 0.398584354 0.007930005 0.671250000 
3544.482116035 3.009421386 455751.546807276 1847.018996091 0.403136341 -8412256.811090214 0.036970882 0.004957984 0.045355855 0.908467093 0.001893894 0.002354292 0.002500000 0.001010575 0.404227295 0.007990901 0.673750000 
3550.616284891 3.019648759 447094.397105925 1840.474890817 0.396884823 -8429887.416127883 0.036970882 0.004957984 0.045355855 0.908467093 0.001893894 0.002354292 0.002500000 0.001024798 0.409916873 0.008051834 0.676250000 
3556.679971331 3.029813541 438655.147143641 1833.989036842 0.390770396 -8447340.154011024 0.036970882 0.004957984 0.045355855 0.908467093 0.001893894 0.002354292 0.002500000 0.001039139 0.415653086 0.008112804 0.678750000 
