Sim: 3
Label: rocket
Time: 0.0009999999999997715
Description: Test run of cold flow MSSE simulation with Ma 0.1 initialisation
Variables: 17
vel_x Ma p T rho u massf_H2 massf_O2 massf_OH massf_H2O massf_H massf_O dx dV A_c A_s pos_x
369.731071028 0.229042333 21608143.116559319 3571.164992976 9.885592235 -3260788.313151360 0.036970882 0.004957984 0.045355855 0.908467093 0.001893894 0.002354292 0.002500000 0.000397608 0.159043128 0.003534292 0.001250000 
370.045003474 0.229223712 21614374.340904340 3571.585059404 9.887279967 -3259450.117253968 0.036970882 0.004957984 0.045355855 0.908467093 0.001893894 0.002354292 0.002500000 0.000397608 0.159043128 0.003534292 0.003750000 
369.745404545 0.229023191 21628922.431386393 3572.064572331 9.892606687 -3257922.509990886 0.036970882 0.004957984 0.045355855 0.908467093 0.001893894 0.002354292 0.002500000 0.000397608 0.159043128 0.003534292 0.006250000 
369.325570156 0.228747902 21645129.996730555 3572.554548599 9.898661892 -3256361.531696559 0.036970882 0.004957984 0.045355855 0.908467093 0.001893894 0.002354292 0.002500000 0.000397608 0.159043128 0.003534292 0.008750000 
368.889726165 0.228462742 21661588.041712027 3573.044299736 9.904830593 -3254801.232788855 0.036970882 0.004957984 0.045355855 0.908467093 0.001893894 0.002354292 0.002500000 0.000397608 0.159043128 0.003534292 0.011250000 
368.459945725 0.228181460 21677997.190664656 3573.531319414 9.910982824 -3253249.598539069 0.036970882 0.004957984 0.045355855 0.908467093 0.001893894 0.002354292 0.002500000 0.000397608 0.159043128 0.003534292 0.013750000 
368.040893382 0.227906969 21694293.277733896 3574.014849155 9.917091378 -3251709.046159688 0.036970882 0.004957984 0.045355855 0.908467093 0.001893894 0.002354292 0.002500000 0.000397608 0.159043128 0.003534292 0.016250000 
367.633529680 0.227639872 21710462.185261555 3574.494504564 9.923150906 -3250180.801212997 0.036970882 0.004957984 0.045355855 0.908467093 0.001893894 0.002354292 0.002500000 0.000397608 0.159043128 0.003534292 0.018750000 
367.238019739 0.227380279 21726500.539321046 3574.969984060 9.929160742 -3248665.825486488 0.036970882 0.004957984 0.045355855 0.908467093 0.001893894 0.002354292 0.002500000 0.000397608 0.159043128 0.003534292 0.021250000 
366.854352356 0.227128190 21742407.341900099 3575.441009554 9.935121244 -3247165.006013822 0.036970882 0.004957984 0.045355855 0.908467093 0.001893894 0.002354292 0.002500000 0.000397608 0.159043128 0.003534292 0.023750000 
366.482472408 0.226883577 21758182.180298682 3575.907316737 9.941033000 -3245679.185982610 0.036970882 0.004957984 0.045355855 0.908467093 0.001893894 0.002354292 0.002500000 0.000397608 0.159043128 0.003534292 0.026250000 
366.122309542 0.226646403 21773824.838336162 3576.368655794 9.946896648 -3244209.162466942 0.036970882 0.004957984 0.045355855 0.908467093 0.001893894 0.002354292 0.002500000 0.000397608 0.159043128 0.003534292 0.028750000 
365.773784700 0.226416623 21789335.207187690 3576.824794019 9.952712830 -3242755.678081410 0.036970882 0.004957984 0.045355855 0.908467093 0.001893894 0.002354292 0.002500000 0.000397608 0.159043128 0.003534292 0.031250000 
365.436811891 0.226194189 21804713.260556944 3577.275518456 9.958482169 -3241319.412559151 0.036970882 0.004957984 0.045355855 0.908467093 0.001893894 0.002354292 0.002500000 0.000397608 0.159043128 0.003534292 0.033750000 
365.111298926 0.225979047 21819959.043834597 3577.720638125 9.964205263 -3239900.975654525 0.036970882 0.004957984 0.045355855 0.908467093 0.001893894 0.002354292 0.002500000 0.000397608 0.159043128 0.003534292 0.036250000 
364.797147918 0.225771142 21835072.666444998 3578.159985715 9.969882671 -3238500.901724976 0.036970882 0.004957984 0.045355855 0.908467093 0.001893894 0.002354292 0.002500000 0.000397608 0.159043128 0.003534292 0.038750000 
364.494255729 0.225570410 21850054.295062568 3578.593418734 9.975514912 -3237119.646072597 0.036970882 0.004957984 0.045355855 0.908467093 0.001893894 0.002354292 0.002500000 0.000397608 0.159043128 0.003534292 0.041250000 
364.202514383 0.225376789 21864904.147201583 3579.020820104 9.981102454 -3235757.583025626 0.036970882 0.004957984 0.045355855 0.908467093 0.001893894 0.002354292 0.002500000 0.000397608 0.159043128 0.003534292 0.043750000 
363.921811465 0.225190207 21879622.485074684 3579.442098238 9.986645718 -3234415.005683731 0.036970882 0.004957984 0.045355855 0.908467093 0.001893894 0.002354292 0.002500000 0.000397608 0.159043128 0.003534292 0.046250000 
363.652030511 0.225010595 21894209.609698735 3579.857186637 9.992145072 -3233092.127211338 0.036970882 0.004957984 0.045355855 0.908467093 0.001893894 0.002354292 0.002500000 0.000397608 0.159043128 0.003534292 0.048750000 
363.393051378 0.224837877 21908665.855244119 3580.266043031 9.997600828 -3231789.083533670 0.036970882 0.004957984 0.045355855 0.908467093 0.001893894 0.002354292 0.002500000 0.000397608 0.159043128 0.003534292 0.051250000 
363.144750600 0.224671977 21922991.583626360 3580.668648154 10.003013249 -3230505.937269206 0.036970882 0.004957984 0.045355855 0.908467093 0.001893894 0.002354292 0.002500000 0.000397608 0.159043128 0.003534292 0.053750000 
362.907001732 0.224512813 21937187.179338925 3581.065004166 10.008382549 -3229242.682718645 0.036970882 0.004957984 0.045355855 0.908467093 0.001893894 0.002354292 0.002500000 0.000397608 0.159043128 0.003534292 0.056250000 
362.679675684 0.224360304 21951253.044524848 3581.455132820 10.013708891 -3227999.251723590 0.036970882 0.004957984 0.045355855 0.908467093 0.001893894 0.002354292 0.002500000 0.000397608 0.159043128 0.003534292 0.058750000 
362.462641036 0.224214366 21965189.594284683 3581.839073404 10.018992398 -3226775.520206710 0.036970882 0.004957984 0.045355855 0.908467093 0.001893894 0.002354292 0.002500000 0.000397608 0.159043128 0.003534292 0.061250000 
362.255764345 0.224074914 21978997.252216987 3582.216880536 10.024233150 -3225571.315208856 0.036970882 0.004957984 0.045355855 0.908467093 0.001893894 0.002354292 0.002500000 0.000397608 0.159043128 0.003534292 0.063750000 
362.058910433 0.223941860 21992676.446187340 3582.588621849 10.029431194 -3224386.422246183 0.036970882 0.004957984 0.045355855 0.908467093 0.001893894 0.002354292 0.002500000 0.000397608 0.159043128 0.003534292 0.066250000 
361.871942673 0.223815116 22006227.604320876 3582.954375637 10.034586546 -3223220.592821239 0.036970882 0.004957984 0.045355855 0.908467093 0.001893894 0.002354292 0.002500000 0.000397608 0.159043128 0.003534292 0.068750000 
361.694723258 0.223694594 22019651.151213523 3583.314228497 10.039699195 -3222073.551935585 0.036970882 0.004957984 0.045355855 0.908467093 0.001893894 0.002354292 0.002500000 0.000397608 0.159043128 0.003534292 0.071250000 
361.527113451 0.223580202 22032947.504356176 3583.668273015 10.044769110 -3220945.005467167 0.036970882 0.004957984 0.045355855 0.908467093 0.001893894 0.002354292 0.002500000 0.000397608 0.159043128 0.003534292 0.073750000 
361.368973842 0.223471852 22046117.070766058 3584.016605529 10.049796244 -3219834.647292511 0.036970882 0.004957984 0.045355855 0.908467093 0.001893894 0.002354292 0.002500000 0.000397608 0.159043128 0.003534292 0.076250000 
361.220164573 0.223369451 22059160.243819527 3584.359324009 10.054780539 -3218742.166051952 0.036970882 0.004957984 0.045355855 0.908467093 0.001893894 0.002354292 0.002500000 0.000397608 0.159043128 0.003534292 0.078750000 
361.080545573 0.223272911 22072077.400280047 3584.696526070 10.059721927 -3217667.251473832 0.036970882 0.004957984 0.045355855 0.908467093 0.001893894 0.002354292 0.002500000 0.000397608 0.159043128 0.003534292 0.081250000 
360.949976768 0.223182139 22084868.897515349 3585.028307154 10.064620338 -3216609.600191806 0.036970882 0.004957984 0.045355855 0.908467093 0.001893894 0.002354292 0.002500000 0.000397608 0.159043128 0.003534292 0.083750000 
360.828318286 0.223097047 22097535.070897892 3585.354758872 10.069475702 -3215568.921005763 0.036970882 0.004957984 0.045355855 0.908467093 0.001893894 0.002354292 0.002500000 0.000397608 0.159043128 0.003534292 0.086250000 
360.715430657 0.223017543 22110076.231382493 3585.675967544 10.074287952 -3214544.939552851 0.036970882 0.004957984 0.045355855 0.908467093 0.001893894 0.002354292 0.002500000 0.000397608 0.159043128 0.003534292 0.088750000 
360.611174999 0.222943540 22122492.663255341 3585.992012927 10.079057026 -3213537.402368128 0.036970882 0.004957984 0.045355855 0.908467093 0.001893894 0.002354292 0.002500000 0.000397608 0.159043128 0.003534292 0.091250000 
360.515413194 0.222874948 22134784.622048926 3586.302967133 10.083782869 -3212546.080325878 0.036970882 0.004957984 0.045355855 0.908467093 0.001893894 0.002354292 0.002500000 0.000397608 0.159043128 0.003534292 0.093750000 
360.428008061 0.222811680 22146952.332617320 3586.608893745 10.088465436 -3211570.771461246 0.036970882 0.004957984 0.045355855 0.908467093 0.001893894 0.002354292 0.002500000 0.000397608 0.159043128 0.003534292 0.096250000 
360.348823516 0.222753649 22158995.987366565 3586.909847130 10.093104693 -3210611.303177917 0.036970882 0.004957984 0.045355855 0.908467093 0.001893894 0.002354292 0.002500000 0.000397608 0.159043128 0.003534292 0.098750000 
360.277724726 0.222700770 22170915.744635437 3587.205871930 10.097700616 -3209667.533851008 0.036970882 0.004957984 0.045355855 0.908467093 0.001893894 0.002354292 0.002500000 0.000397608 0.159043128 0.003534292 0.101250000 
360.214578255 0.222652958 22182711.727221612 3587.497002751 10.102253194 -3208739.353835942 0.036970882 0.004957984 0.045355855 0.908467093 0.001893894 0.002354292 0.002500000 0.000397608 0.159043128 0.003534292 0.103750000 
360.159252201 0.222610131 22194384.021048933 3587.783264030 10.106762426 -3207826.685893201 0.036970882 0.004957984 0.045355855 0.908467093 0.001893894 0.002354292 0.002500000 0.000397608 0.159043128 0.003534292 0.106250000 
360.111616329 0.222572207 22205932.673971646 3588.064670083 10.111228321 -3206929.485037533 0.036970882 0.004957984 0.045355855 0.908467093 0.001893894 0.002354292 0.002500000 0.000397608 0.159043128 0.003534292 0.108750000 
360.071542191 0.222539106 22217357.694711454 3588.341225331 10.115650901 -3206047.737817844 0.036970882 0.004957984 0.045355855 0.908467093 0.001893894 0.002354292 0.002500000 0.000397608 0.159043128 0.003534292 0.111250000 
360.038903245 0.222510749 22228659.051923908 3588.612924703 10.120030193 -3205181.461032146 0.036970882 0.004957984 0.045355855 0.908467093 0.001893894 0.002354292 0.002500000 0.000397608 0.159043128 0.003534292 0.113750000 
360.013574962 0.222487059 22239836.673390538 3588.879754217 10.124366231 -3204330.699880679 0.036970882 0.004957984 0.045355855 0.908467093 0.001893894 0.002354292 0.002500000 0.000397608 0.159043128 0.003534292 0.116250000 
359.995434932 0.222467961 22250890.445333548 3589.141691736 10.128659053 -3203495.525560934 0.036970882 0.004957984 0.045355855 0.908467093 0.001893894 0.002354292 0.002500000 0.000397608 0.159043128 0.003534292 0.118750000 
359.984362954 0.222453380 22261820.211850118 3589.398707894 10.132908698 -3202676.032310036 0.036970882 0.004957984 0.045355855 0.908467093 0.001893894 0.002354292 0.002500000 0.000397608 0.159043128 0.003534292 0.121250000 
359.980241130 0.222443244 22272625.774463378 3589.650767194 10.137115202 -3201872.333904429 0.036970882 0.004957984 0.045355855 0.908467093 0.001893894 0.002354292 0.002500000 0.000397608 0.159043128 0.003534292 0.123750000 
359.982953946 0.222437483 22283306.891787533 3589.897829273 10.141278597 -3201084.559632224 0.036970882 0.004957984 0.045355855 0.908467093 0.001893894 0.002354292 0.002500000 0.000397608 0.159043128 0.003534292 0.126250000 
359.992388345 0.222436028 22293863.279304903 3590.139850325 10.145398903 -3200312.849761582 0.036970882 0.004957984 0.045355855 0.908467093 0.001893894 0.002354292 0.002500000 0.000397608 0.159043128 0.003534292 0.128750000 
360.008433801 0.222438810 22304294.609252438 3590.376784663 10.149476126 -3199557.350536798 0.036970882 0.004957984 0.045355855 0.908467093 0.001893894 0.002354292 0.002500000 0.000397608 0.159043128 0.003534292 0.131250000 
360.030982378 0.222445766 22314600.510615733 3590.608586434 10.153510253 -3198818.208743251 0.036970882 0.004957984 0.045355855 0.908467093 0.001893894 0.002354292 0.002500000 0.000397608 0.159043128 0.003534292 0.133750000 
360.059928789 0.222456829 22324780.569228917 3590.835211435 10.157501246 -3198095.565891758 0.036970882 0.004957984 0.045355855 0.908467093 0.001893894 0.002354292 0.002500000 0.000397608 0.159043128 0.003534292 0.136250000 
360.095170447 0.222471938 22334834.327978496 3591.056619038 10.161449037 -3197389.552082002 0.036970882 0.004957984 0.045355855 0.908467093 0.001893894 0.002354292 0.002500000 0.000397608 0.159043128 0.003534292 0.138750000 
360.136607506 0.222491033 22344761.287109632 3591.272774198 10.165353524 -3196700.279613504 0.036970882 0.004957984 0.045355855 0.908467093 0.001893894 0.002354292 0.002500000 0.000397608 0.159043128 0.003534292 0.141250000 
360.184142903 0.222514052 22354560.904633697 3591.483649505 10.169214562 -3196027.836420453 0.036970882 0.004957984 0.045355855 0.908467093 0.001893894 0.002354292 0.002500000 0.000397608 0.159043128 0.003534292 0.143750000 
360.237682387 0.222540940 22364232.596835449 3591.689227277 10.173031961 -3195372.279415039 0.036970882 0.004957984 0.045355855 0.908467093 0.001893894 0.002354292 0.002500000 0.000397608 0.159043128 0.003534292 0.146250000 
360.297134546 0.222571637 22373775.738879044 3591.889501643 10.176805477 -3194733.627831902 0.036970882 0.004957984 0.045355855 0.908467093 0.001893894 0.002354292 0.002500000 0.000397608 0.159043128 0.003534292 0.148750000 
360.362410827 0.222606091 22383189.665511429 3592.084480597 10.180534810 -3194111.856675446 0.036970882 0.004957984 0.045355855 0.908467093 0.001893894 0.002354292 0.002500000 0.000397608 0.159043128 0.003534292 0.151250000 
360.433425548 0.222644246 22392473.671862461 3592.274187986 10.184219595 -3193506.890382183 0.036970882 0.004957984 0.045355855 0.908467093 0.001893894 0.002354292 0.002500000 0.000397608 0.159043128 0.003534292 0.153750000 
360.510095908 0.222686051 22401627.014340404 3592.458665390 10.187859398 -3192918.596822553 0.036970882 0.004957984 0.045355855 0.908467093 0.001893894 0.002354292 0.002500000 0.000397608 0.159043128 0.003534292 0.156250000 
360.592341986 0.222731453 22410648.911622267 3592.637973854 10.191453715 -3192346.781780091 0.036970882 0.004957984 0.045355855 0.908467093 0.001893894 0.002354292 0.002500000 0.000397608 0.159043128 0.003534292 0.158750000 
360.680086741 0.222780403 22419538.545737788 3592.812195418 10.195001963 -3191791.184060542 0.036970882 0.004957984 0.045355855 0.908467093 0.001893894 0.002354292 0.002500000 0.000397608 0.159043128 0.003534292 0.161250000 
360.773255997 0.222832851 22428295.063246295 3592.981434400 10.198503480 -3191251.471397468 0.036970882 0.004957984 0.045355855 0.908467093 0.001893894 0.002354292 0.002500000 0.000397608 0.159043128 0.003534292 0.163750000 
360.871778431 0.222888750 22436917.576505683 3593.145818378 10.201957520 -3190727.237331916 0.036970882 0.004957984 0.045355855 0.908467093 0.001893894 0.002354292 0.002500000 0.000397608 0.159043128 0.003534292 0.166250000 
360.975585549 0.222948052 22445405.165032357 3593.305498801 10.205363256 -3190217.999249625 0.036970882 0.004957984 0.045355855 0.908467093 0.001893894 0.002354292 0.002500000 0.000397608 0.159043128 0.003534292 0.168750000 
361.084611660 0.223010711 22453756.876951303 3593.460651185 10.208719776 -3189723.197756513 0.036970882 0.004957984 0.045355855 0.908467093 0.001893894 0.002354292 0.002500000 0.000397608 0.159043128 0.003534292 0.171250000 
361.198793846 0.223076683 22461971.730535351 3593.611474836 10.212026087 -3189242.197558564 0.036970882 0.004957984 0.045355855 0.908467093 0.001893894 0.002354292 0.002500000 0.000397608 0.159043128 0.003534292 0.173750000 
361.318071917 0.223145923 22470048.715832070 3593.758192062 10.215281116 -3188774.289983890 0.036970882 0.004957984 0.045355855 0.908467093 0.001893894 0.002354292 0.002500000 0.000397608 0.159043128 0.003534292 0.176250000 
361.442388377 0.223218389 22477986.796377398 3593.901046833 10.218483714 -3188318.697239889 0.036970882 0.004957984 0.045355855 0.908467093 0.001893894 0.002354292 0.002500000 0.000397608 0.159043128 0.003534292 0.178750000 
361.571688366 0.223294038 22485784.910993844 3594.040302895 10.221632667 -3187874.578437734 0.036970882 0.004957984 0.045355855 0.908467093 0.001893894 0.002354292 0.002500000 0.000397608 0.159043128 0.003534292 0.181250000 
361.705919613 0.223372830 22493441.975671872 3594.176241340 10.224726698 -3187441.037339841 0.036970882 0.004957984 0.045355855 0.908467093 0.001893894 0.002354292 0.002500000 0.000397608 0.159043128 0.003534292 0.183750000 
361.845032373 0.223454725 22500956.885531448 3594.309157676 10.227764478 -3187017.131697366 0.036970882 0.004957984 0.045355855 0.908467093 0.001893894 0.002354292 0.002500000 0.000397608 0.159043128 0.003534292 0.186250000 
361.988979369 0.223539684 22508328.516861740 3594.439358477 10.230744638 -3186601.883946447 0.036970882 0.004957984 0.045355855 0.908467093 0.001893894 0.002354292 0.002500000 0.000397608 0.159043128 0.003534292 0.188750000 
362.137715715 0.223627671 22515555.729234986 3594.567157705 10.233665779 -3186194.292929765 0.036970882 0.004957984 0.045355855 0.908467093 0.001893894 0.002354292 0.002500000 0.000397608 0.159043128 0.003534292 0.191250000 
362.291198852 0.223718649 22522637.367691107 3594.692872849 10.236526484 -3185793.346206510 0.036970882 0.004957984 0.045355855 0.908467093 0.001893894 0.002354292 0.002500000 0.000397608 0.159043128 0.003534292 0.193750000 
362.449388466 0.223812583 22529572.264988653 3594.816821054 10.239325330 -3185398.032412704 0.036970882 0.004957984 0.045355855 0.908467093 0.001893894 0.002354292 0.002500000 0.000397608 0.159043128 0.003534292 0.196250000 
362.612246407 0.223909441 22536359.243916772 3594.939315428 10.242060901 -3185007.353034485 0.036970882 0.004957984 0.045355855 0.908467093 0.001893894 0.002354292 0.002500000 0.000397608 0.159043128 0.003534292 0.198750000 
362.779736606 0.224009191 22542997.119663198 3595.060661765 10.244731796 -3184620.332856542 0.036970882 0.004957984 0.045355855 0.908467093 0.001893894 0.002354292 0.002500000 0.000397608 0.159043128 0.003534292 0.201250000 
362.951824984 0.224111803 22549484.702231549 3595.181155952 10.247336642 -3184236.028239588 0.036970882 0.004957984 0.045355855 0.908467093 0.001893894 0.002354292 0.002500000 0.000397608 0.159043128 0.003534292 0.203750000 
363.128479359 0.224217248 22555820.798901841 3595.301082358 10.249874092 -3183853.532254864 0.036970882 0.004957984 0.045355855 0.908467093 0.001893894 0.002354292 0.002500000 0.000397608 0.159043128 0.003534292 0.206250000 
363.309669350 0.224325499 22562004.216726597 3595.420713564 10.252342837 -3183471.975548071 0.036970882 0.004957984 0.045355855 0.908467093 0.001893894 0.002354292 0.002500000 0.000397608 0.159043128 0.003534292 0.208750000 
363.495366281 0.224436531 22568033.765055425 3595.540311849 10.254741595 -3183090.521609447 0.036970882 0.004957984 0.045355855 0.908467093 0.001893894 0.002354292 0.002500000 0.000397608 0.159043128 0.003534292 0.211250000 
363.685543073 0.224550318 22573908.258079432 3595.660132915 10.257069103 -3182708.354882426 0.036970882 0.004957984 0.045355855 0.908467093 0.001893894 0.002354292 0.002500000 0.000397608 0.159043128 0.003534292 0.213750000 
363.880174143 0.224666837 22579626.517387517 3595.780432444 10.259324105 -3182324.659851067 0.036970882 0.004957984 0.045355855 0.908467093 0.001893894 0.002354292 0.002500000 0.000397608 0.159043128 0.003534292 0.216250000 
364.079235296 0.224786065 22585187.374525223 3595.901476173 10.261505317 -3181938.588917369 0.036970882 0.004957984 0.045355855 0.908467093 0.001893894 0.002354292 0.002500000 0.000397608 0.159043128 0.003534292 0.218750000 
364.282703614 0.224907979 22590589.673547287 3596.023554268 10.263611392 -3181549.216540179 0.036970882 0.004957984 0.045355855 0.908467093 0.001893894 0.002354292 0.002500000 0.000397608 0.159043128 0.003534292 0.221250000 
364.490557345 0.225032555 22595832.273554593 3596.147000900 10.265640864 -3181155.476802159 0.036970882 0.004957984 0.045355855 0.908467093 0.001893894 0.002354292 0.002500000 0.000397608 0.159043128 0.003534292 0.223750000 
364.702775790 0.225159767 22600914.051205952 3596.272219965 10.267592074 -3180756.081363142 0.036970882 0.004957984 0.045355855 0.908467093 0.001893894 0.002354292 0.002500000 0.000397608 0.159043128 0.003534292 0.226250000 
364.919339186 0.225289588 22605833.903196611 3596.399717919 10.269463081 -3180349.414726765 0.036970882 0.004957984 0.045355855 0.908467093 0.001893894 0.002354292 0.002500000 0.000397608 0.159043128 0.003534292 0.228750000 
365.140228591 0.225421987 22610590.748695206 3596.530144610 10.271251542 -3179933.403985159 0.036970882 0.004957984 0.045355855 0.908467093 0.001893894 0.002354292 0.002500000 0.000397608 0.159043128 0.003534292 0.231250000 
365.365425766 0.225556925 22615183.531733163 3596.664342812 10.272954576 -3179505.360809831 0.036970882 0.004957984 0.045355855 0.908467093 0.001893894 0.002354292 0.002500000 0.000397608 0.159043128 0.003534292 0.233750000 
365.594913057 0.225694358 22619611.223543096 3596.803406824 10.274568593 -3179061.794515825 0.036970882 0.004957984 0.045355855 0.908467093 0.001893894 0.002354292 0.002500000 0.000397608 0.159043128 0.003534292 0.236250000 
365.828673275 0.225834233 22623872.824845716 3596.948750006 10.276089106 -3178598.196611006 0.036970882 0.004957984 0.045355855 0.908467093 0.001893894 0.002354292 0.002500000 0.000397608 0.159043128 0.003534292 0.238750000 
366.066689583 0.225976483 22627967.368155517 3597.102180444 10.277510512 -3178108.799390247 0.036970882 0.004957984 0.045355855 0.908467093 0.001893894 0.002354292 0.002500000 0.000397608 0.159043128 0.003534292 0.241250000 
366.308946235 0.226121028 22631893.932090573 3597.265982963 10.278825867 -3177586.314276040 0.036970882 0.004957984 0.045355855 0.908467093 0.001893894 0.002354292 0.002500000 0.000397608 0.159043128 0.003534292 0.243750000 
366.555583636 0.226267867 22635653.833930071 3597.442983333 10.280027698 -3177021.726935512 0.036970882 0.004957984 0.045355855 0.908467093 0.001893894 0.002354292 0.002500000 0.000397608 0.159043128 0.003534292 0.246250000 
366.834860957 0.226434437 22639645.709790431 3597.633370695 10.281296500 -3176414.432954193 0.036970882 0.004957984 0.045355855 0.908467093 0.001893894 0.002354292 0.002500000 0.000397608 0.159043128 0.003534292 0.248750000 
371.711631634 0.229452375 22709016.590973210 3597.385646343 10.313509921 -3177204.618267232 0.036970882 0.004957984 0.045355855 0.908467093 0.001893894 0.002354292 0.002500000 0.000391317 0.156510139 0.006122753 0.251250000 
383.018796203 0.236460160 22691869.932519540 3596.507950294 10.308237628 -3180004.195457995 0.036970882 0.004957984 0.045355855 0.908467093 0.001893894 0.002354292 0.002500000 0.000378998 0.151583142 0.005940656 0.253750000 
395.951212873 0.244478976 22654613.435105883 3595.452177582 10.294335069 -3183371.622535546 0.036970882 0.004957984 0.045355855 0.908467093 0.001893894 0.002354292 0.002500000 0.000367133 0.146837275 0.005763911 0.256250000 
409.552616657 0.252916235 22610551.763936769 3594.307872643 10.277584283 -3187021.230015748 0.036970882 0.004957984 0.045355855 0.908467093 0.001893894 0.002354292 0.002500000 0.000355708 0.142267615 0.005592428 0.258750000 
423.631574492 0.261653625 22562320.940167848 3593.091226875 10.259133690 -3190901.334598245 0.036970882 0.004957984 0.045355855 0.908467093 0.001893894 0.002354292 0.002500000 0.000344711 0.137869348 0.005426120 0.261250000 
438.152955752 0.270669840 22510323.654521495 3591.802563190 10.239162698 -3195010.865172441 0.036970882 0.004957984 0.045355855 0.908467093 0.001893894 0.002354292 0.002500000 0.000334132 0.133637763 0.005264897 0.263750000 
453.114590267 0.279964084 22454469.563161287 3590.438302653 10.217637542 -3199361.190129001 0.036970882 0.004957984 0.045355855 0.908467093 0.001893894 0.002354292 0.002500000 0.000323957 0.129568259 0.005108674 0.266250000 
468.521362648 0.289540012 22394547.485037778 3588.993538970 10.194472892 -3203967.904346929 0.036970882 0.004957984 0.045355855 0.908467093 0.001893894 0.002354292 0.002500000 0.000314177 0.125656343 0.004957364 0.268750000 
484.379567758 0.299402224 22330307.723499268 3587.462604345 10.169567559 -3208849.023121542 0.036970882 0.004957984 0.045355855 0.908467093 0.001893894 0.002354292 0.002500000 0.000304779 0.121897626 0.004810883 0.271250000 
500.695638943 0.309555490 22261480.786428455 3585.839196081 10.142812560 -3214024.576915890 0.036970882 0.004957984 0.045355855 0.908467093 0.001893894 0.002354292 0.002500000 0.000295754 0.118287829 0.004669148 0.273750000 
517.475859080 0.320004573 22187781.722439863 3584.116409080 10.114092904 -3219516.506109490 0.036970882 0.004957984 0.045355855 0.908467093 0.001893894 0.002354292 0.002500000 0.000287090 0.114822776 0.004532077 0.276250000 
534.726305278 0.330754200 22108911.175911035 3582.286751719 10.083287926 -3225348.608548362 0.036970882 0.004957984 0.045355855 0.908467093 0.001893894 0.002354292 0.002500000 0.000278779 0.111498403 0.004399589 0.278750000 
552.452856040 0.341809080 22024555.771220945 3580.342161903 10.050271300 -3231546.486345173 0.036970882 0.004957984 0.045355855 0.908467093 0.001893894 0.002354292 0.002500000 0.000270809 0.108310749 0.004271606 0.281250000 
570.661220704 0.353173925 21934388.480375670 3578.274025791 10.014911033 -3238137.483932259 0.036970882 0.004957984 0.045355855 0.908467093 0.001893894 0.002354292 0.002500000 0.000263171 0.105255962 0.004148051 0.283750000 
589.356981516 0.364853485 21838069.163459759 3576.073198260 9.977069510 -3245150.620341863 0.036970882 0.004957984 0.045355855 0.908467093 0.001893894 0.002354292 0.002500000 0.000255857 0.102330297 0.004028847 0.286250000 
608.545646029 0.376852587 21735245.358022116 3573.730023387 9.936603646 -3252616.521164177 0.036970882 0.004957984 0.045355855 0.908467093 0.001893894 0.002354292 0.002500000 0.000248856 0.099530115 0.003913920 0.288750000 
628.232709104 0.389176186 21625553.365262356 3571.234353174 9.893365164 -3260567.355855654 0.036970882 0.004957984 0.045355855 0.908467093 0.001893894 0.002354292 0.002500000 0.000242159 0.096851885 0.003803199 0.291250000 
648.423724058 0.401829413 21508619.673415788 3568.575562853 9.847201019 -3269036.785608903 0.036970882 0.004957984 0.045355855 0.908467093 0.001893894 0.002354292 0.002500000 0.000235760 0.094292182 0.003696613 0.293750000 
669.124382303 0.414817640 21384062.755979527 3565.742561361 9.797953995 -3278059.926283838 0.036970882 0.004957984 0.045355855 0.908467093 0.001893894 0.002354292 0.002500000 0.000229648 0.091847689 0.003594094 0.296250000 
690.340600500 0.428146539 21251495.280238047 3562.723795824 9.745463495 -3287673.330070235 0.036970882 0.004957984 0.045355855 0.908467093 0.001893894 0.002354292 0.002500000 0.000223816 0.089515196 0.003495575 0.298750000 
712.078613875 0.441822159 21110526.758862305 3559.507249144 9.689566529 -3297914.988650769 0.036970882 0.004957984 0.045355855 0.908467093 0.001893894 0.002354292 0.002500000 0.000218256 0.087291599 0.003400993 0.301250000 
734.345073865 0.455850993 20960766.673952606 3556.080430124 9.630098939 -3308824.359669609 0.036970882 0.004957984 0.045355855 0.908467093 0.001893894 0.002354292 0.002500000 0.000212962 0.085173902 0.003310286 0.303750000 
757.147147747 0.470240059 20801828.098827858 3552.430355864 9.566896845 -3320442.417272925 0.036970882 0.004957984 0.045355855 0.908467093 0.001893894 0.002354292 0.002500000 0.000207925 0.083159215 0.003223394 0.306250000 
780.492617215 0.484996979 20633331.838304400 3548.543526507 9.499798350 -3332811.726340333 0.036970882 0.004957984 0.045355855 0.908467093 0.001893894 0.002354292 0.002500000 0.000203138 0.081244756 0.003140262 0.308750000 
804.389972150 0.500130054 20454911.103397708 3544.405892853 9.428645493 -3345976.538716949 0.036970882 0.004957984 0.045355855 0.908467093 0.001893894 0.002354292 0.002500000 0.000198595 0.079427851 0.003060833 0.311250000 
828.848494790 0.515648338 20266216.731582928 3540.002817822 9.353286462 -3359982.908205278 0.036970882 0.004957984 0.045355855 0.908467093 0.001893894 0.002354292 0.002500000 0.000194290 0.077705929 0.002985057 0.313750000 
853.878328376 0.531561705 20066922.959230859 3535.319033335 9.273578071 -3374878.819176167 0.036970882 0.004957984 0.045355855 0.908467093 0.001893894 0.002354292 0.002500000 0.000190216 0.076076531 0.002912885 0.316250000 
879.490522738 0.547880903 19856733.748781309 3530.338594951 9.189388499 -3390714.321264612 0.036970882 0.004957984 0.045355855 0.908467093 0.001893894 0.002354292 0.002500000 0.000186368 0.074537302 0.002844269 0.318750000 
905.697047403 0.564617592 19635389.669680137 3525.044837562 9.100600279 -3407541.659542888 0.036970882 0.004957984 0.045355855 0.908467093 0.001893894 0.002354292 0.002500000 0.000182739 0.073085995 0.002779168 0.321250000 
932.510760270 0.581784354 19402675.328865081 3519.420336676 9.007113552 -3425415.385574412 0.036970882 0.004957984 0.045355855 0.908467093 0.001893894 0.002354292 0.002500000 0.000179325 0.071720469 0.002717538 0.323750000 
959.945316793 0.599394667 19158427.342980627 3513.446881513 8.908849552 -3444392.429559911 0.036970882 0.004957984 0.045355855 0.908467093 0.001893894 0.002354292 0.002500000 0.000176120 0.070438692 0.002659343 0.326250000 
988.015000732 0.617462839 18902542.839186996 3507.105468210 8.805754331 -3464532.107058393 0.036970882 0.004957984 0.045355855 0.908467093 0.001893894 0.002354292 0.002500000 0.000173120 0.069238736 0.002604548 0.328750000 
1016.734452783 0.636003864 18634988.462016284 3500.376324234 8.697802682 -3485896.025142895 0.036970882 0.004957984 0.045355855 0.908467093 0.001893894 0.002354292 0.002500000 0.000170320 0.068118783 0.002553119 0.331250000 
1046.118267900 0.655033206 18355809.846350364 3493.238978499 8.585002246 -3508547.842013912 0.036970882 0.004957984 0.045355855 0.908467093 0.001893894 0.002354292 0.002500000 0.000167715 0.067077121 0.002505028 0.333750000 
1076.180426047 0.674566463 18065141.485321436 3485.672395955 8.467397746 -3532552.820878058 0.036970882 0.004957984 0.045355855 0.908467093 0.001893894 0.002354292 0.002500000 0.000165302 0.066112144 0.002460247 0.336250000 
1106.933515064 0.694618897 17763216.868240952 3477.655200332 8.345075264 -3557977.103522466 0.036970882 0.004957984 0.045355855 0.908467093 0.001893894 0.002354292 0.002500000 0.000163078 0.065222354 0.002418752 0.338750000 
1138.387699662 0.715204785 17450378.676167980 3469.166014100 8.218166448 -3584886.612451874 0.036970882 0.004957984 0.045355855 0.908467093 0.001893894 0.002354292 0.002500000 0.000161038 0.064406360 0.002380521 0.341250000 
1170.549389395 0.736336552 17127088.688158903 3460.183949745 8.086852463 -3613345.475007253 0.036970882 0.004957984 0.045355855 0.908467093 0.001893894 0.002354292 0.002500000 0.000159179 0.063662878 0.002345535 0.343750000 
1203.419564523 0.758023661 16793936.858698696 3450.689289896 7.951367396 -3643413.852866877 0.036970882 0.004957984 0.045355855 0.908467093 0.001893894 0.002354292 0.002500000 0.000157498 0.062990731 0.002313777 0.346250000 
1236.991736647 0.780271213 16451648.781104719 3440.664393485 7.812000760 -3675145.062375149 0.036970882 0.004957984 0.045355855 0.908467093 0.001893894 0.002354292 0.002500000 0.000155993 0.062388848 0.002285232 0.348750000 
1271.249554936 0.803078269 16101090.511437001 3430.094858852 7.669098599 -3708581.892196215 0.036970882 0.004957984 0.045355855 0.908467093 0.001893894 0.002354292 0.002500000 0.000154662 0.061856267 0.002259888 0.351250000 
1306.164112462 0.826435896 15743269.717625100 3418.970963646 7.523062746 -3743752.061004774 0.036970882 0.004957984 0.045355855 0.908467093 0.001893894 0.002354292 0.002500000 0.000153501 0.061392131 0.002237733 0.353750000 
1341.691010677 0.850324964 15379333.097367112 3407.289404392 7.374348217 -3780662.749685964 0.036970882 0.004957984 0.045355855 0.908467093 0.001893894 0.002354292 0.002500000 0.000152510 0.060995691 0.002218759 0.356250000 
1377.766974724 0.874713524 15010564.657719767 3395.055469737 7.223460725 -3819293.792956467 0.036970882 0.004957984 0.045355855 0.908467093 0.001893894 0.002354292 0.002500000 0.000151686 0.060666306 0.002202957 0.358750000 
1414.304258752 0.899552526 14638408.742786998 3382.286434379 7.070964331 -3859587.058946606 0.036970882 0.004957984 0.045355855 0.908467093 0.001893894 0.002354292 0.002500000 0.000151029 0.060403440 0.002190323 0.361250000 
1451.172875551 0.924762887 14264631.941026099 3369.020450223 6.917546446 -3901418.561224438 0.036970882 0.004957984 0.045355855 0.908467093 0.001893894 0.002354292 0.002500000 0.000150537 0.060206665 0.002180851 0.363750000 
1488.106920980 0.950169221 13892303.134916998 3355.358083043 6.764419565 -3944467.892425359 0.036970882 0.004957984 0.045355855 0.908467093 0.001893894 0.002354292 0.002500000 0.000150210 0.060075660 0.002174539 0.366250000 
1523.864517267 0.974909701 13534433.019650534 3341.818498318 6.616866447 -3987097.995013692 0.036970882 0.004957984 0.045355855 0.908467093 0.001893894 0.002354292 0.002500000 0.000150046 0.060010211 0.002171383 0.368750000 
1595.686664023 1.025202735 12812120.554555394 3312.666085843 6.318856831 -4078775.492547130 0.036970882 0.004957984 0.045355855 0.908467093 0.001893894 0.002354292 0.002500000 0.000150034 0.060007862 0.002171177 0.371250000 
1623.636071891 1.044889912 12533112.517750736 3301.355259002 6.202429519 -4114304.383056401 0.036970882 0.004957984 0.045355855 0.908467093 0.001893894 0.002354292 0.002500000 0.000150151 0.060054497 0.002173021 0.373750000 
1652.967225625 1.065665810 12240744.790854294 3289.217835530 6.080095033 -4152403.983045055 0.036970882 0.004957984 0.045355855 0.908467093 0.001893894 0.002354292 0.002500000 0.000150384 0.060147769 0.002176705 0.376250000 
1682.643376151 1.086806213 11945639.780668566 3276.682517623 5.956212875 -4191724.415373307 0.036970882 0.004957984 0.045355855 0.908467093 0.001893894 0.002354292 0.002500000 0.000150734 0.060287677 0.002182219 0.378750000 
1712.440965315 1.108157650 11650253.431994332 3263.841381340 5.831784791 -4231974.246151973 0.036970882 0.004957984 0.045355855 0.908467093 0.001893894 0.002354292 0.002500000 0.000151200 0.060474220 0.002189550 0.381250000 
1742.276470895 1.129664761 11355636.282507572 3250.729209407 5.707236122 -4273042.188438404 0.036970882 0.004957984 0.045355855 0.908467093 0.001893894 0.002354292 0.002500000 0.000151783 0.060707400 0.002198679 0.383750000 
1772.103938966 1.151298294 11062457.487767383 3237.365980859 5.582837366 -4314863.526964278 0.036970882 0.004957984 0.045355855 0.908467093 0.001893894 0.002354292 0.002500000 0.000152482 0.060987215 0.002209585 0.386250000 
1801.890586625 1.173037948 10771246.278807309 3223.766966191 5.458803681 -4357388.394337462 0.036970882 0.004957984 0.045355855 0.908467093 0.001893894 0.002354292 0.002500000 0.000153299 0.061313666 0.002222240 0.388750000 
1831.609278156 1.194867062 10482464.953101758 3209.945819346 5.335324977 -4400572.063422786 0.036970882 0.004957984 0.045355855 0.908467093 0.001893894 0.002354292 0.002500000 0.000154231 0.061686753 0.002236615 0.391250000 
1861.235794606 1.216770690 10196534.327151764 3195.915677471 5.212576408 -4444371.501630409 0.036970882 0.004957984 0.045355855 0.908467093 0.001893894 0.002354292 0.002500000 0.000155280 0.062106476 0.002252678 0.393750000 
1890.747735279 1.238734816 9913843.218927711 3181.689579812 5.090722237 -4488744.064479755 0.036970882 0.004957984 0.045355855 0.908467093 0.001893894 0.002354292 0.002500000 0.000156446 0.062572835 0.002270392 0.396250000 
1920.124049860 1.260746024 9634751.932490015 3167.280621368 4.969917210 -4533647.021887871 0.036970882 0.004957984 0.045355855 0.908467093 0.001893894 0.002354292 0.002500000 0.000157729 0.063085830 0.002289720 0.398750000 
1949.344836810 1.282791353 9359593.361892192 3152.701992888 4.850306909 -4579037.440649207 0.036970882 0.004957984 0.045355855 0.908467093 0.001893894 0.002354292 0.002500000 0.000159128 0.063645460 0.002310620 0.401250000 
1978.391260715 1.304858243 9088673.169443490 3137.966968897 4.732027711 -4624872.229191987 0.036970882 0.004957984 0.045355855 0.908467093 0.001893894 0.002354292 0.002500000 0.000160643 0.064251727 0.002333050 0.403750000 
2007.245523882 1.326934516 8822269.670015410 3123.088871217 4.615206595 -4671108.258268001 0.036970882 0.004957984 0.045355855 0.908467093 0.001893894 0.002354292 0.002500000 0.000162275 0.064904629 0.002356967 0.406250000 
2035.890861854 1.349008387 8560633.709233826 3108.081021187 4.499960940 -4717702.516023503 0.036970882 0.004957984 0.045355855 0.908467093 0.001893894 0.002354292 0.002500000 0.000164024 0.065604167 0.002382326 0.408750000 
2064.311547939 1.371068471 8303988.668089636 3092.956687409 4.386398356 -4764612.276019995 0.036970882 0.004957984 0.045355855 0.908467093 0.001893894 0.002354292 0.002500000 0.000165889 0.066350341 0.002409082 0.411250000 
2092.492899169 1.393103802 8052530.651363976 3077.729032774 4.274616579 -4811795.266444591 0.036970882 0.004957984 0.045355855 0.908467093 0.001893894 0.002354292 0.002500000 0.000167871 0.067143151 0.002437188 0.413750000 
2120.421279833 1.415103849 7806428.878665131 3062.411062921 4.164703453 -4859209.833708195 0.036970882 0.004957984 0.045355855 0.908467093 0.001893894 0.002354292 0.002500000 0.000169970 0.067982597 0.002466598 0.416250000 
2148.084100659 1.437058529 7565826.276058658 3047.015577461 4.056736980 -4906815.096343529 0.036970882 0.004957984 0.045355855 0.908467093 0.001893894 0.002354292 0.002500000 0.000172185 0.068868679 0.002497267 0.418750000 
2175.469812802 1.458958222 7330840.254693153 3031.555124770 3.950785460 -4954571.086705073 0.036970882 0.004957984 0.045355855 0.908467093 0.001893894 0.002354292 0.002500000 0.000174517 0.069801396 0.002529147 0.421250000 
2202.567896433 1.480793779 7101563.656375868 3016.041960851 3.846907693 -5002438.878971834 0.036970882 0.004957984 0.045355855 0.908467093 0.001893894 0.002354292 0.002500000 0.000176965 0.070780750 0.002562195 0.423750000 
2229.368844032 1.502556528 6878065.842653704 3000.488012552 3.745153250 -5050380.702625637 0.036970882 0.004957984 0.045355855 0.908467093 0.001893894 0.002354292 0.002500000 0.000179530 0.071806739 0.002596366 0.426250000 
2255.864138763 1.524238278 6660393.902484659 2984.904845268 3.645562801 -5098360.041055879 0.036970882 0.004957984 0.045355855 0.908467093 0.001893894 0.002354292 0.002500000 0.000182211 0.072879365 0.002631616 0.428750000 
2282.046228377 1.545831320 6448573.953400372 2969.303635164 3.548168495 -5146341.715298582 0.036970882 0.004957984 0.045355855 0.908467093 0.001893894 0.002354292 0.002500000 0.000185009 0.073998626 0.002667901 0.431250000 
2307.908495188 1.567328427 6242612.511761035 2953.695145850 3.452994366 -5194291.953190641 0.036970882 0.004957984 0.045355855 0.908467093 0.001893894 0.002354292 0.002500000 0.000187924 0.075164523 0.002705181 0.433750000 
2333.445222682 1.588722846 6042497.909021330 2938.089709376 3.360056787 -5242178.444432623 0.036970882 0.004957984 0.045355855 0.908467093 0.001893894 0.002354292 0.002500000 0.000190955 0.076377056 0.002743415 0.436250000 
2358.651559332 1.610008292 5848201.732667758 2922.497211370 3.269364934 -5289970.382216997 0.036970882 0.004957984 0.045355855 0.908467093 0.001893894 0.002354292 0.002500000 0.000194103 0.077636224 0.002782564 0.438750000 
2383.523480174 1.631178942 5659680.272505374 2906.927080092 3.180921273 -5337638.492203114 0.036970882 0.004957984 0.045355855 0.908467093 0.001893894 0.002354292 0.002500000 0.000197367 0.078942029 0.002822589 0.441250000 
2408.057746676 1.652229422 5476875.955150492 2891.388279159 3.094722049 -5385155.049710672 0.036970882 0.004957984 0.045355855 0.908467093 0.001893894 0.002354292 0.002500000 0.000200748 0.080294470 0.002863454 0.443750000 
2432.251865396 1.673154796 5299718.751832522 2875.889303662 3.010757784 -5432493.886064752 0.036970882 0.004957984 0.045355855 0.908467093 0.001893894 0.002354292 0.002500000 0.000204246 0.081693546 0.002905123 0.446250000 
2456.104045893 1.693950551 5128127.546848020 2860.438179383 2.929013766 -5479630.385061876 0.036970882 0.004957984 0.045355855 0.908467093 0.001893894 0.002354292 0.002500000 0.000207860 0.083139258 0.002947562 0.448750000 
2479.613158317 1.714612585 4962011.456186507 2845.042464840 2.849470533 -5526541.470541209 0.036970882 0.004957984 0.045355855 0.908467093 0.001893894 0.002354292 0.002500000 0.000211591 0.084631606 0.002990739 0.451250000 
2502.778691036 1.735137191 4801271.087914056 2829.709255839 2.772104341 -5573205.586041464 0.036970882 0.004957984 0.045355855 0.908467093 0.001893894 0.002354292 0.002500000 0.000215438 0.086170591 0.003034622 0.453750000 
2525.600708650 1.755521041 4645799.737826488 2814.445192262 2.696887622 -5619602.667504907 0.036970882 0.004957984 0.045355855 0.908467093 0.001893894 0.002354292 0.002500000 0.000219402 0.087756210 0.003079180 0.456250000 
2548.079810674 1.775761167 4495484.515645497 2799.256466808 2.623789420 -5665714.109958659 0.036970882 0.004957984 0.045355855 0.908467093 0.001893894 0.002354292 0.002500000 0.000223483 0.089388466 0.003124386 0.458750000 
2570.217091133 1.795854950 4350207.398615432 2784.148835408 2.552775806 -5711522.729061641 0.036970882 0.004957984 0.045355855 0.908467093 0.001893894 0.002354292 0.002500000 0.000227680 0.091067358 0.003170210 0.461250000 
2592.014099286 1.815800098 4209846.210759778 2769.127629059 2.483810271 -5757012.718356716 0.036970882 0.004957984 0.045355855 0.908467093 0.001893894 0.002354292 0.002500000 0.000231993 0.092792886 0.003216628 0.463750000 
2613.472801643 1.835594631 4074275.527274578 2754.197766851 2.416854101 -5802169.603012804 0.036970882 0.004957984 0.045355855 0.908467093 0.001893894 0.002354292 0.002500000 0.000236424 0.094565049 0.003263612 0.466250000 
2634.595545420 1.855236865 3943367.504576026 2739.363769938 2.351866718 -5846980.190783669 0.036970882 0.004957984 0.045355855 0.908467093 0.001893894 0.002354292 0.002500000 0.000240971 0.096383848 0.003311140 0.468750000 
2655.385023522 1.874725392 3816992.637390358 2724.629776266 2.288806005 -5891432.520849602 0.036970882 0.004957984 0.045355855 0.908467093 0.001893894 0.002354292 0.002500000 0.000245634 0.098249284 0.003359189 0.471250000 
2675.844241155 1.894059070 3695020.444986391 2709.999555861 2.227628608 -5935515.811147609 0.036970882 0.004957984 0.045355855 0.908467093 0.001893894 0.002354292 0.002500000 0.000250414 0.100161355 0.003407735 0.473750000 
2695.976484093 1.913237000 3577320.089218661 2695.476526511 2.168290205 -5979220.404734939 0.036970882 0.004957984 0.045355855 0.908467093 0.001893894 0.002354292 0.002500000 0.000255311 0.102120062 0.003456759 0.476250000 
2715.785288648 1.932258516 3463760.927485068 2681.063769678 2.110745760 -6022537.715672263 0.036970882 0.004957984 0.045355855 0.908467093 0.001893894 0.002354292 0.002500000 0.000260324 0.104125405 0.003506240 0.478750000 
2735.274413351 1.951123165 3354213.004023171 2666.764046520 2.054949755 -6065460.174855566 0.036970882 0.004957984 0.045355855 0.908467093 0.001893894 0.002354292 0.002500000 0.000265454 0.106177383 0.003556159 0.481250000 
2754.447812326 1.969830696 3248547.483186525 2652.579813891 2.000856394 -6107981.176172134 0.036970882 0.004957984 0.045355855 0.908467093 0.001893894 0.002354292 0.002500000 0.000270700 0.108275998 0.003606498 0.483750000 
2773.309610349 1.988381047 3146637.028472325 2638.513240216 1.948419789 -6150095.023305023 0.036970882 0.004957984 0.045355855 0.908467093 0.001893894 0.002354292 0.002500000 0.000276063 0.110421248 0.003657240 0.486250000 
2791.864079554 2.006774325 3048356.131126076 2624.566221164 1.897594132 -6191796.877462944 0.036970882 0.004957984 0.045355855 0.908467093 0.001893894 0.002354292 0.002500000 0.000281543 0.112613135 0.003708367 0.488750000 
2810.115617745 2.025010802 2953581.392141206 2610.740395016 1.848333840 -6233082.706268648 0.036970882 0.004957984 0.045355855 0.908467093 0.001893894 0.002354292 0.002500000 0.000287139 0.114851657 0.003759865 0.491250000 
2828.068728255 2.043090895 2862191.761412282 2597.037157694 1.800593692 -6273949.233998935 0.036970882 0.004957984 0.045355855 0.908467093 0.001893894 0.002354292 0.002500000 0.000292852 0.117136815 0.003811719 0.493750000 
2845.728001314 2.061015159 2774068.737700094 2583.457677381 1.754328939 -6314393.893332622 0.036970882 0.004957984 0.045355855 0.908467093 0.001893894 0.002354292 0.002500000 0.000298681 0.119468609 0.003863913 0.496250000 
2863.098096841 2.078784273 2689096.532934255 2570.002908687 1.709495408 -6354414.778730249 0.036970882 0.004957984 0.045355855 0.908467093 0.001893894 0.002354292 0.002500000 0.000304627 0.121847039 0.003916435 0.498750000 
2880.183728620 2.096399033 2607162.204222338 2556.673606341 1.666049590 -6394010.601539562 0.036970882 0.004957984 0.045355855 0.908467093 0.001893894 0.002354292 0.002500000 0.000310690 0.124272105 0.003969271 0.501250000 
2896.989649764 2.113860336 2528155.756760237 2543.470338372 1.623948716 -6433180.646894821 0.036970882 0.004957984 0.045355855 0.908467093 0.001893894 0.002354292 0.002500000 0.000316869 0.126743807 0.004022409 0.503750000 
2913.520639432 2.131169179 2451970.220652765 2530.393498764 1.583150815 -6471924.732454992 0.036970882 0.004957984 0.045355855 0.908467093 0.001893894 0.002354292 0.002500000 0.000323165 0.129262144 0.004075837 0.506250000 
2929.781490705 2.148326642 2378501.704461113 2517.443319577 1.543614773 -6510243.169005709 0.036970882 0.004957984 0.045355855 0.908467093 0.001893894 0.002354292 0.002500000 0.000329577 0.131827118 0.004129545 0.508750000 
2945.776999556 2.165333884 2307649.428098938 2504.619882527 1.505300373 -6548136.722932522 0.036970882 0.004957984 0.045355855 0.908467093 0.001893894 0.002354292 0.002500000 0.000336106 0.134438727 0.004183520 0.511250000 
2961.511954867 2.182192135 2239315.737504723 2491.923130016 1.468168330 -6585606.580557859 0.036970882 0.004957984 0.045355855 0.908467093 0.001893894 0.002354292 0.002500000 0.000342752 0.137096972 0.004237753 0.513750000 
2976.991129397 2.198902688 2173406.103327347 2479.352875630 1.432180316 -6622654.314321731 0.036970882 0.004957984 0.045355855 0.908467093 0.001893894 0.002354292 0.002500000 0.000349514 0.139801853 0.004292235 0.516250000 
2992.219271664 2.215466891 2109829.105676807 2466.908814093 1.397298984 -6659281.850775361 0.036970882 0.004957984 0.045355855 0.908467093 0.001893894 0.002354292 0.002500000 0.000356392 0.142553370 0.004346955 0.518750000 
3007.201098662 2.231886142 2048496.406814130 2454.590530704 1.363487977 -6695491.440348118 0.036970882 0.004957984 0.045355855 0.908467093 0.001893894 0.002354292 0.002500000 0.000363388 0.145351523 0.004401905 0.521250000 
3021.941289364 2.248161885 1989322.713484788 2442.397510256 1.330711939 -6731285.628841111 0.036970882 0.004957984 0.045355855 0.908467093 0.001893894 0.002354292 0.002500000 0.000370500 0.148196312 0.004457077 0.523750000 
3036.444478940 2.264295599 1932225.730439577 2430.329145456 1.298936518 -6766667.230594950 0.036970882 0.004957984 0.045355855 0.908467093 0.001893894 0.002354292 0.002500000 0.000377728 0.151087736 0.004512462 0.526250000 
3050.715253664 2.280288798 1877126.106535925 2418.384744863 1.268128362 -6801639.303275037 0.036970882 0.004957984 0.045355855 0.908467093 0.001893894 0.002354292 0.002500000 0.000385073 0.154025797 0.004568052 0.528750000 
3064.758146419 2.296143023 1823947.374671700 2406.563540353 1.238255117 -6836205.124214022 0.036970882 0.004957984 0.045355855 0.908467093 0.001893894 0.002354292 0.002500000 0.000392535 0.157010493 0.004623840 0.531250000 
3078.577632789 2.311859841 1772615.886672357 2394.864694138 1.209285419 -6870368.168249312 0.036970882 0.004957984 0.045355855 0.908467093 0.001893894 0.002354292 0.002500000 0.000400113 0.160041825 0.004679820 0.533750000 
3092.178127671 2.327440837 1723060.744131084 2383.287305351 1.181188878 -6904132.086991554 0.036970882 0.004957984 0.045355855 0.908467093 0.001893894 0.002354292 0.002500000 0.000407808 0.163119793 0.004735984 0.536250000 
3105.563982362 2.342887611 1675213.726089782 2371.830416211 1.153936071 -6937500.689459738 0.036970882 0.004957984 0.045355855 0.908467093 0.001893894 0.002354292 0.002500000 0.000415619 0.166244397 0.004792325 0.538750000 
3118.739482099 2.358201779 1629009.214346290 2360.493017805 1.127498522 -6970477.924018129 0.036970882 0.004957984 0.045355855 0.908467093 0.001893894 0.002354292 0.002500000 0.000423547 0.169415637 0.004848839 0.541250000 
3131.708843990 2.373384962 1584384.117079537 2349.274055474 1.101848686 -7003067.861550839 0.036970882 0.004957984 0.045355855 0.908467093 0.001893894 0.002354292 0.002500000 0.000431592 0.172633513 0.004905517 0.543750000 
3144.476215327 2.388438790 1541277.791398962 2338.172433858 1.076959930 -7035274.679810649 0.036970882 0.004957984 0.045355855 0.908467093 0.001893894 0.002354292 0.002500000 0.000439753 0.175898025 0.004962356 0.546250000 
3157.045672218 2.403364895 1499631.965347295 2327.187021587 1.052806514 -7067102.648879950 0.036970882 0.004957984 0.045355855 0.908467093 0.001893894 0.002354292 0.002500000 0.000448031 0.179209172 0.005019349 0.548750000 
3169.421218534 2.418164911 1459390.659815615 2316.316655655 1.029363567 -7098556.117683116 0.036970882 0.004957984 0.045355855 0.908467093 0.001893894 0.002354292 0.002500000 0.000456425 0.182566955 0.005076492 0.551250000 
3181.606785131 2.432840472 1420500.110766605 2305.560145485 1.006607070 -7129639.501491370 0.036970882 0.004957984 0.045355855 0.908467093 0.001893894 0.002354292 0.002500000 0.000464936 0.185971375 0.005133779 0.553750000 
3193.606229313 2.447393205 1382908.692105095 2294.916276707 0.984513829 -7160357.270363153 0.036970882 0.004957984 0.045355855 0.908467093 0.001893894 0.002354292 0.002500000 0.000473564 0.189422430 0.005191206 0.556250000 
3205.423334531 2.461824735 1346566.839484313 2284.383814661 0.963061455 -7190713.938465019 0.036970882 0.004957984 0.045355855 0.908467093 0.001893894 0.002354292 0.002500000 0.000482308 0.192920121 0.005248767 0.558750000 
3217.061810273 2.476136678 1311426.975290669 2273.961507646 0.942228343 -7220714.054220291 0.036970882 0.004957984 0.045355855 0.908467093 0.001893894 0.002354292 0.002500000 0.000491169 0.196464448 0.005306459 0.561250000 
3228.525292145 2.490330644 1277443.435009648 2263.648089923 0.921993645 -7250362.191234729 0.036970882 0.004957984 0.045355855 0.908467093 0.001893894 0.002354292 0.002500000 0.000500146 0.200055411 0.005364278 0.563750000 
3239.817342108 2.504408230 1244572.395139392 2253.442284492 0.902337248 -7279662.939950973 0.036970882 0.004957984 0.045355855 0.908467093 0.001893894 0.002354292 0.002500000 0.000509240 0.203693009 0.005422219 0.566250000 
3250.941448858 2.518371024 1212771.802786827 2243.342805655 0.883239754 -7308620.899985492 0.036970882 0.004957984 0.045355855 0.908467093 0.001893894 0.002354292 0.002500000 0.000518451 0.207377244 0.005480278 0.568750000 
3261.901028344 2.532220601 1182001.307053172 2233.348361381 0.864682455 -7337240.673104321 0.036970882 0.004957984 0.045355855 0.908467093 0.001893894 0.002354292 0.002500000 0.000527778 0.211108114 0.005538452 0.571250000 
3272.699424386 2.545958523 1152222.192291100 2223.457655479 0.846647311 -7365526.856795623 0.036970882 0.004957984 0.045355855 0.908467093 0.001893894 0.002354292 0.002500000 0.000537222 0.214885621 0.005596737 0.573750000 
3283.339909403 2.559586336 1123397.313294159 2213.669389599 0.829116927 -7393484.038399830 0.036970882 0.004957984 0.045355855 0.908467093 0.001893894 0.002354292 0.002500000 0.000546782 0.218709763 0.005655130 0.576250000 
3293.825685222 2.573105573 1095491.032460428 2203.982265061 0.812074535 -7421116.789759755 0.036970882 0.004957984 0.045355855 0.908467093 0.001893894 0.002354292 0.002500000 0.000556459 0.222580541 0.005713628 0.578750000 
3304.159883970 2.586517750 1068469.158955880 2194.394984543 0.795503967 -7448429.662355512 0.036970882 0.004957984 0.045355855 0.908467093 0.001893894 0.002354292 0.002500000 0.000566252 0.226497955 0.005772226 0.581250000 
3314.345569022 2.599824367 1042298.889888978 2184.906253613 0.779389639 -7475427.182890716 0.036970882 0.004957984 0.045355855 0.908467093 0.001893894 0.002354292 0.002500000 0.000576162 0.230462005 0.005830923 0.583750000 
3324.385736015 2.613026907 1016948.753495824 2175.514782132 0.763716529 -7502113.849298587 0.036970882 0.004957984 0.045355855 0.908467093 0.001893894 0.002354292 0.002500000 0.000586189 0.234472690 0.005889715 0.586250000 
3334.283313902 2.626126835 992388.554324817 2166.219285533 0.748470158 -7528494.127138470 0.036970882 0.004957984 0.045355855 0.908467093 0.001893894 0.002354292 0.002500000 0.000596332 0.238530012 0.005948600 0.588750000 
3344.041166049 2.639125599 968589.320401056 2157.018485982 0.733636567 -7554572.446354851 0.036970882 0.004957984 0.045355855 0.908467093 0.001893894 0.002354292 0.002500000 0.000606592 0.242633970 0.006007574 0.591250000 
3353.662091367 2.652024628 945523.252343245 2147.911113428 0.719202302 -7580353.198372698 0.036970882 0.004957984 0.045355855 0.908467093 0.001893894 0.002354292 0.002500000 0.000616969 0.246784563 0.006066635 0.593750000 
3363.148825465 2.664825334 923163.674399790 2138.895906562 0.705154397 -7605840.733504793 0.036970882 0.004957984 0.045355855 0.908467093 0.001893894 0.002354292 0.002500000 0.000627462 0.250981792 0.006125781 0.596250000 
3372.504041832 2.677529107 901484.987365591 2129.971613667 0.691480351 -7631039.358647891 0.036970882 0.004957984 0.045355855 0.908467093 0.001893894 0.002354292 0.002500000 0.000638071 0.255225657 0.006185009 0.598750000 
3381.730353021 2.690137321 880462.623337015 2121.136993395 0.678168115 -7655953.335246318 0.036970882 0.004957984 0.045355855 0.908467093 0.001893894 0.002354292 0.002500000 0.000648798 0.259516158 0.006244317 0.601250000 
3390.830311862 2.702651331 860073.002259196 2112.390815456 0.665206073 -7680586.877502754 0.036970882 0.004957984 0.045355855 0.908467093 0.001893894 0.002354292 0.002500000 0.000659640 0.263853295 0.006303702 0.603750000 
3399.806412663 2.715072471 840293.490217285 2103.731861230 0.652583029 -7704944.150817489 0.036970882 0.004957984 0.045355855 0.908467093 0.001893894 0.002354292 0.002500000 0.000670600 0.268237068 0.006363163 0.606250000 
3408.661092430 2.727402056 821102.359421350 2095.158924321 0.640288187 -7729029.270438462 0.036970882 0.004957984 0.045355855 0.908467093 0.001893894 0.002354292 0.002500000 0.000681676 0.272667477 0.006422697 0.608750000 
3417.396732074 2.739641384 802478.749833282 2086.670811031 0.628311141 -7752846.300305754 0.036970882 0.004957984 0.045355855 0.908467093 0.001893894 0.002354292 0.002500000 0.000692868 0.277144521 0.006482302 0.611250000 
3426.015657623 2.751791731 784402.632383230 2078.266340788 0.616641855 -7776399.252075070 0.036970882 0.004957984 0.045355855 0.908467093 0.001893894 0.002354292 0.002500000 0.000704177 0.281668202 0.006541977 0.613750000 
3434.520141427 2.763854356 766854.773722557 2069.944346508 0.605270653 -7799692.084306051 0.036970882 0.004957984 0.045355855 0.908467093 0.001893894 0.002354292 0.002500000 0.000715603 0.286238518 0.006601719 0.616250000 
3442.912403345 2.775830497 749816.702460253 2061.703674919 0.594188204 -7822728.701802033 0.036970882 0.004957984 0.045355855 0.908467093 0.001893894 0.002354292 0.002500000 0.000727146 0.290855470 0.006661527 0.618750000 
3451.194611938 2.787721375 733270.676829985 2053.543186824 0.583385510 -7845512.955088861 0.036970882 0.004957984 0.045355855 0.908467093 0.001893894 0.002354292 0.002500000 0.000738804 0.295519058 0.006721398 0.621250000 
3459.368885638 2.799528189 717199.653735306 2045.461757332 0.572853891 -7868048.640021229 0.036970882 0.004957984 0.045355855 0.908467093 0.001893894 0.002354292 0.002500000 0.000750580 0.300229282 0.006781332 0.623750000 
3467.437293903 2.811252123 701587.259121333 2037.458276042 0.562584976 -7890339.497505814 0.036970882 0.004957984 0.045355855 0.908467093 0.001893894 0.002354292 0.002500000 0.000762472 0.304986142 0.006841326 0.626250000 
3475.401858365 2.822894339 686417.759622000 2029.531647198 0.552570689 -7912389.213331146 0.036970882 0.004957984 0.045355855 0.908467093 0.001893894 0.002354292 0.002500000 0.000774481 0.309789637 0.006901380 0.628750000 
3483.264553954 2.834455983 671676.035432975 2021.680789798 0.542803238 -7934201.418095104 0.036970882 0.004957984 0.045355855 0.908467093 0.001893894 0.002354292 0.002500000 0.000786606 0.314639769 0.006961490 0.631250000 
3491.027310009 2.845938180 657347.554361486 2013.904637690 0.533275105 -7955779.687221280 0.036970882 0.004957984 0.045355855 0.908467093 0.001893894 0.002354292 0.002500000 0.000798848 0.319536536 0.007021657 0.633750000 
3498.692011370 2.857342039 643418.347005515 2006.202139620 0.523979036 -7977127.541056253 0.036970882 0.004957984 0.045355855 0.908467093 0.001893894 0.002354292 0.002500000 0.000811207 0.324479940 0.007081878 0.636250000 
3506.260499448 2.868668650 629874.983016038 1998.572259269 0.514908031 -7998248.445040393 0.036970882 0.004957984 0.045355855 0.908467093 0.001893894 0.002354292 0.002500000 0.000823682 0.329469979 0.007142153 0.638750000 
3513.734573281 2.879919085 616704.548397421 1991.013975261 0.506055330 -8019145.809945364 0.036970882 0.004957984 0.045355855 0.908467093 0.001893894 0.002354292 0.002500000 0.000836273 0.334506654 0.007202479 0.641250000 
3521.115990566 2.891094400 603894.623802411 1983.526281145 0.497414413 -8039822.992171859 0.036970882 0.004957984 0.045355855 0.908467093 0.001893894 0.002354292 0.002500000 0.000848981 0.339589965 0.007262856 0.643750000 
3528.406468674 2.902195632 591433.263779581 1976.108185370 0.488978980 -8060283.294101716 0.036970882 0.004957984 0.045355855 0.908467093 0.001893894 0.002354292 0.002500000 0.000861806 0.344719912 0.007323282 0.646250000 
3535.607685639 2.913223801 579308.976932492 1968.758711223 0.480742952 -8080529.964498972 0.036970882 0.004957984 0.045355855 0.908467093 0.001893894 0.002354292 0.002500000 0.000874748 0.349896495 0.007383756 0.648750000 
3542.721281135 2.924179910 567510.706951300 1961.476896770 0.472700458 -8100566.198954873 0.036970882 0.004957984 0.045355855 0.908467093 0.001893894 0.002354292 0.002500000 0.000887806 0.355119713 0.007444277 0.651250000 
3549.748857422 2.935064946 556027.814478929 1954.261794770 0.464845826 -8120395.140372010 0.036970882 0.004957984 0.045355855 0.908467093 0.001893894 0.002354292 0.002500000 0.000900980 0.360389568 0.007504844 0.653750000 
3556.691980283 2.945879880 544850.059775328 1947.112472580 0.457173580 -8140019.879483463 0.036970882 0.004957984 0.045355855 0.908467093 0.001893894 0.002354292 0.002500000 0.000914272 0.365706058 0.007565455 0.656250000 
3563.552179925 2.956625664 533967.586144759 1940.028012046 0.449678428 -8159443.455402832 0.036970882 0.004957984 0.045355855 0.908467093 0.001893894 0.002354292 0.002500000 0.000927679 0.371069184 0.007626110 0.658750000 
3570.330951879 2.967303238 523370.904092400 1933.007509389 0.442355259 -8178668.856201567 0.036970882 0.004957984 0.045355855 0.908467093 0.001893894 0.002354292 0.002500000 0.000941204 0.376478947 0.007686808 0.661250000 
3577.029757857 2.977913523 513050.876177913 1926.050075070 0.435199132 -8197699.019510194 0.036970882 0.004957984 0.045355855 0.908467093 0.001893894 0.002354292 0.002500000 0.000954845 0.381935345 0.007747547 0.663750000 
3583.650026610 2.988457426 502998.702534893 1919.154833658 0.428205273 -8216536.833140367 0.036970882 0.004957984 0.045355855 0.908467093 0.001893894 0.002354292 0.002500000 0.000968602 0.387438378 0.007808327 0.666250000 
3590.193154748 2.998935838 493205.907026482 1912.320923687 0.421369069 -8235185.135724764 0.036970882 0.004957984 0.045355855 0.908467093 0.001893894 0.002354292 0.002500000 0.000982476 0.392988048 0.007869147 0.668750000 
3596.660507552 3.009349635 483664.324008558 1905.547497498 0.414686060 -8253646.717372285 0.036970882 0.004957984 0.045355855 0.908467093 0.001893894 0.002354292 0.002500000 0.000996467 0.398584354 0.007930005 0.671250000 
3603.053419762 3.019699680 474366.085673209 1898.833721090 0.408151932 -8271924.320336183 0.036970882 0.004957984 0.045355855 0.908467093 0.001893894 0.002354292 0.002500000 0.001010575 0.404227295 0.007990901 0.673750000 
3609.373196345 3.029986819 465303.609946347 1892.178773952 0.401762517 -8290020.639692730 0.036970882 0.004957984 0.045355855 0.908467093 0.001893894 0.002354292 0.002500000 0.001024798 0.409916873 0.008051834 0.676250000 
3615.621113242 3.040211885 456469.588914399 1885.581848896 0.395513781 -8307938.324028575 0.036970882 0.004957984 0.045355855 0.908467093 0.001893894 0.002354292 0.002500000 0.001039139 0.415653086 0.008112804 0.678750000 
