Sim: 3
Label: rocket
Time: 0.0029999999999986344
Description: Test run of cold flow MSSE simulation with Ma 0.1 initialisation
Variables: 17
vel_x Ma p T rho u massf_H2 massf_O2 massf_OH massf_H2O massf_H massf_O dx dV A_c A_s pos_x
365.658641149 0.226521662 21613673.216910463 3571.095796951 9.888313821 -3261008.746657711 0.036970882 0.004957984 0.045355855 0.908467093 0.001893894 0.002354292 0.002500000 0.000397608 0.159043128 0.003534292 0.001250000 
366.367243646 0.226963144 21603868.586476661 3571.014474130 9.884053260 -3261267.810783332 0.036970882 0.004957984 0.045355855 0.908467093 0.001893894 0.002354292 0.002500000 0.000397608 0.159043128 0.003534292 0.003750000 
366.526519927 0.227062692 21601422.815528512 3570.986084298 9.883012859 -3261358.249933168 0.036970882 0.004957984 0.045355855 0.908467093 0.001893894 0.002354292 0.002500000 0.000397608 0.159043128 0.003534292 0.006250000 
366.571074127 0.227090828 21600515.247061044 3570.968781565 9.882645516 -3261413.369764627 0.036970882 0.004957984 0.045355855 0.908467093 0.001893894 0.002354292 0.002500000 0.000397608 0.159043128 0.003534292 0.008750000 
366.591678654 0.227104054 21599929.103599411 3570.953818731 9.882418753 -3261461.035541486 0.036970882 0.004957984 0.045355855 0.908467093 0.001893894 0.002354292 0.002500000 0.000397608 0.159043128 0.003534292 0.011250000 
366.607301674 0.227114179 21599410.107010156 3570.939372550 9.882221279 -3261507.055430483 0.036970882 0.004957984 0.045355855 0.908467093 0.001893894 0.002354292 0.002500000 0.000397608 0.159043128 0.003534292 0.013750000 
366.621904204 0.227123667 21598905.187799174 3570.925067004 9.882029856 -3261552.627276279 0.036970882 0.004957984 0.045355855 0.908467093 0.001893894 0.002354292 0.002500000 0.000397608 0.159043128 0.003534292 0.016250000 
366.636310410 0.227133032 21598403.335673954 3570.910828476 9.881839648 -3261597.985598348 0.036970882 0.004957984 0.045355855 0.908467093 0.001893894 0.002354292 0.002500000 0.000397608 0.159043128 0.003534292 0.018750000 
366.650688829 0.227142378 21597902.331199989 3570.896646488 9.881649671 -3261643.163774185 0.036970882 0.004957984 0.045355855 0.908467093 0.001893894 0.002354292 0.002500000 0.000397608 0.159043128 0.003534292 0.021250000 
366.665070994 0.227151724 21597401.791882165 3570.882523699 9.881459741 -3261688.153334846 0.036970882 0.004957984 0.045355855 0.908467093 0.001893894 0.002354292 0.002500000 0.000397608 0.159043128 0.003534292 0.023750000 
366.679459836 0.227161072 21596901.718704142 3570.868465446 9.881269844 -3261732.937279417 0.036970882 0.004957984 0.045355855 0.908467093 0.001893894 0.002354292 0.002500000 0.000397608 0.159043128 0.003534292 0.026250000 
366.693852339 0.227170421 21596402.192344364 3570.854477548 9.881080001 -3261777.497066190 0.036970882 0.004957984 0.045355855 0.908467093 0.001893894 0.002354292 0.002500000 0.000397608 0.159043128 0.003534292 0.028750000 
366.708244275 0.227179767 21595903.309675716 3570.840565843 9.880890241 -3261821.814104196 0.036970882 0.004957984 0.045355855 0.908467093 0.001893894 0.002354292 0.002500000 0.000397608 0.159043128 0.003534292 0.031250000 
366.722631198 0.227189107 21595405.170481998 3570.826736075 9.880700592 -3261865.870095647 0.036970882 0.004957984 0.045355855 0.908467093 0.001893894 0.002354292 0.002500000 0.000397608 0.159043128 0.003534292 0.033750000 
366.737008648 0.227198439 21594907.874668349 3570.812993863 9.880511086 -3261909.647138330 0.036970882 0.004957984 0.045355855 0.908467093 0.001893894 0.002354292 0.002500000 0.000397608 0.159043128 0.003534292 0.036250000 
366.751372197 0.227207759 21594411.521664742 3570.799344687 9.880321752 -3261953.127777472 0.036970882 0.004957984 0.045355855 0.908467093 0.001893894 0.002354292 0.002500000 0.000397608 0.159043128 0.003534292 0.038750000 
366.765717455 0.227217065 21593916.210287996 3570.785793873 9.880132621 -3261996.295046768 0.036970882 0.004957984 0.045355855 0.908467093 0.001893894 0.002354292 0.002500000 0.000397608 0.159043128 0.003534292 0.041250000 
366.780040082 0.227226354 21593422.038699601 3570.772346582 9.879943723 -3262039.132506526 0.036970882 0.004957984 0.045355855 0.908467093 0.001893894 0.002354292 0.002500000 0.000397608 0.159043128 0.003534292 0.043750000 
366.794335777 0.227235622 21592929.104383949 3570.759007797 9.879755090 -3262081.624280657 0.036970882 0.004957984 0.045355855 0.908467093 0.001893894 0.002354292 0.002500000 0.000397608 0.159043128 0.003534292 0.046250000 
366.808600291 0.227244868 21592437.504130743 3570.745782315 9.879566753 -3262123.755092606 0.036970882 0.004957984 0.045355855 0.908467093 0.001893894 0.002354292 0.002500000 0.000397608 0.159043128 0.003534292 0.048750000 
366.822829417 0.227254089 21591947.334018759 3570.732674733 9.879378742 -3262165.510300113 0.036970882 0.004957984 0.045355855 0.908467093 0.001893894 0.002354292 0.002500000 0.000397608 0.159043128 0.003534292 0.051250000 
366.837019000 0.227263281 21591458.689399812 3570.719689436 9.879191090 -3262206.875928818 0.036970882 0.004957984 0.045355855 0.908467093 0.001893894 0.002354292 0.002500000 0.000397608 0.159043128 0.003534292 0.053750000 
366.851164932 0.227272442 21590971.664883126 3570.706830593 9.879003827 -3262247.838704431 0.036970882 0.004957984 0.045355855 0.908467093 0.001893894 0.002354292 0.002500000 0.000397608 0.159043128 0.003534292 0.056250000 
366.865263155 0.227281570 21590486.354319923 3570.694102141 9.878816987 -3262288.386083368 0.036970882 0.004957984 0.045355855 0.908467093 0.001893894 0.002354292 0.002500000 0.000397608 0.159043128 0.003534292 0.058750000 
366.879309661 0.227290662 21590002.850788135 3570.681507780 9.878630602 -3262328.506281769 0.036970882 0.004957984 0.045355855 0.908467093 0.001893894 0.002354292 0.002500000 0.000397608 0.159043128 0.003534292 0.061250000 
366.893300495 0.227299714 21589521.246577557 3570.669050962 9.878444703 -3262368.188302773 0.036970882 0.004957984 0.045355855 0.908467093 0.001893894 0.002354292 0.002500000 0.000397608 0.159043128 0.003534292 0.063750000 
366.907231751 0.227308726 21589041.633175086 3570.656734885 9.878259325 -3262407.421961905 0.036970882 0.004957984 0.045355855 0.908467093 0.001893894 0.002354292 0.002500000 0.000397608 0.159043128 0.003534292 0.066250000 
366.921099578 0.227317694 21588564.101250194 3570.644562483 9.878074500 -3262446.197910513 0.036970882 0.004957984 0.045355855 0.908467093 0.001893894 0.002354292 0.002500000 0.000397608 0.159043128 0.003534292 0.068750000 
366.934900178 0.227326616 21588088.740640767 3570.632536421 9.877890263 -3262484.507657219 0.036970882 0.004957984 0.045355855 0.908467093 0.001893894 0.002354292 0.002500000 0.000397608 0.159043128 0.003534292 0.071250000 
366.948629806 0.227335489 21587615.640339039 3570.620659092 9.877706648 -3262522.343587204 0.036970882 0.004957984 0.045355855 0.908467093 0.001893894 0.002354292 0.002500000 0.000397608 0.159043128 0.003534292 0.073750000 
366.962284775 0.227344311 21587144.888477881 3570.608932605 9.877523688 -3262559.698979407 0.036970882 0.004957984 0.045355855 0.908467093 0.001893894 0.002354292 0.002500000 0.000397608 0.159043128 0.003534292 0.076250000 
366.975861450 0.227353080 21586676.572317265 3570.597358784 9.877341420 -3262596.568021433 0.036970882 0.004957984 0.045355855 0.908467093 0.001893894 0.002354292 0.002500000 0.000397608 0.159043128 0.003534292 0.078750000 
366.989356253 0.227361794 21586210.778230987 3570.585939166 9.877159877 -3262632.945822281 0.036970882 0.004957984 0.045355855 0.908467093 0.001893894 0.002354292 0.002500000 0.000397608 0.159043128 0.003534292 0.081250000 
367.002765665 0.227370450 21585747.591693655 3570.574674994 9.876979097 -3262668.828422728 0.036970882 0.004957984 0.045355855 0.908467093 0.001893894 0.002354292 0.002500000 0.000397608 0.159043128 0.003534292 0.083750000 
367.016086222 0.227379046 21585287.097267948 3570.563567215 9.876799115 -3262704.212803421 0.036970882 0.004957984 0.045355855 0.908467093 0.001893894 0.002354292 0.002500000 0.000397608 0.159043128 0.003534292 0.086250000 
367.029314519 0.227387580 21584829.378591981 3570.552616482 9.876619967 -3262739.096890614 0.036970882 0.004957984 0.045355855 0.908467093 0.001893894 0.002354292 0.002500000 0.000397608 0.159043128 0.003534292 0.088750000 
367.042447211 0.227396050 21584374.518367160 3570.541823146 9.876441691 -3262773.479559504 0.036970882 0.004957984 0.045355855 0.908467093 0.001893894 0.002354292 0.002500000 0.000397608 0.159043128 0.003534292 0.091250000 
367.055481010 0.227404454 21583922.598346073 3570.531187264 9.876264323 -3262807.360635218 0.036970882 0.004957984 0.045355855 0.908467093 0.001893894 0.002354292 0.002500000 0.000397608 0.159043128 0.003534292 0.093750000 
367.068412690 0.227412790 21583473.699320696 3570.520708593 9.876087902 -3262840.740891357 0.036970882 0.004957984 0.045355855 0.908467093 0.001893894 0.002354292 0.002500000 0.000397608 0.159043128 0.003534292 0.096250000 
367.081239083 0.227421056 21583027.901110940 3570.510386593 9.875912466 -3262873.622046095 0.036970882 0.004957984 0.045355855 0.908467093 0.001893894 0.002354292 0.002500000 0.000397608 0.159043128 0.003534292 0.098750000 
367.093957085 0.227429250 21582585.282553356 3570.500220432 9.875738052 -3262906.006755823 0.036970882 0.004957984 0.045355855 0.908467093 0.001893894 0.002354292 0.002500000 0.000397608 0.159043128 0.003534292 0.101250000 
367.106563651 0.227437370 21582145.921490032 3570.490208983 9.875564700 -3262937.898606322 0.036970882 0.004957984 0.045355855 0.908467093 0.001893894 0.002354292 0.002500000 0.000397608 0.159043128 0.003534292 0.103750000 
367.119055799 0.227445414 21581709.894757956 3570.480350833 9.875392449 -3262969.302101363 0.036970882 0.004957984 0.045355855 0.908467093 0.001893894 0.002354292 0.002500000 0.000397608 0.159043128 0.003534292 0.106250000 
367.131430609 0.227453381 21581277.278178465 3570.470644285 9.875221338 -3263000.222648860 0.036970882 0.004957984 0.045355855 0.908467093 0.001893894 0.002354292 0.002500000 0.000397608 0.159043128 0.003534292 0.108750000 
367.143685224 0.227461269 21580848.146546986 3570.461087363 9.875051407 -3263030.666544325 0.036970882 0.004957984 0.045355855 0.908467093 0.001893894 0.002354292 0.002500000 0.000397608 0.159043128 0.003534292 0.111250000 
367.155816850 0.227469076 21580422.573623065 3570.451677817 9.874882696 -3263060.640951825 0.036970882 0.004957984 0.045355855 0.908467093 0.001893894 0.002354292 0.002500000 0.000397608 0.159043128 0.003534292 0.113750000 
367.167822759 0.227476801 21580000.632120658 3570.442413134 9.874715245 -3263090.153882216 0.036970882 0.004957984 0.045355855 0.908467093 0.001893894 0.002354292 0.002500000 0.000397608 0.159043128 0.003534292 0.116250000 
367.179700285 0.227484442 21579582.393698610 3570.433290540 9.874549094 -3263119.214168756 0.036970882 0.004957984 0.045355855 0.908467093 0.001893894 0.002354292 0.002500000 0.000397608 0.159043128 0.003534292 0.118750000 
367.191446826 0.227491998 21579167.928951561 3570.424307013 9.874384285 -3263147.831440006 0.036970882 0.004957984 0.045355855 0.908467093 0.001893894 0.002354292 0.002500000 0.000397608 0.159043128 0.003534292 0.121250000 
367.203059846 0.227499467 21578757.307400901 3570.415459291 9.874220858 -3263176.016089993 0.036970882 0.004957984 0.045355855 0.908467093 0.001893894 0.002354292 0.002500000 0.000397608 0.159043128 0.003534292 0.123750000 
367.214536876 0.227506847 21578350.597486209 3570.406743881 9.874058854 -3263203.779245672 0.036970882 0.004957984 0.045355855 0.908467093 0.001893894 0.002354292 0.002500000 0.000397608 0.159043128 0.003534292 0.126250000 
367.225875509 0.227514137 21577947.866556715 3570.398157070 9.873898315 -3263231.132731598 0.036970882 0.004957984 0.045355855 0.908467093 0.001893894 0.002354292 0.002500000 0.000397608 0.159043128 0.003534292 0.128750000 
367.237073408 0.227521337 21577549.180863317 3570.389694940 9.873739281 -3263258.089031889 0.036970882 0.004957984 0.045355855 0.908467093 0.001893894 0.002354292 0.002500000 0.000397608 0.159043128 0.003534292 0.131250000 
367.248128300 0.227528444 21577154.605550602 3570.381353378 9.873581794 -3263284.661249461 0.036970882 0.004957984 0.045355855 0.908467093 0.001893894 0.002354292 0.002500000 0.000397608 0.159043128 0.003534292 0.133750000 
367.259037978 0.227535458 21576764.204649296 3570.373128091 9.873425895 -3263310.863062577 0.036970882 0.004957984 0.045355855 0.908467093 0.001893894 0.002354292 0.002500000 0.000397608 0.159043128 0.003534292 0.136250000 
367.269800303 0.227542377 21576378.041068949 3570.365014617 9.873271625 -3263336.708678716 0.036970882 0.004957984 0.045355855 0.908467093 0.001893894 0.002354292 0.002500000 0.000397608 0.159043128 0.003534292 0.138750000 
367.280413204 0.227549200 21575996.176590856 3570.357008348 9.873119025 -3263362.212785935 0.036970882 0.004957984 0.045355855 0.908467093 0.001893894 0.002354292 0.002500000 0.000397608 0.159043128 0.003534292 0.141250000 
367.290874676 0.227555926 21575618.671861224 3570.349104536 9.872968136 -3263387.390501677 0.036970882 0.004957984 0.045355855 0.908467093 0.001893894 0.002354292 0.002500000 0.000397608 0.159043128 0.003534292 0.143750000 
367.301182782 0.227562554 21575245.586384818 3570.341298318 9.872818998 -3263412.257319255 0.036970882 0.004957984 0.045355855 0.908467093 0.001893894 0.002354292 0.002500000 0.000397608 0.159043128 0.003534292 0.146250000 
367.311335653 0.227569083 21574876.978518590 3570.333584731 9.872671653 -3263436.829052062 0.036970882 0.004957984 0.045355855 0.908467093 0.001893894 0.002354292 0.002500000 0.000397608 0.159043128 0.003534292 0.148750000 
367.321331487 0.227575512 21574512.905465703 3570.325958728 9.872526140 -3263461.121775717 0.036970882 0.004957984 0.045355855 0.908467093 0.001893894 0.002354292 0.002500000 0.000397608 0.159043128 0.003534292 0.151250000 
367.331168552 0.227581841 21574153.423269998 3570.318415199 9.872382499 -3263485.151768287 0.036970882 0.004957984 0.045355855 0.908467093 0.001893894 0.002354292 0.002500000 0.000397608 0.159043128 0.003534292 0.153750000 
367.340845183 0.227588067 21573798.586810444 3570.310948989 9.872240770 -3263508.935448800 0.036970882 0.004957984 0.045355855 0.908467093 0.001893894 0.002354292 0.002500000 0.000397608 0.159043128 0.003534292 0.156250000 
367.350359783 0.227594191 21573448.449796088 3570.303554921 9.872100991 -3263532.489314264 0.036970882 0.004957984 0.045355855 0.908467093 0.001893894 0.002354292 0.002500000 0.000397608 0.159043128 0.003534292 0.158750000 
367.359710824 0.227600211 21573103.064761147 3570.296227811 9.871963201 -3263555.829875445 0.036970882 0.004957984 0.045355855 0.908467093 0.001893894 0.002354292 0.002500000 0.000397608 0.159043128 0.003534292 0.161250000 
367.368896849 0.227606127 21572762.483060509 3570.288962493 9.871827438 -3263578.973591643 0.036970882 0.004957984 0.045355855 0.908467093 0.001893894 0.002354292 0.002500000 0.000397608 0.159043128 0.003534292 0.163750000 
367.377916465 0.227611939 21572426.754865389 3570.281753835 9.871693738 -3263601.936804745 0.036970882 0.004957984 0.045355855 0.908467093 0.001893894 0.002354292 0.002500000 0.000397608 0.159043128 0.003534292 0.166250000 
367.386768352 0.227617645 21572095.929159280 3570.274596767 9.871562139 -3263624.735672822 0.036970882 0.004957984 0.045355855 0.908467093 0.001893894 0.002354292 0.002500000 0.000397608 0.159043128 0.003534292 0.168750000 
367.395451257 0.227623244 21571770.053734347 3570.267486294 9.871432675 -3263647.386103587 0.036970882 0.004957984 0.045355855 0.908467093 0.001893894 0.002354292 0.002500000 0.000397608 0.159043128 0.003534292 0.171250000 
367.403963996 0.227628737 21571449.175187845 3570.260417522 9.871305383 -3263669.903688025 0.036970882 0.004957984 0.045355855 0.908467093 0.001893894 0.002354292 0.002500000 0.000397608 0.159043128 0.003534292 0.173750000 
367.412305453 0.227634123 21571133.338919021 3570.253385676 9.871180295 -3263692.303634417 0.036970882 0.004957984 0.045355855 0.908467093 0.001893894 0.002354292 0.002500000 0.000397608 0.159043128 0.003534292 0.176250000 
367.420474583 0.227639401 21570822.589126199 3570.246386124 9.871057445 -3263714.600703128 0.036970882 0.004957984 0.045355855 0.908467093 0.001893894 0.002354292 0.002500000 0.000397608 0.159043128 0.003534292 0.178750000 
367.428470408 0.227644571 21570516.968804184 3570.239414392 9.870936865 -3263736.809142430 0.036970882 0.004957984 0.045355855 0.908467093 0.001893894 0.002354292 0.002500000 0.000397608 0.159043128 0.003534292 0.181250000 
367.436292020 0.227649632 21570216.519741908 3570.232466188 9.870818585 -3263758.942625657 0.036970882 0.004957984 0.045355855 0.908467093 0.001893894 0.002354292 0.002500000 0.000397608 0.159043128 0.003534292 0.183750000 
367.443938577 0.227654584 21569921.282520432 3570.225537419 9.870702637 -3263781.014189870 0.036970882 0.004957984 0.045355855 0.908467093 0.001893894 0.002354292 0.002500000 0.000397608 0.159043128 0.003534292 0.186250000 
367.451409310 0.227659427 21569631.296511140 3570.218624212 9.870589048 -3263803.036176441 0.036970882 0.004957984 0.045355855 0.908467093 0.001893894 0.002354292 0.002500000 0.000397608 0.159043128 0.003534292 0.188750000 
367.458703515 0.227664160 21569346.599874243 3570.211722928 9.870477847 -3263825.020173635 0.036970882 0.004957984 0.045355855 0.908467093 0.001893894 0.002354292 0.002500000 0.000397608 0.159043128 0.003534292 0.191250000 
367.465820557 0.227668783 21569067.229557671 3570.204830183 9.870369058 -3263846.976961502 0.036970882 0.004957984 0.045355855 0.908467093 0.001893894 0.002354292 0.002500000 0.000397608 0.159043128 0.003534292 0.193750000 
367.472759870 0.227673296 21568793.221296001 3570.197942864 9.870262708 -3263868.916459161 0.036970882 0.004957984 0.045355855 0.908467093 0.001893894 0.002354292 0.002500000 0.000397608 0.159043128 0.003534292 0.196250000 
367.479520956 0.227677698 21568524.609609935 3570.191058142 9.870158820 -3263890.847674809 0.036970882 0.004957984 0.045355855 0.908467093 0.001893894 0.002354292 0.002500000 0.000397608 0.159043128 0.003534292 0.198750000 
367.486103385 0.227681989 21568261.427805927 3570.184173491 9.870057416 -3263912.778658333 0.036970882 0.004957984 0.045355855 0.908467093 0.001893894 0.002354292 0.002500000 0.000397608 0.159043128 0.003534292 0.201250000 
367.492506793 0.227686170 21568003.707975991 3570.177286698 9.869958518 -3263934.716456877 0.036970882 0.004957984 0.045355855 0.908467093 0.001893894 0.002354292 0.002500000 0.000397608 0.159043128 0.003534292 0.203750000 
367.498730887 0.227690240 21567751.480998084 3570.170395879 9.869862143 -3263956.667073271 0.036970882 0.004957984 0.045355855 0.908467093 0.001893894 0.002354292 0.002500000 0.000397608 0.159043128 0.003534292 0.206250000 
367.504775437 0.227694199 21567504.776536375 3570.163499490 9.869768311 -3263978.635427406 0.036970882 0.004957984 0.045355855 0.908467093 0.001893894 0.002354292 0.002500000 0.000397608 0.159043128 0.003534292 0.208750000 
367.510640284 0.227698046 21567263.623042155 3570.156596336 9.869677038 -3264000.625320636 0.036970882 0.004957984 0.045355855 0.908467093 0.001893894 0.002354292 0.002500000 0.000397608 0.159043128 0.003534292 0.211250000 
367.516325332 0.227701782 21567028.047754802 3570.149685586 9.869588338 -3264022.639403084 0.036970882 0.004957984 0.045355855 0.908467093 0.001893894 0.002354292 0.002500000 0.000397608 0.159043128 0.003534292 0.213750000 
367.521830555 0.227705408 21566798.076703060 3570.142766779 9.869502224 -3264044.679143939 0.036970882 0.004957984 0.045355855 0.908467093 0.001893894 0.002354292 0.002500000 0.000397608 0.159043128 0.003534292 0.216250000 
367.527155990 0.227708922 21566573.734706670 3570.135839833 9.869418709 -3264066.744804612 0.036970882 0.004957984 0.045355855 0.908467093 0.001893894 0.002354292 0.002500000 0.000397608 0.159043128 0.003534292 0.218750000 
367.532301743 0.227712325 21566355.045378178 3570.128905053 9.869337802 -3264088.835414693 0.036970882 0.004957984 0.045355855 0.908467093 0.001893894 0.002354292 0.002500000 0.000397608 0.159043128 0.003534292 0.221250000 
367.537267982 0.227715617 21566142.031125106 3570.121963135 9.869259511 -3264110.948750688 0.036970882 0.004957984 0.045355855 0.908467093 0.001893894 0.002354292 0.002500000 0.000397608 0.159043128 0.003534292 0.223750000 
367.542054944 0.227718798 21565934.713152297 3570.115015179 9.869183843 -3264133.081317374 0.036970882 0.004957984 0.045355855 0.908467093 0.001893894 0.002354292 0.002500000 0.000397608 0.159043128 0.003534292 0.226250000 
367.546662927 0.227721868 21565733.111464605 3570.108062684 9.869110804 -3264155.228331722 0.036970882 0.004957984 0.045355855 0.908467093 0.001893894 0.002354292 0.002500000 0.000397608 0.159043128 0.003534292 0.228750000 
367.551092297 0.227724828 21565537.244869795 3570.101107562 9.869040396 -3264177.383709280 0.036970882 0.004957984 0.045355855 0.908467093 0.001893894 0.002354292 0.002500000 0.000397608 0.159043128 0.003534292 0.231250000 
367.555343480 0.227727677 21565347.130981829 3570.094152134 9.868972621 -3264199.540052939 0.036970882 0.004957984 0.045355855 0.908467093 0.001893894 0.002354292 0.002500000 0.000397608 0.159043128 0.003534292 0.233750000 
367.559416970 0.227730417 21565162.786224224 3570.087199137 9.868907480 -3264221.688520672 0.036970882 0.004957984 0.045355855 0.908467093 0.001893894 0.002354292 0.002500000 0.000397608 0.159043128 0.003534292 0.236250000 
367.563313320 0.227733046 21564984.225834437 3570.080251726 9.868844970 -3264243.819435489 0.036970882 0.004957984 0.045355855 0.908467093 0.001893894 0.002354292 0.002500000 0.000397608 0.159043128 0.003534292 0.238750000 
367.567033156 0.227735566 21564811.463957954 3570.073313472 9.868785087 -3264265.921049653 0.036970882 0.004957984 0.045355855 0.908467093 0.001893894 0.002354292 0.002500000 0.000397608 0.159043128 0.003534292 0.241250000 
367.570578268 0.227737977 21564644.528597206 3570.066388261 9.868727836 -3264287.981107227 0.036970882 0.004957984 0.045355855 0.908467093 0.001893894 0.002354292 0.002500000 0.000397608 0.159043128 0.003534292 0.243750000 
367.574133392 0.227740394 21564485.934773430 3570.059462939 9.868674401 -3264310.041510845 0.036970882 0.004957984 0.045355855 0.908467093 0.001893894 0.002354292 0.002500000 0.000397608 0.159043128 0.003534292 0.246250000 
367.608112051 0.227761752 21564749.500105433 3570.049618307 9.868822232 -3264341.401272431 0.036970882 0.004957984 0.045355855 0.908467093 0.001893894 0.002354292 0.002500000 0.000397608 0.159043128 0.003534292 0.248750000 
372.228016718 0.230638456 21627990.499238614 3569.593452640 9.899028494 -3265794.485817089 0.036970882 0.004957984 0.045355855 0.908467093 0.001893894 0.002354292 0.002500000 0.000391317 0.156510139 0.006122753 0.251250000 
383.284886509 0.237525217 21608084.814183049 3568.487551772 9.892982715 -3269317.121000973 0.036970882 0.004957984 0.045355855 0.908467093 0.001893894 0.002354292 0.002500000 0.000378998 0.151583142 0.005940656 0.253750000 
395.971478987 0.245430908 21568836.275979709 3567.179838045 9.878633419 -3273482.342985118 0.036970882 0.004957984 0.045355855 0.908467093 0.001893894 0.002354292 0.002500000 0.000367133 0.146837275 0.005763911 0.256250000 
409.325192361 0.253756943 21523102.937225133 3565.757811838 9.861618575 -3278011.356793880 0.036970882 0.004957984 0.045355855 0.908467093 0.001893894 0.002354292 0.002500000 0.000355708 0.142267615 0.005592428 0.258750000 
423.152419036 0.262383387 21473448.344356529 3564.235995325 9.843068344 -3282857.838547902 0.036970882 0.004957984 0.045355855 0.908467093 0.001893894 0.002354292 0.002500000 0.000344711 0.137869348 0.005426120 0.261250000 
437.417436828 0.271288669 21420272.861383509 3562.613316110 9.823165758 -3288025.130702502 0.036970882 0.004957984 0.045355855 0.908467093 0.001893894 0.002354292 0.002500000 0.000334132 0.133637763 0.005264897 0.263750000 
452.117912373 0.280472075 21363498.620335214 3560.885101580 9.801884415 -3293528.032871620 0.036970882 0.004957984 0.045355855 0.908467093 0.001893894 0.002354292 0.002500000 0.000323957 0.129568259 0.005108674 0.266250000 
467.258665873 0.289937420 21302930.842258796 3559.045681156 9.779146578 -3299384.511519118 0.036970882 0.004957984 0.045355855 0.908467093 0.001893894 0.002354292 0.002500000 0.000314177 0.125656343 0.004957364 0.268750000 
482.845944509 0.299689477 21238337.833576273 3557.088969751 9.754858126 -3305613.840208520 0.036970882 0.004957984 0.045355855 0.908467093 0.001893894 0.002354292 0.002500000 0.000304779 0.121897626 0.004810883 0.271250000 
498.886130876 0.309733183 21169469.162265904 3555.008601283 9.728916426 -3312236.172853139 0.036970882 0.004957984 0.045355855 0.908467093 0.001893894 0.002354292 0.002500000 0.000295754 0.118287829 0.004669148 0.273750000 
515.385448479 0.320073457 21096059.849455014 3552.797957923 9.701212081 -3319272.448929812 0.036970882 0.004957984 0.045355855 0.908467093 0.001893894 0.002354292 0.002500000 0.000287090 0.114822776 0.004532077 0.276250000 
532.349903797 0.330715170 21017831.371084910 3550.450173691 9.671629286 -3326744.380222877 0.036970882 0.004957984 0.045355855 0.908467093 0.001893894 0.002354292 0.002500000 0.000278779 0.111498403 0.004399589 0.278750000 
549.785291262 0.341663156 20934492.004314534 3547.958130682 9.640045889 -3334674.460859871 0.036970882 0.004957984 0.045355855 0.908467093 0.001893894 0.002354292 0.002500000 0.000270809 0.108310749 0.004271606 0.281250000 
567.697220448 0.352922231 20845737.151773706 3545.314452089 9.606333435 -3343085.987362267 0.036970882 0.004957984 0.045355855 0.908467093 0.001893894 0.002354292 0.002500000 0.000263171 0.105255962 0.004148051 0.283750000 
586.091155749 0.364497228 20751249.825900380 3542.511492755 9.570357291 -3352003.086347679 0.036970882 0.004957984 0.045355855 0.908467093 0.001893894 0.002354292 0.002500000 0.000255857 0.102330297 0.004028847 0.286250000 
604.972466239 0.376393032 20650701.366043624 3539.541327124 9.531976861 -3361450.750277312 0.036970882 0.004957984 0.045355855 0.908467093 0.001893894 0.002354292 0.002500000 0.000248856 0.099530115 0.003913920 0.288750000 
624.346484996 0.388614630 20543752.433909897 3536.395734228 9.491045937 -3371454.882357720 0.036970882 0.004957984 0.045355855 0.908467093 0.001893894 0.002354292 0.002500000 0.000242159 0.096851885 0.003803199 0.291250000 
644.218577453 0.401167158 20430054.325901143 3533.066179311 9.447413181 -3382042.351861075 0.036970882 0.004957984 0.045355855 0.908467093 0.001893894 0.002354292 0.002500000 0.000235760 0.094292182 0.003696613 0.293750000 
664.594218122 0.414055961 20309250.638416700 3529.543791685 9.400922777 -3393241.061087960 0.036970882 0.004957984 0.045355855 0.908467093 0.001893894 0.002354292 0.002500000 0.000229648 0.091847689 0.003594094 0.296250000 
685.479074724 0.427286654 20180979.320278209 3525.819338464 9.351415254 -3405080.025043546 0.036970882 0.004957984 0.045355855 0.908467093 0.001893894 0.002354292 0.002500000 0.000223816 0.089515196 0.003495575 0.298750000 
706.879098360 0.440865195 20044875.144062012 3521.883193912 9.298728507 -3417589.464640979 0.036970882 0.004957984 0.045355855 0.908467093 0.001893894 0.002354292 0.002500000 0.000218256 0.087291599 0.003400993 0.301250000 
728.800617907 0.454797951 19900572.625077065 3517.725304236 9.242699020 -3430800.913869072 0.036970882 0.004957984 0.045355855 0.908467093 0.001893894 0.002354292 0.002500000 0.000212962 0.085173902 0.003310286 0.303750000 
751.250436233 0.469091781 19747709.413065139 3513.335147833 9.183163318 -3444747.342347696 0.036970882 0.004957984 0.045355855 0.908467093 0.001893894 0.002354292 0.002500000 0.000207925 0.083159215 0.003223394 0.306250000 
774.235925204 0.483754106 19585930.177597977 3508.701691220 9.119959639 -3459463.281896937 0.036970882 0.004957984 0.045355855 0.908467093 0.001893894 0.002354292 0.002500000 0.000203138 0.081244756 0.003140262 0.308750000 
797.765115656 0.498792987 19414891.003851544 3503.813341152 9.052929856 -3474984.987090358 0.036970882 0.004957984 0.045355855 0.908467093 0.001893894 0.002354292 0.002500000 0.000198595 0.079427851 0.003060833 0.311250000 
821.846777487 0.514217199 19234264.311235759 3498.657893873 8.981921641 -3491350.573890349 0.036970882 0.004957984 0.045355855 0.908467093 0.001893894 0.002354292 0.002500000 0.000194290 0.077705929 0.002985057 0.313750000 
846.490483837 0.530036291 19043744.303551774 3493.222482930 8.906790876 -3508600.184516510 0.036970882 0.004957984 0.045355855 0.908467093 0.001893894 0.002354292 0.002500000 0.000190216 0.076076531 0.002912885 0.316250000 
871.706651707 0.546260638 18843052.956208877 3487.493527725 8.827404320 -3526776.139843695 0.036970882 0.004957984 0.045355855 0.908467093 0.001893894 0.002354292 0.002500000 0.000186368 0.074537302 0.002844269 0.318750000 
897.506549378 0.562901477 18631946.543734536 3481.456685905 8.743642528 -3545923.079926887 0.036970882 0.004957984 0.045355855 0.908467093 0.001893894 0.002354292 0.002500000 0.000182739 0.073085995 0.002779168 0.321250000 
923.902258410 0.579970910 18410222.709353905 3475.096813965 8.655403017 -3566088.077185235 0.036970882 0.004957984 0.045355855 0.908467093 0.001893894 0.002354292 0.002500000 0.000179325 0.071720469 0.002717538 0.323750000 
950.906574700 0.597481877 18177728.077487439 3468.397942092 8.562603680 -3587320.703027652 0.036970882 0.004957984 0.045355855 0.908467093 0.001893894 0.002354292 0.002500000 0.000176120 0.070438692 0.002659343 0.326250000 
978.532828939 0.615448073 17934366.408830453 3461.343271496 8.465186434 -3609673.021793709 0.036970882 0.004957984 0.045355855 0.908467093 0.001893894 0.002354292 0.002500000 0.000173120 0.069238736 0.002604548 0.328750000 
1006.794601641 0.633883798 17680107.294753917 3453.915205312 8.363121101 -3633199.476900505 0.036970882 0.004957984 0.045355855 0.908467093 0.001893894 0.002354292 0.002500000 0.000170320 0.068118783 0.002553119 0.331250000 
1035.705301635 0.652803728 17414995.380659033 3446.095427873 8.256409494 -3657956.622573188 0.036970882 0.004957984 0.045355855 0.908467093 0.001893894 0.002354292 0.002500000 0.000167715 0.067077121 0.002505028 0.333750000 
1065.277569541 0.672222549 17139160.093019646 3437.865051760 8.145089690 -3684002.640077243 0.036970882 0.004957984 0.045355855 0.908467093 0.001893894 0.002354292 0.002500000 0.000165302 0.066112144 0.002460247 0.336250000 
1095.522459523 0.692154460 16852825.817376427 3429.204857748 8.029240424 -3711396.559714334 0.036970882 0.004957984 0.045355855 0.908467093 0.001893894 0.002354292 0.002500000 0.000163078 0.065222354 0.002418752 0.338750000 
1126.448344015 0.712612465 16556322.429340480 3420.095659462 7.908985563 -3740197.089107831 0.036970882 0.004957984 0.045355855 0.908467093 0.001893894 0.002354292 0.002500000 0.000161038 0.064406360 0.002380521 0.341250000 
1158.059478284 0.733607434 16250096.014947228 3410.518832076 7.784498513 -3770460.925208319 0.036970882 0.004957984 0.045355855 0.908467093 0.001893894 0.002354292 0.002500000 0.000159179 0.063662878 0.002345535 0.343750000 
1190.354155740 0.755146853 15934719.537953639 3400.457052316 7.656006447 -3802240.403361786 0.036970882 0.004957984 0.045355855 0.908467093 0.001893894 0.002354292 0.002500000 0.000157498 0.062990731 0.002313777 0.346250000 
1223.322381353 0.777233218 15610903.158167819 3389.895305015 7.523794148 -3835580.312758992 0.036970882 0.004957984 0.045355855 0.908467093 0.001893894 0.002354292 0.002500000 0.000155993 0.062388848 0.002285232 0.348750000 
1256.942984658 0.799861990 15279503.999107990 3378.822220779 7.388207350 -3870513.679760593 0.036970882 0.004957984 0.045355855 0.908467093 0.001893894 0.002354292 0.002500000 0.000154662 0.061856267 0.002259888 0.351250000 
1291.180061901 0.823019016 14941535.757029565 3367.231828046 7.249655694 -3907056.263588141 0.036970882 0.004957984 0.045355855 0.908467093 0.001893894 0.002354292 0.002500000 0.000153501 0.061392131 0.002237733 0.353750000 
1325.978491382 0.846677215 14598180.649424821 3355.125863810 7.108616370 -3945199.319247332 0.036970882 0.004957984 0.045355855 0.908467093 0.001893894 0.002354292 0.002500000 0.000152510 0.060995691 0.002218759 0.356250000 
1361.257699148 0.870791915 14250812.957505614 3342.517012473 6.965642387 -3984899.477712194 0.036970882 0.004957984 0.045355855 0.908467093 0.001893894 0.002354292 0.002500000 0.000151686 0.060666306 0.002202957 0.358750000 
1396.900711191 0.895292744 13901065.985498764 3329.434301046 6.821388991 -4026061.900835669 0.036970882 0.004957984 0.045355855 0.908467093 0.001893894 0.002354292 0.002500000 0.000151029 0.060403440 0.002190323 0.361250000 
1432.726718000 0.920063731 13551061.417666186 3315.935470872 6.676708317 -4068501.605520080 0.036970882 0.004957984 0.045355855 0.908467093 0.001893894 0.002354292 0.002500000 0.000150537 0.060206665 0.002180851 0.363750000 
1468.389980603 0.944871221 13204358.733634034 3302.149835832 6.533045752 -4111809.260265633 0.036970882 0.004957984 0.045355855 0.908467093 0.001893894 0.002354292 0.002500000 0.000150210 0.060075660 0.002174539 0.366250000 
1502.783119629 0.968941073 12871634.129143642 3288.525794209 6.394809250 -4154575.507107969 0.036970882 0.004957984 0.045355855 0.908467093 0.001893894 0.002354292 0.002500000 0.000150046 0.060010211 0.002171383 0.368750000 
1581.227006277 1.024402501 12116871.971819689 3256.238562726 6.079522421 -4255790.517674266 0.036970882 0.004957984 0.045355855 0.908467093 0.001893894 0.002354292 0.002500000 0.000150034 0.060007862 0.002171177 0.371250000 
1607.911549969 1.043456312 11860400.042455517 3244.866094822 5.971696380 -4291395.401852236 0.036970882 0.004957984 0.045355855 0.908467093 0.001893894 0.002354292 0.002500000 0.000150151 0.060054497 0.002173021 0.373750000 
1636.310768317 1.063843266 11587879.484168759 3232.547044919 5.856717500 -4329936.586519992 0.036970882 0.004957984 0.045355855 0.908467093 0.001893894 0.002354292 0.002500000 0.000150384 0.060147769 0.002176705 0.376250000 
1665.219415016 1.084714381 11311117.490493789 3219.777701711 5.739509587 -4369856.425316352 0.036970882 0.004957984 0.045355855 0.908467093 0.001893894 0.002354292 0.002500000 0.000150734 0.060287677 0.002182219 0.378750000 
1694.338858576 1.105861955 11033199.156379106 3206.680770044 5.621353421 -4410768.287143603 0.036970882 0.004957984 0.045355855 0.908467093 0.001893894 0.002354292 0.002500000 0.000151200 0.060474220 0.002189550 0.381250000 
1723.550222419 1.127205197 10755475.523917146 3193.305479359 5.502807375 -4452515.881869302 0.036970882 0.004957984 0.045355855 0.908467093 0.001893894 0.002354292 0.002500000 0.000151783 0.060707400 0.002198679 0.383750000 
1752.788817904 1.148701347 10478769.139971269 3179.679417972 5.384211326 -4495010.798532010 0.036970882 0.004957984 0.045355855 0.908467093 0.001893894 0.002354292 0.002500000 0.000152482 0.060987215 0.002209585 0.386250000 
1782.010996558 1.170322211 10203691.034451343 3165.822202042 5.265819154 -4538189.671722799 0.036970882 0.004957984 0.045355855 0.908467093 0.001893894 0.002354292 0.002500000 0.000153299 0.061313666 0.002222240 0.388750000 
1811.182886768 1.192046175 9930747.433112077 3151.750102834 5.147843336 -4581999.688426261 0.036970882 0.004957984 0.045355855 0.908467093 0.001893894 0.002354292 0.002500000 0.000154231 0.061686753 0.002236615 0.391250000 
1840.275881155 1.213855003 9660381.747935461 3137.477881392 5.030472468 -4626392.847534906 0.036970882 0.004957984 0.045355855 0.908467093 0.001893894 0.002354292 0.002500000 0.000155280 0.062106476 0.002252678 0.393750000 
1869.264611138 1.235732401 9392992.855092410 3123.019591519 4.913878838 -4671323.452399443 0.036970882 0.004957984 0.045355855 0.908467093 0.001893894 0.002354292 0.002500000 0.000156446 0.062572835 0.002270392 0.396250000 
1898.125961979 1.257663313 9128943.580655305 3108.388948997 4.798221886 -4716746.962140702 0.036970882 0.004957984 0.045355855 0.908467093 0.001893894 0.002354292 0.002500000 0.000157729 0.063085830 0.002289720 0.398750000 
1926.838565865 1.279633567 8868564.807560794 3093.599499915 4.683649807 -4762619.471690071 0.036970882 0.004957984 0.045355855 0.908467093 0.001893894 0.002354292 0.002500000 0.000159128 0.063645460 0.002310620 0.401250000 
1955.382530297 1.301629682 8612157.538438335 3078.664689000 4.570300284 -4808897.504257776 0.036970882 0.004957984 0.045355855 0.908467093 0.001893894 0.002354292 0.002500000 0.000160643 0.064251727 0.002333050 0.403750000 
1983.739287998 1.323638771 8359994.004339606 3063.597875600 4.458300800 -4855537.966841355 0.036970882 0.004957984 0.045355855 0.908467093 0.001893894 0.002354292 0.002500000 0.000162275 0.064904629 0.002356967 0.406250000 
2011.891511407 1.345648486 8112318.359207286 3048.412321495 4.347768763 -4902498.192931943 0.036970882 0.004957984 0.045355855 0.908467093 0.001893894 0.002354292 0.002500000 0.000164024 0.065604167 0.002382326 0.408750000 
2039.823061661 1.367646993 7869347.237793897 3033.121163610 4.238811563 -4949736.031455288 0.036970882 0.004957984 0.045355855 0.908467093 0.001893894 0.002354292 0.002500000 0.000165889 0.066350341 0.002409082 0.411250000 
2067.518955516 1.389622962 7631270.321630770 3017.737379077 4.131526627 -4997209.958612083 0.036970882 0.004957984 0.045355855 0.908467093 0.001893894 0.002354292 0.002500000 0.000167871 0.067143151 0.002437188 0.413750000 
2094.965340835 1.411565561 7398250.986264937 3002.273747087 4.026001502 -5044879.198715650 0.036970882 0.004957984 0.045355855 0.908467093 0.001893894 0.002354292 0.002500000 0.000169970 0.067982597 0.002466598 0.416250000 
2122.149475234 1.433464459 7170427.062942904 2986.742810287 3.922313983 -5092703.845449392 0.036970882 0.004957984 0.045355855 0.908467093 0.001893894 0.002354292 0.002500000 0.000172185 0.068868679 0.002497267 0.418750000 
2149.059704795 1.455309829 6947911.724696838 2971.156837449 3.820532295 -5140644.978129051 0.036970882 0.004957984 0.045355855 0.908467093 0.001893894 0.002354292 0.002500000 0.000174517 0.069801396 0.002529147 0.421250000 
2175.685441109 1.477092344 6730794.493070624 2955.527788564 3.720715335 -5188664.769528401 0.036970882 0.004957984 0.045355855 0.908467093 0.001893894 0.002354292 0.002500000 0.000176965 0.070780750 0.002562195 0.423750000 
2202.017135761 1.498803184 6519142.353653547 2939.867283028 3.622912957 -5236726.583117363 0.036970882 0.004957984 0.045355855 0.908467093 0.001893894 0.002354292 0.002500000 0.000179530 0.071806739 0.002596366 0.426250000 
2228.046251895 1.520434029 6313000.964032784 2924.186571387 3.527166312 -5284795.058442096 0.036970882 0.004957984 0.045355855 0.908467093 0.001893894 0.002354292 0.002500000 0.000182211 0.072879365 0.002631616 0.428750000 
2253.765232818 1.541977061 6112395.935491334 2908.496510854 3.433508222 -5332836.183999647 0.036970882 0.004957984 0.045355855 0.908467093 0.001893894 0.002354292 0.002500000 0.000185009 0.073998626 0.002667901 0.431250000 
2279.167467825 1.563424956 5917334.169008916 2892.807544691 3.341963597 -5380817.357412578 0.036970882 0.004957984 0.045355855 0.908467093 0.001893894 0.002354292 0.002500000 0.000187924 0.075164523 0.002705181 0.433750000 
2304.247255540 1.584770876 5727805.226378935 2877.129685448 3.252549869 -5428707.433044401 0.036970882 0.004957984 0.045355855 0.908467093 0.001893894 0.002354292 0.002500000 0.000190955 0.076377056 0.002743415 0.436250000 
2328.999765156 1.606008466 5543782.718207208 2861.472501946 3.165277452 -5476476.757446409 0.036970882 0.004957984 0.045355855 0.908467093 0.001893894 0.002354292 0.002500000 0.000194103 0.077636224 0.002782564 0.438750000 
2353.420995964 1.627131836 5365225.691970897 2845.845109861 3.080150215 -5524097.193211143 0.036970882 0.004957984 0.045355855 0.908467093 0.001893894 0.002354292 0.002500000 0.000197367 0.078942029 0.002822589 0.441250000 
2377.507735619 1.648135557 5192080.005018549 2830.256165702 2.997165959 -5571542.131942198 0.036970882 0.004957984 0.045355855 0.908467093 0.001893894 0.002354292 0.002500000 0.000200748 0.080294470 0.002863454 0.443750000 
2401.257517528 1.669014640 5024279.669255443 2814.713863950 2.916316897 -5618786.497142814 0.036970882 0.004957984 0.045355855 0.908467093 0.001893894 0.002354292 0.002500000 0.000204246 0.081693546 0.002905123 0.446250000 
2424.668577775 1.689764530 4861748.156183131 2799.225937109 2.837590132 -5665806.737885961 0.036970882 0.004957984 0.045355855 0.908467093 0.001893894 0.002354292 0.002500000 0.000207860 0.083139258 0.002947562 0.448750000 
2447.739811940 1.710381083 4704399.652875705 2783.799658394 2.760968124 -5712580.814160779 0.036970882 0.004957984 0.045355855 0.908467093 0.001893894 0.002354292 0.002500000 0.000211591 0.084631606 0.002990739 0.451250000 
2470.470732141 1.730860556 4552140.261320476 2768.441846803 2.686429145 -5759088.174800472 0.036970882 0.004957984 0.045355855 0.908467093 0.001893894 0.002354292 0.002500000 0.000215438 0.086170591 0.003034622 0.453750000 
2492.861424612 1.751199588 4404869.135289022 2753.158874285 2.613947721 -5805309.728888383 0.036970882 0.004957984 0.045355855 0.908467093 0.001893894 0.002354292 0.002500000 0.000219402 0.087756210 0.003079180 0.456250000 
2514.912508059 1.771395182 4262479.550506471 2737.956674748 2.543495054 -5851227.811515972 0.036970882 0.004957984 0.045355855 0.908467093 0.001893894 0.002354292 0.002500000 0.000223483 0.089388466 0.003124386 0.458750000 
2536.625093042 1.791444691 4124859.905336117 2722.840754657 2.475039425 -5896826.144732025 0.036970882 0.004957984 0.045355855 0.908467093 0.001893894 0.002354292 0.002500000 0.000227680 0.091067358 0.003170210 0.461250000 
2558.000742551 1.811345798 3991894.650483332 2707.816204962 2.408546576 -5942089.794479033 0.036970882 0.004957984 0.045355855 0.908467093 0.001893894 0.002354292 0.002500000 0.000231993 0.092792886 0.003216628 0.463750000 
2579.041433947 1.831096500 3863465.147344723 2692.887714146 2.343980068 -5987005.124263121 0.036970882 0.004957984 0.045355855 0.908467093 0.001893894 0.002354292 0.002500000 0.000236424 0.094565049 0.003263612 0.466250000 
2599.749522388 1.850695091 3739450.455588594 2678.059582165 2.281301621 -6031559.746249809 0.036970882 0.004957984 0.045355855 0.908467093 0.001893894 0.002354292 0.002500000 0.000240971 0.096383848 0.003311140 0.468750000 
2620.127705830 1.870140147 3619728.051357480 2663.335735084 2.220471420 -6075742.470421593 0.036970882 0.004957984 0.045355855 0.908467093 0.001893894 0.002354292 0.002500000 0.000245634 0.098249284 0.003359189 0.471250000 
2640.178991684 1.889430503 3504174.478142511 2648.719740237 2.161448412 -6119543.252375263 0.036970882 0.004957984 0.045355855 0.908467093 0.001893894 0.002354292 0.002500000 0.000250414 0.100161355 0.003407735 0.473750000 
2659.906665158 1.908565245 3392665.932904094 2634.214821740 2.104190567 -6162953.140280031 0.036970882 0.004957984 0.045355855 0.908467093 0.001893894 0.002354292 0.002500000 0.000255311 0.102120062 0.003456759 0.476250000 
2679.314259323 1.927543690 3285078.790416639 2619.823876205 2.048655127 -6205964.221460615 0.036970882 0.004957984 0.045355855 0.908467093 0.001893894 0.002354292 0.002500000 0.000260324 0.104125405 0.003506240 0.478750000 
2698.405526897 1.946365369 3181290.069109821 2605.549488545 1.994798826 -6248569.569015526 0.036970882 0.004957984 0.045355855 0.908467093 0.001893894 0.002354292 0.002500000 0.000265454 0.106177383 0.003556159 0.481250000 
2717.184413741 1.965030018 3081177.841878676 2591.393947723 1.942578092 -6290763.188828615 0.036970882 0.004957984 0.045355855 0.908467093 0.001893894 0.002354292 0.002500000 0.000270700 0.108275998 0.003606498 0.483750000 
2735.655034050 1.983537558 2984621.595452502 2577.359262381 1.891949229 -6332539.967283215 0.036970882 0.004957984 0.045355855 0.908467093 0.001893894 0.002354292 0.002500000 0.000276063 0.110421248 0.003657240 0.486250000 
2753.821647182 2.001888086 2891502.541960122 2563.447176234 1.842868584 -6373895.619942554 0.036970882 0.004957984 0.045355855 0.908467093 0.001893894 0.002354292 0.002500000 0.000281543 0.112613135 0.003708367 0.488750000 
2771.688636107 2.020081856 2801703.886318368 2549.659183170 1.795292686 -6414826.641417895 0.036970882 0.004957984 0.045355855 0.908467093 0.001893894 0.002354292 0.002500000 0.000287139 0.114851657 0.003759865 0.491250000 
2789.260487406 2.038119276 2715111.053012180 2535.996541994 1.749178382 -6455330.256607091 0.036970882 0.004957984 0.045355855 0.908467093 0.001893894 0.002354292 0.002500000 0.000292852 0.117136815 0.003811719 0.493750000 
2806.541772764 2.056000887 2631611.875737271 2522.460290763 1.704482945 -6495404.373451448 0.036970882 0.004957984 0.045355855 0.908467093 0.001893894 0.002354292 0.002500000 0.000298681 0.119468609 0.003863913 0.496250000 
2823.537131900 2.073727356 2551096.753249570 2509.051260668 1.661164175 -6535047.537326546 0.036970882 0.004957984 0.045355855 0.908467093 0.001893894 0.002354292 0.002500000 0.000304627 0.121847039 0.003916435 0.498750000 
2840.251256865 2.091299466 2473458.774615640 2495.770089445 1.619180486 -6574258.887154839 0.036970882 0.004957984 0.045355855 0.908467093 0.001893894 0.002354292 0.002500000 0.000310690 0.124272105 0.003969271 0.501250000 
2856.688877638 2.108718104 2398593.816892473 2482.617234269 1.578490980 -6613038.113302464 0.036970882 0.004957984 0.045355855 0.908467093 0.001893894 0.002354292 0.002500000 0.000316869 0.126743807 0.004022409 0.503750000 
2872.854748958 2.125984254 2326400.618088481 2469.592984141 1.539055504 -6651385.417300394 0.036970882 0.004957984 0.045355855 0.908467093 0.001893894 0.002354292 0.002500000 0.000323165 0.129262144 0.004075837 0.506250000 
2888.753638313 2.143098985 2256780.828074506 2456.697471733 1.500834711 -6689301.473411220 0.036970882 0.004957984 0.045355855 0.908467093 0.001893894 0.002354292 0.002500000 0.000329577 0.131827118 0.004129545 0.508750000 
2904.390315026 2.160063445 2189639.039929010 2443.930684703 1.463790095 -6726787.392045510 0.036970882 0.004957984 0.045355855 0.908467093 0.001893894 0.002354292 0.002500000 0.000336106 0.134438727 0.004183520 0.511250000 
2919.769540371 2.176878851 2124882.804017133 2431.292476472 1.427884030 -6763844.685017900 0.036970882 0.004957984 0.045355855 0.908467093 0.001893894 0.002354292 0.002500000 0.000342752 0.137096972 0.004237753 0.513750000 
2934.896058646 2.193546487 2062422.626922723 2418.782576466 1.393079796 -6800475.232620641 0.036970882 0.004957984 0.045355855 0.908467093 0.001893894 0.002354292 0.002500000 0.000349514 0.139801853 0.004292235 0.516250000 
2949.774589142 2.210067688 2002171.957176931 2406.400599833 1.359341599 -6836681.252482250 0.036970882 0.004957984 0.045355855 0.908467093 0.001893894 0.002354292 0.002500000 0.000356392 0.142553370 0.004346955 0.518750000 
2964.409818955 2.226443842 1944047.159558332 2394.146056643 1.326634586 -6872465.270170541 0.036970882 0.004957984 0.045355855 0.908467093 0.001893894 0.002354292 0.002500000 0.000363388 0.145351523 0.004401905 0.521250000 
2978.806396565 2.242676381 1887967.479578857 2382.018360581 1.294924850 -6907830.091492514 0.036970882 0.004957984 0.045355855 0.908467093 0.001893894 0.002354292 0.002500000 0.000370500 0.148196312 0.004457077 0.523750000 
2992.968926142 2.258766773 1833854.999617763 2370.016837157 1.264179440 -6942778.776438206 0.036970882 0.004957984 0.045355855 0.908467093 0.001893894 0.002354292 0.002500000 0.000377728 0.151087736 0.004512462 0.526250000 
3006.901962514 2.274716522 1781634.588022974 2358.140731424 1.234366356 -6977314.614711429 0.036970882 0.004957984 0.045355855 0.908467093 0.001893894 0.002354292 0.002500000 0.000385073 0.154025797 0.004568052 0.528750000 
3020.610006752 2.290527158 1731233.842365497 2346.389215259 1.205454548 -7011441.102787341 0.036970882 0.004957984 0.045355855 0.908467093 0.001893894 0.002354292 0.002500000 0.000392535 0.157010493 0.004623840 0.531250000 
3034.097502317 2.306200235 1682583.027908566 2334.761394176 1.177413906 -7045161.922434676 0.036970882 0.004957984 0.045355855 0.908467093 0.001893894 0.002354292 0.002500000 0.000400113 0.160041825 0.004679820 0.533750000 
3047.368831732 2.321737328 1635615.012238194 2323.256313741 1.150215253 -7078480.920639131 0.036970882 0.004957984 0.045355855 0.908467093 0.001893894 0.002354292 0.002500000 0.000407808 0.163119793 0.004735984 0.536250000 
3060.428313731 2.337140027 1590265.196896106 2311.872965557 1.123830330 -7111402.090863852 0.036970882 0.004957984 0.045355855 0.908467093 0.001893894 0.002354292 0.002500000 0.000415619 0.166244397 0.004792325 0.538750000 
3073.280200840 2.352409935 1546471.446758842 2300.610292879 1.098231783 -7143929.555582986 0.036970882 0.004957984 0.045355855 0.908467093 0.001893894 0.002354292 0.002500000 0.000423547 0.169415637 0.004848839 0.541250000 
3085.928677365 2.367548664 1504174.017818256 2289.467195850 1.073393146 -7176067.550024811 0.036970882 0.004957984 0.045355855 0.908467093 0.001893894 0.002354292 0.002500000 0.000431592 0.172633513 0.004905517 0.543750000 
3098.377857736 2.382557832 1463315.483937742 2278.442536386 1.049288828 -7207820.407061786 0.036970882 0.004957984 0.045355855 0.908467093 0.001893894 0.002354292 0.002500000 0.000439753 0.175898025 0.004962356 0.546250000 
3110.631785193 2.397439061 1423840.663085351 2267.535142732 1.025894085 -7239192.543186179 0.036970882 0.004957984 0.045355855 0.908467093 0.001893894 0.002354292 0.002500000 0.000448031 0.179209172 0.005019349 0.548750000 
3122.694430759 2.412193973 1385696.543478555 2256.743813697 1.003185009 -7270188.445511636 0.036970882 0.004957984 0.045355855 0.908467093 0.001893894 0.002354292 0.002500000 0.000456425 0.182566955 0.005076492 0.551250000 
3134.569692501 2.426824190 1348832.210015767 2246.067322594 0.981138504 -7300812.659742382 0.036970882 0.004957984 0.045355855 0.908467093 0.001893894 0.002354292 0.002500000 0.000464936 0.185971375 0.005133779 0.553750000 
3146.261395022 2.441331330 1313198.771315945 2235.504420890 0.959732264 -7331069.779054333 0.036970882 0.004957984 0.045355855 0.908467093 0.001893894 0.002354292 0.002500000 0.000473564 0.189422430 0.005191206 0.556250000 
3157.773289189 2.455717007 1278749.287639496 2225.053841603 0.938944756 -7360964.433833671 0.036970882 0.004957984 0.045355855 0.908467093 0.001893894 0.002354292 0.002500000 0.000482308 0.192920121 0.005248767 0.558750000 
3169.109052050 2.469982825 1245438.699920713 2214.714302432 0.918755193 -7390501.282221428 0.036970882 0.004957984 0.045355855 0.908467093 0.001893894 0.002354292 0.002500000 0.000491169 0.196464448 0.005306459 0.561250000 
3180.272286937 2.484130383 1213223.760103723 2204.484508665 0.899143515 -7419685.001413996 0.036970882 0.004957984 0.045355855 0.908467093 0.001893894 0.002354292 0.002500000 0.000500146 0.200055411 0.005364278 0.563750000 
3191.266523722 2.498161269 1182062.962939889 2194.363155853 0.880090368 -7448520.279672337 0.036970882 0.004957984 0.045355855 0.908467093 0.001893894 0.002354292 0.002500000 0.000509240 0.203693009 0.005422219 0.566250000 
3202.095219226 2.512077059 1151916.479374562 2184.348932286 0.861577080 -7477011.808994628 0.036970882 0.004957984 0.045355855 0.908467093 0.001893894 0.002354292 0.002500000 0.000518451 0.207377244 0.005480278 0.568750000 
3212.761757740 2.525879317 1122746.091624561 2174.440521265 0.843585643 -7505164.278409170 0.036970882 0.004957984 0.045355855 0.908467093 0.001893894 0.002354292 0.002500000 0.000527778 0.211108114 0.005538452 0.571250000 
3223.269451671 2.539569594 1094515.130024437 2164.636603198 0.826098687 -7532982.367846918 0.036970882 0.004957984 0.045355855 0.908467093 0.001893894 0.002354292 0.002500000 0.000537222 0.214885621 0.005596737 0.573750000 
3233.621542280 2.553149426 1067188.411699155 2154.935857519 0.809099464 -7560470.742554906 0.036970882 0.004957984 0.045355855 0.908467093 0.001893894 0.002354292 0.002500000 0.000546782 0.218709763 0.005655130 0.576250000 
3243.821200503 2.566620336 1040732.181103052 2145.336964450 0.792571823 -7587634.048013842 0.036970882 0.004957984 0.045355855 0.908467093 0.001893894 0.002354292 0.002500000 0.000556459 0.222580541 0.005713628 0.578750000 
3253.871527856 2.579983828 1015114.052449449 2135.838606614 0.776500193 -7614476.905325473 0.036970882 0.004957984 0.045355855 0.908467093 0.001893894 0.002354292 0.002500000 0.000566252 0.226497955 0.005772226 0.581250000 
3263.775557392 2.593241393 990302.954041918 2126.439470504 0.760869561 -7641003.907037073 0.036970882 0.004957984 0.045355855 0.908467093 0.001893894 0.002354292 0.002500000 0.000576162 0.230462005 0.005830923 0.583750000 
3273.536254724 2.606394503 966269.074506774 2117.138247828 0.745665453 -7667219.613372276 0.036970882 0.004957984 0.045355855 0.908467093 0.001893894 0.002354292 0.002500000 0.000586189 0.234472690 0.005889715 0.586250000 
3283.156519087 2.619444613 942983.810916496 2107.933636724 0.730873917 -7693128.548839470 0.036970882 0.004957984 0.045355855 0.908467093 0.001893894 0.002354292 0.002500000 0.000596332 0.238530012 0.005948600 0.588750000 
3292.639184446 2.632393161 920419.718785476 2098.824342874 0.716481502 -7718735.199190606 0.036970882 0.004957984 0.045355855 0.908467093 0.001893894 0.002354292 0.002500000 0.000606592 0.242633970 0.006007574 0.591250000 
3301.987020626 2.645241564 898550.463912476 2089.809080500 0.702475240 -7744044.008704768 0.036970882 0.004957984 0.045355855 0.908467093 0.001893894 0.002354292 0.002500000 0.000616969 0.246784563 0.006066635 0.593750000 
3311.202734479 2.657991225 877350.776038371 2080.886573270 0.688842632 -7769059.377772878 0.036970882 0.004957984 0.045355855 0.908467093 0.001893894 0.002354292 0.002500000 0.000627462 0.250981792 0.006125781 0.596250000 
3320.288971063 2.670643525 856796.404282856 2072.055555114 0.675571625 -7793785.660760893 0.036970882 0.004957984 0.045355855 0.908467093 0.001893894 0.002354292 0.002500000 0.000638071 0.255225657 0.006185009 0.598750000 
3329.248314837 2.683199827 836864.074320020 2063.314770947 0.662650603 -7818227.164130709 0.036970882 0.004957984 0.045355855 0.908467093 0.001893894 0.002354292 0.002500000 0.000648798 0.259516158 0.006244317 0.601250000 
3338.083290869 2.695661476 817531.447249395 2054.662977325 0.650068365 -7842388.144799045 0.036970882 0.004957984 0.045355855 0.908467093 0.001893894 0.002354292 0.002500000 0.000659640 0.263853295 0.006303702 0.603750000 
3346.796366048 2.708029797 798777.080116906 2046.098943020 0.637814113 -7866272.808716070 0.036970882 0.004957984 0.045355855 0.908467093 0.001893894 0.002354292 0.002500000 0.000670600 0.268237068 0.006363163 0.606250000 
3355.389950300 2.720306096 780580.388038082 2037.621449534 0.625877433 -7889885.309646576 0.036970882 0.004957984 0.045355855 0.908467093 0.001893894 0.002354292 0.002500000 0.000681676 0.272667477 0.006422697 0.608750000 
3363.866397801 2.732491660 762921.607874816 2029.229291544 0.614248286 -7913229.748137862 0.036970882 0.004957984 0.045355855 0.908467093 0.001893894 0.002354292 0.002500000 0.000692868 0.277144521 0.006482302 0.611250000 
3372.228008187 2.744587757 745781.763415995 2020.921277296 0.602916992 -7936310.170659275 0.036970882 0.004957984 0.045355855 0.908467093 0.001893894 0.002354292 0.002500000 0.000704177 0.281668202 0.006541977 0.613750000 
3380.477027757 2.756595636 729142.632011975 2012.696228945 0.591874214 -7959130.568899585 0.036970882 0.004957984 0.045355855 0.908467093 0.001893894 0.002354292 0.002500000 0.000715603 0.286238518 0.006601719 0.616250000 
3388.615650671 2.768516526 712986.712612674 2004.552982840 0.581110948 -7981694.879209429 0.036970882 0.004957984 0.045355855 0.908467093 0.001893894 0.002354292 0.002500000 0.000727146 0.290855470 0.006661527 0.618750000 
3396.646020132 2.780351638 697297.195159381 1996.490389771 0.570618509 -8004006.982176427 0.036970882 0.004957984 0.045355855 0.908467093 0.001893894 0.002354292 0.002500000 0.000738804 0.295519058 0.006721398 0.621250000 
3404.570229560 2.792102165 682057.931280629 1988.507315174 0.560388522 -8026070.702322224 0.036970882 0.004957984 0.045355855 0.908467093 0.001893894 0.002354292 0.002500000 0.000750580 0.300229282 0.006781332 0.623750000 
3412.390323745 2.803769279 667253.406243315 1980.602639292 0.550412903 -8047889.807910689 0.036970882 0.004957984 0.045355855 0.908467093 0.001893894 0.002354292 0.002500000 0.000762472 0.304986142 0.006841326 0.626250000 
3420.108299997 2.815354136 652868.712110848 1972.775257303 0.540683858 -8069468.010857796 0.036970882 0.004957984 0.045355855 0.908467093 0.001893894 0.002354292 0.002500000 0.000774481 0.309789637 0.006901380 0.628750000 
3427.726109266 2.826857871 638889.522061213 1965.024079423 0.531193864 -8090808.966734206 0.036970882 0.004957984 0.045355855 0.908467093 0.001893894 0.002354292 0.002500000 0.000786606 0.314639769 0.006961490 0.631250000 
3435.245657253 2.838281603 625302.065818804 1957.348030969 0.521935661 -8111916.274852057 0.036970882 0.004957984 0.045355855 0.908467093 0.001893894 0.002354292 0.002500000 0.000798848 0.319536536 0.007021657 0.633750000 
3442.668805499 2.849626431 612093.106155017 1949.746052400 0.512902244 -8132793.478428520 0.036970882 0.004957984 0.045355855 0.908467093 0.001893894 0.002354292 0.002500000 0.000811207 0.324479940 0.007081878 0.636250000 
3449.997372457 2.860893439 599249.916413877 1942.217099332 0.504086851 -8153444.064818685 0.036970882 0.004957984 0.045355855 0.908467093 0.001893894 0.002354292 0.002500000 0.000823682 0.329469979 0.007142153 0.638750000 
3457.233134546 2.872083690 586760.259020179 1934.760142534 0.495482956 -8173871.465811259 0.036970882 0.004957984 0.045355855 0.908467093 0.001893894 0.002354292 0.002500000 0.000836273 0.334506654 0.007202479 0.641250000 
3464.377827178 2.883198232 574612.364928938 1927.374167897 0.487084258 -8194079.057981030 0.036970882 0.004957984 0.045355855 0.908467093 0.001893894 0.002354292 0.002500000 0.000848981 0.339589965 0.007262856 0.643750000 
3471.433145773 2.894238094 562794.913976295 1920.058176389 0.478884672 -8214070.163092209 0.036970882 0.004957984 0.045355855 0.908467093 0.001893894 0.002354292 0.002500000 0.000861806 0.344719912 0.007323282 0.646250000 
3478.400746748 2.905204290 551297.016093368 1912.811183991 0.470878325 -8233848.048547576 0.036970882 0.004957984 0.045355855 0.908467093 0.001893894 0.002354292 0.002500000 0.000874748 0.349896495 0.007383756 0.648750000 
3485.282248488 2.916097815 540108.193345842 1905.632221617 0.463059543 -8253415.927878441 0.036970882 0.004957984 0.045355855 0.908467093 0.001893894 0.002354292 0.002500000 0.000887806 0.355119713 0.007444277 0.651250000 
3492.079232297 2.926919649 529218.362763496 1898.520335024 0.455422845 -8272776.961271066 0.036970882 0.004957984 0.045355855 0.908467093 0.001893894 0.002354292 0.002500000 0.000900980 0.360389568 0.007504844 0.653750000 
3498.793243322 2.937670755 518617.819925145 1891.474584703 0.447962939 -8291934.256125256 0.036970882 0.004957984 0.045355855 0.908467093 0.001893894 0.002354292 0.002500000 0.000914272 0.365706058 0.007565455 0.656250000 
3505.425791464 2.948352081 508297.223265833 1884.494045765 0.440674711 -8310890.867641508 0.036970882 0.004957984 0.045355855 0.908467093 0.001893894 0.002354292 0.002500000 0.000927679 0.371069184 0.007626110 0.658750000 
3511.978352265 2.958964557 498247.579074379 1877.577807812 0.433553218 -8329649.799432904 0.036970882 0.004957984 0.045355855 0.908467093 0.001893894 0.002354292 0.002500000 0.000941204 0.376478947 0.007686808 0.661250000 
3518.452367772 2.969509100 488460.227150642 1870.724974800 0.426593686 -8348214.004158786 0.036970882 0.004957984 0.045355855 0.908467093 0.001893894 0.002354292 0.002500000 0.000954845 0.381935345 0.007747547 0.663750000 
3524.849247384 2.979986609 478926.827093140 1863.934664897 0.419791499 -8366586.384177173 0.036970882 0.004957984 0.045355855 0.908467093 0.001893894 0.002354292 0.002500000 0.000968602 0.387438378 0.007808327 0.666250000 
3531.170368679 2.990397971 469639.345188851 1857.206010332 0.413142196 -8384769.792213007 0.036970882 0.004957984 0.045355855 0.908467093 0.001893894 0.002354292 0.002500000 0.000982476 0.392988048 0.007869147 0.668750000 
3537.417078216 3.000744055 460590.041878189 1850.538157235 0.406641464 -8402767.032039894 0.036970882 0.004957984 0.045355855 0.908467093 0.001893894 0.002354292 0.002500000 0.000996467 0.398584354 0.007930005 0.671250000 
3543.590692324 3.011025718 451771.459769307 1843.930265474 0.400285132 -8420580.859172948 0.036970882 0.004957984 0.045355855 0.908467093 0.001893894 0.002354292 0.002500000 0.001010575 0.404227295 0.007990901 0.673750000 
3549.692497866 3.021243800 443176.412176972 1837.381508492 0.394069168 -8438213.981570737 0.036970882 0.004957984 0.045355855 0.908467093 0.001893894 0.002354292 0.002500000 0.001024798 0.409916873 0.008051834 0.676250000 
3555.723752989 3.031399130 434797.972162341 1830.891073127 0.387989670 -8455669.060344126 0.036970882 0.004957984 0.045355855 0.908467093 0.001893894 0.002354292 0.002500000 0.001039139 0.415653086 0.008112804 0.678750000 
