Sim: 4
Label: rocket
Time: 0.003000004367293673
Description: Test run of cold flow MSSE simulation with Ma 0.1 initialisation
Variables: 17
vel_x Ma p T rho u massf_H2 massf_O2 massf_OH massf_H2O massf_H massf_O dx dV A_c A_s pos_x
365.660365154 0.226522733 21613667.702664893 3571.095686847 9.888311603 -3261009.097409993 0.036970882 0.004957984 0.045355855 0.908467093 0.001893894 0.002354292 0.002500000 0.000397608 0.159043128 0.003534292 0.001250000 
366.368916969 0.226964182 21603865.048517261 3571.014424316 9.884051780 -3261267.969470473 0.036970882 0.004957984 0.045355855 0.908467093 0.001893894 0.002354292 0.002500000 0.000397608 0.159043128 0.003534292 0.003750000 
366.528136694 0.227063693 21601421.355979796 3570.986095569 9.883012160 -3261358.214027879 0.036970882 0.004957984 0.045355855 0.908467093 0.001893894 0.002354292 0.002500000 0.000397608 0.159043128 0.003534292 0.006250000 
366.572632950 0.227091791 21600515.890518907 3570.968854027 9.882645610 -3261413.138929757 0.036970882 0.004957984 0.045355855 0.908467093 0.001893894 0.002354292 0.002500000 0.000397608 0.159043128 0.003534292 0.008750000 
366.593179532 0.227104980 21599931.852290068 3570.953952272 9.882419641 -3261460.610133786 0.036970882 0.004957984 0.045355855 0.908467093 0.001893894 0.002354292 0.002500000 0.000397608 0.159043128 0.003534292 0.011250000 
366.608745008 0.227115067 21599414.956895851 3570.939566980 9.882222960 -3261506.436052943 0.036970882 0.004957984 0.045355855 0.908467093 0.001893894 0.002354292 0.002500000 0.000397608 0.159043128 0.003534292 0.013750000 
366.623290510 0.227124518 21598912.132960893 3570.925322096 9.882032327 -3261551.814655494 0.036970882 0.004957984 0.045355855 0.908467093 0.001893894 0.002354292 0.002500000 0.000397608 0.159043128 0.003534292 0.016250000 
366.637640248 0.227133846 21598412.369454142 3570.911143972 9.881842909 -3261596.980552761 0.036970882 0.004957984 0.045355855 0.908467093 0.001893894 0.002354292 0.002500000 0.000397608 0.159043128 0.003534292 0.018750000 
366.651962780 0.227143155 21597913.446493592 3570.897022106 9.881653717 -3261641.967206265 0.036970882 0.004957984 0.045355855 0.908467093 0.001893894 0.002354292 0.002500000 0.000397608 0.159043128 0.003534292 0.021250000 
366.666289657 0.227152466 21597414.981211156 3570.882959129 9.881464571 -3261686.766229196 0.036970882 0.004957984 0.045355855 0.908467093 0.001893894 0.002354292 0.002500000 0.000397608 0.159043128 0.003534292 0.023750000 
366.680623824 0.227161778 21596916.974238448 3570.868960353 9.881275455 -3261731.360702198 0.036970882 0.004957984 0.045355855 0.908467093 0.001893894 0.002354292 0.002500000 0.000397608 0.159043128 0.003534292 0.026250000 
366.694962281 0.227171091 21596419.505909730 3570.855031574 9.881086390 -3261775.732164736 0.036970882 0.004957984 0.045355855 0.908467093 0.001893894 0.002354292 0.002500000 0.000397608 0.159043128 0.003534292 0.028750000 
366.709300815 0.227180402 21595922.672758427 3570.841178602 9.880897404 -3261819.862106458 0.036970882 0.004957984 0.045355855 0.908467093 0.001893894 0.002354292 0.002500000 0.000397608 0.159043128 0.003534292 0.031250000 
366.723634995 0.227189708 21595426.574232791 3570.827407155 9.880708528 -3261863.732309493 0.036970882 0.004957984 0.045355855 0.908467093 0.001893894 0.002354292 0.002500000 0.000397608 0.159043128 0.003534292 0.033750000 
366.737960373 0.227199006 21594931.309906390 3570.813722830 9.880519791 -3261907.324950560 0.036970882 0.004957984 0.045355855 0.908467093 0.001893894 0.002354292 0.002500000 0.000397608 0.159043128 0.003534292 0.036250000 
366.752272536 0.227208293 21594436.978881370 3570.800131081 9.880331223 -3261950.622652684 0.036970882 0.004957984 0.045355855 0.908467093 0.001893894 0.002354292 0.002500000 0.000397608 0.159043128 0.003534292 0.038750000 
366.766567109 0.227217565 21593943.679650545 3570.786637210 9.880142856 -3261993.608525921 0.036970882 0.004957984 0.045355855 0.908467093 0.001893894 0.002354292 0.002500000 0.000397608 0.159043128 0.003534292 0.041250000 
366.780839762 0.227226821 21593451.510055307 3570.773246355 9.879954718 -3262036.266205353 0.036970882 0.004957984 0.045355855 0.908467093 0.001893894 0.002354292 0.002500000 0.000397608 0.159043128 0.003534292 0.043750000 
366.795086210 0.227236058 21592960.567263730 3570.759963476 9.879766842 -3262078.579887833 0.036970882 0.004957984 0.045355855 0.908467093 0.001893894 0.002354292 0.002500000 0.000397608 0.159043128 0.003534292 0.046250000 
366.809302214 0.227245272 21592470.947753157 3570.746793348 9.879579258 -3262120.534367684 0.036970882 0.004957984 0.045355855 0.908467093 0.001893894 0.002354292 0.002500000 0.000397608 0.159043128 0.003534292 0.048750000 
366.823483582 0.227254461 21591982.747293811 3570.733740546 9.879391997 -3262162.115071324 0.036970882 0.004957984 0.045355855 0.908467093 0.001893894 0.002354292 0.002500000 0.000397608 0.159043128 0.003534292 0.051250000 
366.837626170 0.227263623 21591496.060932886 3570.720809435 9.879205090 -3262203.308090638 0.036970882 0.004957984 0.045355855 0.908467093 0.001893894 0.002354292 0.002500000 0.000397608 0.159043128 0.003534292 0.053750000 
366.851725881 0.227272754 21591010.982978925 3570.708004163 9.879018571 -3262244.100214994 0.036970882 0.004957984 0.045355855 0.908467093 0.001893894 0.002354292 0.002500000 0.000397608 0.159043128 0.003534292 0.056250000 
366.865778670 0.227281851 21590527.606986396 3570.695328648 9.878832469 -3262284.478961725 0.036970882 0.004957984 0.045355855 0.908467093 0.001893894 0.002354292 0.002500000 0.000397608 0.159043128 0.003534292 0.058750000 
366.879780539 0.227290914 21590046.025740348 3570.682786572 9.878646819 -3262324.432605019 0.036970882 0.004957984 0.045355855 0.908467093 0.001893894 0.002354292 0.002500000 0.000397608 0.159043128 0.003534292 0.061250000 
366.893727543 0.227299938 21589566.331241749 3570.670381370 9.878461651 -3262363.950203045 0.036970882 0.004957984 0.045355855 0.908467093 0.001893894 0.002354292 0.002500000 0.000397608 0.159043128 0.003534292 0.063750000 
366.907615790 0.227308921 21589088.614692546 3570.658116222 9.878277000 -3262403.021623247 0.036970882 0.004957984 0.045355855 0.908467093 0.001893894 0.002354292 0.002500000 0.000397608 0.159043128 0.003534292 0.066250000 
366.921441436 0.227317861 21588612.966481294 3570.645994049 9.878092899 -3262441.637565710 0.036970882 0.004957984 0.045355855 0.908467093 0.001893894 0.002354292 0.002500000 0.000397608 0.159043128 0.003534292 0.068750000 
366.935200695 0.227326756 21588139.476168945 3570.634017503 9.877909381 -3262479.789584478 0.036970882 0.004957984 0.045355855 0.908467093 0.001893894 0.002354292 0.002500000 0.000397608 0.159043128 0.003534292 0.071250000 
366.948889832 0.227335603 21587668.232474767 3570.622188959 9.877726480 -3262517.470106866 0.036970882 0.004957984 0.045355855 0.908467093 0.001893894 0.002354292 0.002500000 0.000397608 0.159043128 0.003534292 0.073750000 
366.962505167 0.227344399 21587199.323262714 3570.610510517 9.877544230 -3262554.672450504 0.036970882 0.004957984 0.045355855 0.908467093 0.001893894 0.002354292 0.002500000 0.000397608 0.159043128 0.003534292 0.076250000 
366.976043077 0.227353143 21586732.835527841 3570.598983991 9.877362668 -3262591.390838313 0.036970882 0.004957984 0.045355855 0.908467093 0.001893894 0.002354292 0.002500000 0.000397608 0.159043128 0.003534292 0.078750000 
366.989499992 0.227361831 21586268.855383050 3570.587610905 9.877181827 -3262627.620411132 0.036970882 0.004957984 0.045355855 0.908467093 0.001893894 0.002354292 0.002500000 0.000397608 0.159043128 0.003534292 0.081250000 
367.002872400 0.227370463 21585807.468046166 3570.576392494 9.877001744 -3262663.357238119 0.036970882 0.004957984 0.045355855 0.908467093 0.001893894 0.002354292 0.002500000 0.000397608 0.159043128 0.003534292 0.083750000 
367.016156848 0.227379035 21585348.757827036 3570.565329699 9.876822453 -3262698.598324829 0.036970882 0.004957984 0.045355855 0.908467093 0.001893894 0.002354292 0.002500000 0.000397608 0.159043128 0.003534292 0.086250000 
367.029349938 0.227387546 21584892.808115140 3570.554423164 9.876643993 -3262733.341618909 0.036970882 0.004957984 0.045355855 0.908467093 0.001893894 0.002354292 0.002500000 0.000397608 0.159043128 0.003534292 0.088750000 
367.042448331 0.227395994 21584439.701367211 3570.543673236 9.876466399 -3262767.586013492 0.036970882 0.004957984 0.045355855 0.908467093 0.001893894 0.002354292 0.002500000 0.000397608 0.159043128 0.003534292 0.091250000 
367.055448749 0.227404376 21583989.519095331 3570.533079967 9.876289709 -3262801.331348101 0.036970882 0.004957984 0.045355855 0.908467093 0.001893894 0.002354292 0.002500000 0.000397608 0.159043128 0.003534292 0.093750000 
367.068347972 0.227412690 21583542.341855031 3570.522643109 9.876113961 -3262834.578407234 0.036970882 0.004957984 0.045355855 0.908467093 0.001893894 0.002354292 0.002500000 0.000397608 0.159043128 0.003534292 0.096250000 
367.081142839 0.227420935 21583098.249233931 3570.512362123 9.875939191 -3262867.328916441 0.036970882 0.004957984 0.045355855 0.908467093 0.001893894 0.002354292 0.002500000 0.000397608 0.159043128 0.003534292 0.098750000 
367.093830251 0.227429109 21582657.319840368 3570.502236172 9.875765440 -3262899.585535930 0.036970882 0.004957984 0.045355855 0.908467093 0.001893894 0.002354292 0.002500000 0.000397608 0.159043128 0.003534292 0.101250000 
367.106407172 0.227437209 21582219.631292410 3570.492264132 9.875592744 -3262931.351851734 0.036970882 0.004957984 0.045355855 0.908467093 0.001893894 0.002354292 0.002500000 0.000397608 0.159043128 0.003534292 0.103750000 
367.118870624 0.227445235 21581785.260207143 3570.482444590 9.875421144 -3262962.632364291 0.036970882 0.004957984 0.045355855 0.908467093 0.001893894 0.002354292 0.002500000 0.000397608 0.159043128 0.003534292 0.106250000 
367.131217694 0.227453183 21581354.282190185 3570.472775851 9.875250678 -3262993.432474523 0.036970882 0.004957984 0.045355855 0.908467093 0.001893894 0.002354292 0.002500000 0.000397608 0.159043128 0.003534292 0.108750000 
367.143445529 0.227461054 21580926.771825381 3570.463255941 9.875081387 -3263023.758467311 0.036970882 0.004957984 0.045355855 0.908467093 0.001893894 0.002354292 0.002500000 0.000397608 0.159043128 0.003534292 0.111250000 
367.155551343 0.227468844 21580502.802664910 3570.453882617 9.874913309 -3263053.617492335 0.036970882 0.004957984 0.045355855 0.908467093 0.001893894 0.002354292 0.002500000 0.000397608 0.159043128 0.003534292 0.113750000 
367.167532408 0.227476552 21580082.447219558 3570.444653370 9.874746486 -3263083.017542317 0.036970882 0.004957984 0.045355855 0.908467093 0.001893894 0.002354292 0.002500000 0.000397608 0.159043128 0.003534292 0.116250000 
367.179386066 0.227484177 21579665.776949231 3570.435565434 9.874580958 -3263111.967428581 0.036970882 0.004957984 0.045355855 0.908467093 0.001893894 0.002354292 0.002500000 0.000397608 0.159043128 0.003534292 0.118750000 
367.191109718 0.227491718 21579252.862253822 3570.426615795 9.874416764 -3263140.476753859 0.036970882 0.004957984 0.045355855 0.908467093 0.001893894 0.002354292 0.002500000 0.000397608 0.159043128 0.003534292 0.121250000 
367.202700834 0.227499172 21578843.772464253 3570.417801199 9.874253947 -3263168.555882487 0.036970882 0.004957984 0.045355855 0.908467093 0.001893894 0.002354292 0.002500000 0.000397608 0.159043128 0.003534292 0.123750000 
367.214156945 0.227506538 21578438.575833827 3570.409118164 9.874092546 -3263196.215907754 0.036970882 0.004957984 0.045355855 0.908467093 0.001893894 0.002354292 0.002500000 0.000397608 0.159043128 0.003534292 0.126250000 
367.225475650 0.227513815 21578037.339529838 3570.400562990 9.873932604 -3263223.468616601 0.036970882 0.004957984 0.045355855 0.908467093 0.001893894 0.002354292 0.002500000 0.000397608 0.159043128 0.003534292 0.128750000 
367.236654614 0.227521002 21577640.129625447 3570.392131772 9.873774160 -3263250.326451569 0.036970882 0.004957984 0.045355855 0.908467093 0.001893894 0.002354292 0.002500000 0.000397608 0.159043128 0.003534292 0.131250000 
367.247691567 0.227528097 21577247.011091862 3570.383820410 9.873617256 -3263276.802470022 0.036970882 0.004957984 0.045355855 0.908467093 0.001893894 0.002354292 0.002500000 0.000397608 0.159043128 0.003534292 0.133750000 
367.258584304 0.227535100 21576858.047790702 3570.375624627 9.873461933 -3263302.910300712 0.036970882 0.004957984 0.045355855 0.908467093 0.001893894 0.002354292 0.002500000 0.000397608 0.159043128 0.003534292 0.136250000 
367.269330690 0.227542008 21576473.302466687 3570.367539978 9.873308232 -3263328.664097721 0.036970882 0.004957984 0.045355855 0.908467093 0.001893894 0.002354292 0.002500000 0.000397608 0.159043128 0.003534292 0.138750000 
367.279928653 0.227548821 21576092.836740665 3570.359561872 9.873156195 -3263354.078491889 0.036970882 0.004957984 0.045355855 0.908467093 0.001893894 0.002354292 0.002500000 0.000397608 0.159043128 0.003534292 0.141250000 
367.290376192 0.227555537 21575716.711102780 3570.351685582 9.873005861 -3263379.168539717 0.036970882 0.004957984 0.045355855 0.908467093 0.001893894 0.002354292 0.002500000 0.000397608 0.159043128 0.003534292 0.143750000 
367.300671370 0.227562157 21575344.984905977 3570.343906264 9.872857271 -3263403.949669991 0.036970882 0.004957984 0.045355855 0.908467093 0.001893894 0.002354292 0.002500000 0.000397608 0.159043128 0.003534292 0.146250000 
367.310812318 0.227568678 21574977.716359779 3570.336218977 9.872710466 -3263428.437628163 0.036970882 0.004957984 0.045355855 0.908467093 0.001893894 0.002354292 0.002500000 0.000397608 0.159043128 0.003534292 0.148750000 
367.320797237 0.227575099 21574614.962524422 3570.328618695 9.872565486 -3263452.648418662 0.036970882 0.004957984 0.045355855 0.908467093 0.001893894 0.002354292 0.002500000 0.000397608 0.159043128 0.003534292 0.151250000 
367.330624394 0.227581420 21574256.779305033 3570.321100333 9.872422371 -3263476.598245380 0.036970882 0.004957984 0.045355855 0.908467093 0.001893894 0.002354292 0.002500000 0.000397608 0.159043128 0.003534292 0.153750000 
367.340292124 0.227587640 21573903.221446395 3570.313658760 9.872281158 -3263500.303450420 0.036970882 0.004957984 0.045355855 0.908467093 0.001893894 0.002354292 0.002500000 0.000397608 0.159043128 0.003534292 0.156250000 
367.349798831 0.227593758 21573554.342527710 3570.306288822 9.872141889 -3263523.780451419 0.036970882 0.004957984 0.045355855 0.908467093 0.001893894 0.002354292 0.002500000 0.000397608 0.159043128 0.003534292 0.158750000 
367.359142986 0.227599774 21573210.194957826 3570.298985363 9.872004600 -3263547.045677668 0.036970882 0.004957984 0.045355855 0.908467093 0.001893894 0.002354292 0.002500000 0.000397608 0.159043128 0.003534292 0.161250000 
367.368323129 0.227605686 21572870.829970650 3570.291743240 9.871869329 -3263570.115505174 0.036970882 0.004957984 0.045355855 0.908467093 0.001893894 0.002354292 0.002500000 0.000397608 0.159043128 0.003534292 0.163750000 
367.377337870 0.227611493 21572536.297620874 3570.284557352 9.871736114 -3263593.006191146 0.036970882 0.004957984 0.045355855 0.908467093 0.001893894 0.002354292 0.002500000 0.000397608 0.159043128 0.003534292 0.166250000 
367.386185884 0.227617196 21572206.646779951 3570.277422652 9.871604991 -3263615.733807956 0.036970882 0.004957984 0.045355855 0.908467093 0.001893894 0.002354292 0.002500000 0.000397608 0.159043128 0.003534292 0.168750000 
367.394865919 0.227622794 21571881.925132439 3570.270334173 9.871475994 -3263638.314177008 0.036970882 0.004957984 0.045355855 0.908467093 0.001893894 0.002354292 0.002500000 0.000397608 0.159043128 0.003534292 0.171250000 
367.403376786 0.227628285 21571562.179172456 3570.263287050 9.871349160 -3263660.762802775 0.036970882 0.004957984 0.045355855 0.908467093 0.001893894 0.002354292 0.002500000 0.000397608 0.159043128 0.003534292 0.173750000 
367.411717371 0.227633669 21571247.454200596 3570.256276534 9.871224522 -3263683.094807250 0.036970882 0.004957984 0.045355855 0.908467093 0.001893894 0.002354292 0.002500000 0.000397608 0.159043128 0.003534292 0.176250000 
367.419886622 0.227638947 21570937.794321034 3570.249298019 9.871102113 -3263705.324865168 0.036970882 0.004957984 0.045355855 0.908467093 0.001893894 0.002354292 0.002500000 0.000397608 0.159043128 0.003534292 0.178750000 
367.427883561 0.227644117 21570633.242438871 3570.242347058 9.870981965 -3263727.467140246 0.036970882 0.004957984 0.045355855 0.908467093 0.001893894 0.002354292 0.002500000 0.000397608 0.159043128 0.003534292 0.181250000 
367.435707276 0.227649179 21570333.840257872 3570.235419386 9.870864108 -3263749.535222725 0.036970882 0.004957984 0.045355855 0.908467093 0.001893894 0.002354292 0.002500000 0.000397608 0.159043128 0.003534292 0.183750000 
367.443356922 0.227654132 21570039.628278449 3570.228510935 9.870748573 -3263771.542068480 0.036970882 0.004957984 0.045355855 0.908467093 0.001893894 0.002354292 0.002500000 0.000397608 0.159043128 0.003534292 0.186250000 
367.450831726 0.227658977 21569750.645795759 3570.221617856 9.870635388 -3263793.499939915 0.036970882 0.004957984 0.045355855 0.908467093 0.001893894 0.002354292 0.002500000 0.000397608 0.159043128 0.003534292 0.188750000 
367.458130979 0.227663712 21569466.930898402 3570.214736535 9.870524580 -3263815.420348940 0.036970882 0.004957984 0.045355855 0.908467093 0.001893894 0.002354292 0.002500000 0.000397608 0.159043128 0.003534292 0.191250000 
367.465254044 0.227668338 21569188.520467099 3570.207863611 9.870416177 -3263837.314002151 0.036970882 0.004957984 0.045355855 0.908467093 0.001893894 0.002354292 0.002500000 0.000397608 0.159043128 0.003534292 0.193750000 
367.472200349 0.227672855 21568915.450173814 3570.200995992 9.870310202 -3263859.190748471 0.036970882 0.004957984 0.045355855 0.908467093 0.001893894 0.002354292 0.002500000 0.000397608 0.159043128 0.003534292 0.196250000 
367.478969391 0.227677261 21568647.754481133 3570.194130871 9.870206679 -3263881.059529315 0.036970882 0.004957984 0.045355855 0.908467093 0.001893894 0.002354292 0.002500000 0.000397608 0.159043128 0.003534292 0.198750000 
367.485560736 0.227681557 21568385.466641854 3570.187265741 9.870105630 -3263902.928331494 0.036970882 0.004957984 0.045355855 0.908467093 0.001893894 0.002354292 0.002500000 0.000397608 0.159043128 0.003534292 0.201250000 
367.491974014 0.227685744 21568128.618698899 3570.180398408 9.870007077 -3263924.804142958 0.036970882 0.004957984 0.045355855 0.908467093 0.001893894 0.002354292 0.002500000 0.000397608 0.159043128 0.003534292 0.203750000 
367.498208925 0.227689819 21567877.241485592 3570.173527006 9.869911038 -3263946.692911316 0.036970882 0.004957984 0.045355855 0.908467093 0.001893894 0.002354292 0.002500000 0.000397608 0.159043128 0.003534292 0.206250000 
367.504265236 0.227693785 21567631.364626050 3570.166650005 9.869817531 -3263968.599505384 0.036970882 0.004957984 0.045355855 0.908467093 0.001893894 0.002354292 0.002500000 0.000397608 0.159043128 0.003534292 0.208750000 
367.510142779 0.227697640 21567391.016535897 3570.159766227 9.869726573 -3263990.527679606 0.036970882 0.004957984 0.045355855 0.908467093 0.001893894 0.002354292 0.002500000 0.000397608 0.159043128 0.003534292 0.211250000 
367.515841453 0.227701384 21567156.224423420 3570.152874854 9.869638178 -3264012.480041416 0.036970882 0.004957984 0.045355855 0.908467093 0.001893894 0.002354292 0.002500000 0.000397608 0.159043128 0.003534292 0.213750000 
367.521361224 0.227705017 21566927.014290713 3570.145975437 9.869552359 -3264034.458021531 0.036970882 0.004957984 0.045355855 0.908467093 0.001893894 0.002354292 0.002500000 0.000397608 0.159043128 0.003534292 0.216250000 
367.526702124 0.227708541 21566703.410935335 3570.139067903 9.869469128 -3264056.461847097 0.036970882 0.004957984 0.045355855 0.908467093 0.001893894 0.002354292 0.002500000 0.000397608 0.159043128 0.003534292 0.218750000 
367.531864250 0.227711953 21566485.437952150 3570.132152568 9.869388495 -3264078.490517572 0.036970882 0.004957984 0.045355855 0.908467093 0.001893894 0.002354292 0.002500000 0.000397608 0.159043128 0.003534292 0.221250000 
367.536847764 0.227715255 21566273.117735397 3570.125230137 9.869310468 -3264100.541783444 0.036970882 0.004957984 0.045355855 0.908467093 0.001893894 0.002354292 0.002500000 0.000397608 0.159043128 0.003534292 0.223750000 
367.541652892 0.227718447 21566066.471481092 3570.118301715 9.869235054 -3264122.612127468 0.036970882 0.004957984 0.045355855 0.908467093 0.001893894 0.002354292 0.002500000 0.000397608 0.159043128 0.003534292 0.226250000 
367.546279928 0.227721529 21565865.519189697 3570.111368808 9.869162258 -3264144.696748525 0.036970882 0.004957984 0.045355855 0.908467093 0.001893894 0.002354292 0.002500000 0.000397608 0.159043128 0.003534292 0.228750000 
367.550729226 0.227724500 21565670.279668987 3570.104433332 9.869092083 -3264166.789547923 0.036970882 0.004957984 0.045355855 0.908467093 0.001893894 0.002354292 0.002500000 0.000397608 0.159043128 0.003534292 0.231250000 
367.555001206 0.227727362 21565480.770537291 3570.097497611 9.869024531 -3264188.883118101 0.036970882 0.004957984 0.045355855 0.908467093 0.001893894 0.002354292 0.002500000 0.000397608 0.159043128 0.003534292 0.233750000 
367.559096352 0.227730114 21565297.008226939 3570.090564385 9.868959601 -3264210.967506136 0.036970882 0.004957984 0.045355855 0.908467093 0.001893894 0.002354292 0.002500000 0.000397608 0.159043128 0.003534292 0.236250000 
367.563015208 0.227732757 21565119.007988434 3570.083636809 9.868897293 -3264233.036344361 0.036970882 0.004957984 0.045355855 0.908467093 0.001893894 0.002354292 0.002500000 0.000397608 0.159043128 0.003534292 0.238750000 
367.566758390 0.227735290 21564946.783984758 3570.076718454 9.868837602 -3264255.074573183 0.036970882 0.004957984 0.045355855 0.908467093 0.001893894 0.002354292 0.002500000 0.000397608 0.159043128 0.003534292 0.241250000 
367.570327680 0.227737715 21564780.364239417 3570.069813206 9.868780531 -3264277.071045004 0.036970882 0.004957984 0.045355855 0.908467093 0.001893894 0.002354292 0.002500000 0.000397608 0.159043128 0.003534292 0.243750000 
367.573907797 0.227740148 21564622.263736684 3570.062907906 9.868727267 -3264299.067671694 0.036970882 0.004957984 0.045355855 0.908467093 0.001893894 0.002354292 0.002500000 0.000397608 0.159043128 0.003534292 0.246250000 
367.607911829 0.227761520 21564886.296243761 3570.053083319 9.868875256 -3264330.363589616 0.036970882 0.004957984 0.045355855 0.908467093 0.001893894 0.002354292 0.002500000 0.000397608 0.159043128 0.003534292 0.248750000 
372.227842740 0.230638239 21628128.038418185 3569.596936454 9.899081783 -3265783.388490685 0.036970882 0.004957984 0.045355855 0.908467093 0.001893894 0.002354292 0.002500000 0.000391317 0.156510139 0.006122753 0.251250000 
383.284736212 0.237525011 21608222.701573510 3568.491054575 9.893036134 -3269305.963797722 0.036970882 0.004957984 0.045355855 0.908467093 0.001893894 0.002354292 0.002500000 0.000378998 0.151583142 0.005940656 0.253750000 
395.971350973 0.245430711 21568974.428358413 3567.183360025 9.878686940 -3273471.125426790 0.036970882 0.004957984 0.045355855 0.908467093 0.001893894 0.002354292 0.002500000 0.000367133 0.146837275 0.005763911 0.256250000 
409.325086492 0.253756754 21523241.320949368 3565.761353094 9.861672187 -3278000.078639706 0.036970882 0.004957984 0.045355855 0.908467093 0.001893894 0.002354292 0.002500000 0.000355708 0.142267615 0.005592428 0.258750000 
423.152335597 0.262383208 21473586.932874069 3564.239555893 9.843122037 -3282846.499745460 0.036970882 0.004957984 0.045355855 0.908467093 0.001893894 0.002354292 0.002500000 0.000344711 0.137869348 0.005426120 0.261250000 
437.417376217 0.271288499 21420411.627964735 3562.616895981 9.823219525 -3288013.731349974 0.036970882 0.004957984 0.045355855 0.908467093 0.001893894 0.002354292 0.002500000 0.000334132 0.133637763 0.005264897 0.263750000 
452.117875012 0.280471915 21363637.536682405 3560.888700703 9.801938244 -3293516.573200204 0.036970882 0.004957984 0.045355855 0.908467093 0.001893894 0.002354292 0.002500000 0.000323957 0.129568259 0.005108674 0.266250000 
467.258652182 0.289937268 21303069.878145397 3559.049299444 9.779200461 -3299372.991882423 0.036970882 0.004957984 0.045355855 0.908467093 0.001893894 0.002354292 0.002500000 0.000314177 0.125656343 0.004957364 0.268750000 
482.845954905 0.299689334 21238476.956678234 3557.092607082 9.754912051 -3305602.261074137 0.036970882 0.004957984 0.045355855 0.908467093 0.001893894 0.002354292 0.002500000 0.000304779 0.121897626 0.004810883 0.271250000 
498.886165764 0.309733049 21169608.338031080 3555.012257503 9.728970381 -3312224.534795035 0.036970882 0.004957984 0.045355855 0.908467093 0.001893894 0.002354292 0.002500000 0.000295754 0.118287829 0.004669148 0.273750000 
515.385508257 0.320073333 21096199.040980581 3552.801632849 9.701266054 -3319260.752621343 0.036970882 0.004957984 0.045355855 0.908467093 0.001893894 0.002354292 0.002500000 0.000287090 0.114822776 0.004532077 0.276250000 
532.349988852 0.330715056 21017970.538997151 3550.453867112 9.671683265 -3326732.626430355 0.036970882 0.004957984 0.045355855 0.908467093 0.001893894 0.002354292 0.002500000 0.000278779 0.111498403 0.004399589 0.278750000 
549.785401972 0.341663052 20934631.106650673 3547.961842361 9.640099859 -3334662.650436698 0.036970882 0.004957984 0.045355855 0.908467093 0.001893894 0.002354292 0.002500000 0.000270809 0.108310749 0.004271606 0.281250000 
567.697357180 0.352922136 20845876.143867366 3545.318181766 9.606387381 -3343074.121243692 0.036970882 0.004957984 0.045355855 0.908467093 0.001893894 0.002354292 0.002500000 0.000263171 0.105255962 0.004148051 0.283750000 
586.091318862 0.364497142 20751388.660272565 3542.515240148 9.570411197 -3351991.165546113 0.036970882 0.004957984 0.045355855 0.908467093 0.001893894 0.002354292 0.002500000 0.000255857 0.102330297 0.004028847 0.286250000 
604.972656079 0.376392956 20650839.992301855 3539.545091928 9.532030710 -3361438.775878316 0.036970882 0.004957984 0.045355855 0.908467093 0.001893894 0.002354292 0.002500000 0.000248856 0.099530115 0.003913920 0.288750000 
624.346701901 0.388614563 20543890.798658263 3536.399516119 9.491099711 -3371442.855516584 0.036970882 0.004957984 0.045355855 0.908467093 0.001893894 0.002354292 0.002500000 0.000242159 0.096851885 0.003803199 0.291250000 
644.218821751 0.401167101 20430192.372664787 3533.069977947 9.447466860 -3382030.273800072 0.036970882 0.004957984 0.045355855 0.908467093 0.001893894 0.002354292 0.002500000 0.000235760 0.094292182 0.003696613 0.293750000 
664.594490133 0.414055913 20309388.307584085 3529.547606705 9.400976341 -3393228.933094228 0.036970882 0.004957984 0.045355855 0.908467093 0.001893894 0.002354292 0.002500000 0.000229648 0.091847689 0.003594094 0.296250000 
685.479374759 0.427286616 20181116.549065419 3525.823169489 9.351468682 -3405067.848467613 0.036970882 0.004957984 0.045355855 0.908467093 0.001893894 0.002354292 0.002500000 0.000223816 0.089515196 0.003495575 0.298750000 
706.879426723 0.440865166 20045011.866503265 3521.887040546 9.298781775 -3417577.240895897 0.036970882 0.004957984 0.045355855 0.908467093 0.001893894 0.002354292 0.002500000 0.000218256 0.087291599 0.003400993 0.301250000 
728.800974894 0.454797931 19900708.772046279 3517.729166065 9.242752106 -3430788.644430122 0.036970882 0.004957984 0.045355855 0.908467093 0.001893894 0.002354292 0.002500000 0.000212962 0.085173902 0.003310286 0.303750000 
751.250822133 0.469091770 19747844.912333369 3513.339024429 9.183216195 -3444735.026711188 0.036970882 0.004957984 0.045355855 0.908467093 0.001893894 0.002354292 0.002500000 0.000207925 0.083159215 0.003223394 0.306250000 
774.236340299 0.483754104 19586064.953932259 3508.705582134 9.120012282 -3459450.925746568 0.036970882 0.004957984 0.045355855 0.908467093 0.001893894 0.002354292 0.002500000 0.000203138 0.081244756 0.003140262 0.308750000 
797.765560221 0.498792995 19415024.979160734 3503.817245920 9.052982238 -3474972.590049484 0.036970882 0.004957984 0.045355855 0.908467093 0.001893894 0.002354292 0.002500000 0.000198595 0.079427851 0.003060833 0.311250000 
821.847251789 0.514217216 19234397.404769231 3498.661812013 8.981973734 -3491338.137688676 0.036970882 0.004957984 0.045355855 0.908467093 0.001893894 0.002354292 0.002500000 0.000194290 0.077705929 0.002985057 0.313750000 
846.490988130 0.530036317 19043876.432157740 3493.226413944 8.906842649 -3508587.710949376 0.036970882 0.004957984 0.045355855 0.908467093 0.001893894 0.002354292 0.002500000 0.000190216 0.076076531 0.002912885 0.316250000 
871.707186233 0.546260673 18843184.034658957 3487.497471095 8.827455744 -3526763.630772132 0.036970882 0.004957984 0.045355855 0.908467093 0.001893894 0.002354292 0.002500000 0.000186368 0.074537302 0.002844269 0.318750000 
897.507114358 0.562901521 18632076.485122237 3481.460641098 8.743693573 -3545910.537276515 0.036970882 0.004957984 0.045355855 0.908467093 0.001893894 0.002354292 0.002500000 0.000182739 0.073085995 0.002779168 0.321250000 
923.902854039 0.579970963 18410351.425575342 3475.100780432 8.655453653 -3566075.502943214 0.036970882 0.004957984 0.045355855 0.908467093 0.001893894 0.002354292 0.002500000 0.000179325 0.071720469 0.002717538 0.323750000 
950.907201133 0.597481938 18177855.479813851 3468.401919270 8.562653874 -3587308.099236638 0.036970882 0.004957984 0.045355855 0.908467093 0.001893894 0.002354292 0.002500000 0.000176120 0.070438692 0.002659343 0.326250000 
978.533486280 0.615448142 17934492.408583533 3461.347258813 8.465236155 -3609660.390541420 0.036970882 0.004957984 0.045355855 0.908467093 0.001893894 0.002354292 0.002500000 0.000173120 0.069238736 0.002604548 0.328750000 
1006.795289917 0.633883876 17680231.804096807 3453.919202192 8.363170319 -3633186.820302914 0.036970882 0.004957984 0.045355855 0.908467093 0.001893894 0.002354292 0.002500000 0.000170320 0.068118783 0.002553119 0.331250000 
1035.706020769 0.652803813 17415118.313519288 3446.099433742 8.256458179 -3657943.942748622 0.036970882 0.004957984 0.045355855 0.908467093 0.001893894 0.002354292 0.002500000 0.000167715 0.067077121 0.002505028 0.333750000 
1065.278319314 0.672222641 17139281.366164260 3437.869066062 8.145137812 -3683989.939107570 0.036970882 0.004957984 0.045355855 0.908467093 0.001893894 0.002354292 0.002500000 0.000165302 0.066112144 0.002460247 0.336250000 
1095.523239518 0.692154559 16852945.351665825 3429.208879962 8.029287957 -3711383.839588001 0.036970882 0.004957984 0.045355855 0.908467093 0.001893894 0.002354292 0.002500000 0.000163078 0.065222354 0.002418752 0.338750000 
1126.449153548 0.712612570 16556440.151198419 3420.099689127 7.909032480 -3740184.351637058 0.036970882 0.004957984 0.045355855 0.908467093 0.001893894 0.002354292 0.002500000 0.000161038 0.064406360 0.002380521 0.341250000 
1158.060316302 0.733607543 16250211.858101118 3410.522868830 7.784544793 -3770448.171909496 0.036970882 0.004957984 0.045355855 0.908467093 0.001893894 0.002354292 0.002500000 0.000159179 0.063662878 0.002345535 0.343750000 
1190.355020681 0.755146966 15934833.445530960 3400.461095952 7.656052071 -3802227.635282544 0.036970882 0.004957984 0.045355855 0.908467093 0.001893894 0.002354292 0.002500000 0.000157498 0.062990731 0.002313777 0.346250000 
1223.323270954 0.777233333 15611015.085293395 3389.899355559 7.523839102 -3835567.530226063 0.036970882 0.004957984 0.045355855 0.908467093 0.001893894 0.002354292 0.002500000 0.000155993 0.062388848 0.002285232 0.348750000 
1256.943895672 0.799862104 15279613.916265421 3378.826278610 7.388251626 -3870500.882005744 0.036970882 0.004957984 0.045355855 0.908467093 0.001893894 0.002354292 0.002500000 0.000154662 0.061856267 0.002259888 0.351250000 
1291.180989665 0.823019126 14941643.654701369 3367.235894076 7.249699292 -3907043.448175632 0.036970882 0.004957984 0.045355855 0.908467093 0.001893894 0.002354292 0.002500000 0.000153501 0.061392131 0.002237733 0.353750000 
1325.979429128 0.846677315 14598286.545089185 3355.129939777 7.108659300 -3945186.481153369 0.036970882 0.004957984 0.045355855 0.908467093 0.001893894 0.002354292 0.002500000 0.000152510 0.060995691 0.002218759 0.356250000 
1361.258636798 0.870791999 14250916.907429110 3342.521101449 6.965684675 -3984886.607732393 0.036970882 0.004957984 0.045355855 0.908467093 0.001893894 0.002354292 0.002500000 0.000151686 0.060666306 0.002202957 0.358750000 
1396.901633013 0.895292800 13901168.107390547 3329.438408406 6.821430688 -4026048.982533140 0.036970882 0.004957984 0.045355855 0.908467093 0.001893894 0.002354292 0.002500000 0.000151029 0.060403440 0.002190323 0.361250000 
1432.727597369 0.920063740 13551161.941308897 3315.939606427 6.676749518 -4068488.608518809 0.036970882 0.004957984 0.045355855 0.908467093 0.001893894 0.002354292 0.002500000 0.000150537 0.060206665 0.002180851 0.363750000 
1468.390766039 0.944871147 13204458.136881301 3302.154019441 6.533086656 -4111796.122632115 0.036970882 0.004957984 0.045355855 0.908467093 0.001893894 0.002354292 0.002500000 0.000150210 0.060075660 0.002174539 0.366250000 
1502.783689854 0.968940830 12871733.581927273 3288.530073358 6.394850339 -4154562.080034123 0.036970882 0.004957984 0.045355855 0.908467093 0.001893894 0.002354292 0.002500000 0.000150046 0.060010211 0.002171383 0.368750000 
1581.229088144 1.024403293 12116952.158688983 3256.242220258 6.079555825 -4255779.062818962 0.036970882 0.004957984 0.045355855 0.908467093 0.001893894 0.002354292 0.002500000 0.000150034 0.060007862 0.002171177 0.371250000 
1607.913539180 1.043457026 11860479.753641378 3244.869800058 5.971729695 -4291383.805435118 0.036970882 0.004957984 0.045355855 0.908467093 0.001893894 0.002354292 0.002500000 0.000150151 0.060054497 0.002173021 0.373750000 
1636.312697315 1.063843924 11587958.272617070 3232.550783532 5.856750548 -4329924.894274904 0.036970882 0.004957984 0.045355855 0.908467093 0.001893894 0.002354292 0.002500000 0.000150384 0.060147769 0.002176705 0.376250000 
1665.221313983 1.084715005 11311195.018965695 3219.781460535 5.739542227 -4369844.678920433 0.036970882 0.004957984 0.045355855 0.908467093 0.001893894 0.002354292 0.002500000 0.000150734 0.060287677 0.002182219 0.378750000 
1694.340745576 1.105862557 11033275.229132734 3206.684540986 5.621385569 -4410756.512272825 0.036970882 0.004957984 0.045355855 0.908467093 0.001893894 0.002354292 0.002500000 0.000151200 0.060474220 0.002189550 0.381250000 
1723.552108740 1.127205785 10755550.021947032 3193.309257155 5.502838980 -4452504.095276992 0.036970882 0.004957984 0.045355855 0.908467093 0.001893894 0.002354292 0.002500000 0.000151783 0.060707400 0.002198679 0.383750000 
1752.790711021 1.148701927 10478841.988105709 3179.683198958 5.384242355 -4494999.011940813 0.036970882 0.004957984 0.045355855 0.908467093 0.001893894 0.002354292 0.002500000 0.000152482 0.060987215 0.002209585 0.386250000 
1782.012901666 1.170322786 10203762.184763068 3165.825983512 5.265849582 -4538177.893828094 0.036970882 0.004957984 0.045355855 0.908467093 0.001893894 0.002354292 0.002500000 0.000153299 0.061313666 0.002222240 0.388750000 
1811.184807615 1.192046748 9930816.855932387 3151.753882696 5.147873149 -4581987.925985842 0.036970882 0.004957984 0.045355855 0.908467093 0.001893894 0.002354292 0.002500000 0.000154231 0.061686753 0.002236615 0.391250000 
1840.277820530 1.213855576 9660449.426624767 3137.481657966 5.030501656 -4626381.105998808 0.036970882 0.004957984 0.045355855 0.908467093 0.001893894 0.002354292 0.002500000 0.000155280 0.062106476 0.002252678 0.393750000 
1869.266571162 1.235732975 9393058.782795390 3123.023363418 4.913907393 -4671311.736293905 0.036970882 0.004957984 0.045355855 0.908467093 0.001893894 0.002354292 0.002500000 0.000156446 0.062572835 0.002270392 0.396250000 
1898.127944296 1.257663890 9129007.758168139 3108.392715045 4.798249804 -4716735.275312955 0.036970882 0.004957984 0.045355855 0.908467093 0.001893894 0.002354292 0.002500000 0.000157729 0.063085830 0.002289720 0.398750000 
1926.840571768 1.279634148 8868627.241854055 3093.603259099 4.683677088 -4762607.817470516 0.036970882 0.004957984 0.045355855 0.908467093 0.001893894 0.002354292 0.002500000 0.000159128 0.063645460 0.002310620 0.401250000 
1955.384560811 1.301630268 8612218.241583046 3078.668440431 4.570326929 -4808885.885571023 0.036970882 0.004957984 0.045355855 0.908467093 0.001893894 0.002354292 0.002500000 0.000160643 0.064251727 0.002333050 0.403750000 
1983.741343945 1.323639362 8360052.992691439 3063.601618492 4.458326811 -4855526.386284358 0.036970882 0.004957984 0.045355855 0.908467093 0.001893894 0.002354292 0.002500000 0.000162275 0.064904629 0.002356967 0.406250000 
2011.893593447 1.345649083 8112375.652761009 3048.416055144 4.347794144 -4902486.652830567 0.036970882 0.004957984 0.045355855 0.908467093 0.001893894 0.002354292 0.002500000 0.000164024 0.065604167 0.002382326 0.408750000 
2039.825170325 1.367647597 7869402.859654950 3033.124887380 4.238836319 -4949724.533906118 0.036970882 0.004957984 0.045355855 0.908467093 0.001893894 0.002354292 0.002500000 0.000165889 0.066350341 0.002409082 0.411250000 
2067.521091231 1.389623572 7631324.297569515 3017.741092395 4.131550766 -4997198.505514046 0.036970882 0.004957984 0.045355855 0.908467093 0.001893894 0.002354292 0.002500000 0.000167871 0.067143151 0.002437188 0.413750000 
2094.967503942 1.411566178 7398303.344331281 3002.277449430 4.026025030 -5044867.791794524 0.036970882 0.004957984 0.045355855 0.908467093 0.001893894 0.002354292 0.002500000 0.000169970 0.067982597 0.002466598 0.416250000 
2122.151666003 1.433465085 7170477.833127420 2986.746501177 3.922336908 -5092692.486277035 0.036970882 0.004957984 0.045355855 0.908467093 0.001893894 0.002354292 0.002500000 0.000172185 0.068868679 0.002497267 0.418750000 
2149.061923436 1.455310462 6947960.938628042 2971.160516450 3.820554626 -5140633.668138951 0.036970882 0.004957984 0.045355855 0.908467093 0.001893894 0.002354292 0.002500000 0.000174517 0.069801396 0.002529147 0.421250000 
2175.687687782 1.477092986 6730842.183742153 2955.531455277 3.720737082 -5188653.510028381 0.036970882 0.004957984 0.045355855 0.908467093 0.001893894 0.002354292 0.002500000 0.000176965 0.070780750 0.002562195 0.423750000 
2202.019410583 1.498803834 6519188.555176584 2939.870937086 3.622934130 -5236715.375300194 0.036970882 0.004957984 0.045355855 0.908467093 0.001893894 0.002354292 0.002500000 0.000179530 0.071806739 0.002596366 0.426250000 
2228.048554946 1.520434689 6313045.711410496 2924.190212455 3.527186921 -5284783.903394571 0.036970882 0.004957984 0.045355855 0.908467093 0.001893894 0.002354292 0.002500000 0.000182211 0.072879365 0.002631616 0.428750000 
2253.767564146 1.541977730 6112439.264413094 2908.500138625 3.433528278 -5332825.082710393 0.036970882 0.004957984 0.045355855 0.908467093 0.001893894 0.002354292 0.002500000 0.000185009 0.073998626 0.002667901 0.431250000 
2279.169827450 1.563425633 5917376.115662520 2892.811158884 3.341983112 -5380806.310778899 0.036970882 0.004957984 0.045355855 0.908467093 0.001893894 0.002354292 0.002500000 0.000187924 0.075164523 0.002705181 0.433750000 
2304.249643460 1.584771563 5727845.827279490 2877.133285807 3.252568854 -5428696.441878452 0.036970882 0.004957984 0.045355855 0.908467093 0.001893894 0.002354292 0.002500000 0.000190955 0.076377056 0.002743415 0.436250000 
2329.002181346 1.606009163 5543822.010041637 2861.476088236 3.165295919 -5476465.822480665 0.036970882 0.004957984 0.045355855 0.908467093 0.001893894 0.002354292 0.002500000 0.000194103 0.077636224 0.002782564 0.438750000 
2353.423440383 1.627132543 5365263.711457018 2845.848681870 3.080168176 -5524086.315103489 0.036970882 0.004957984 0.045355855 0.908467093 0.001893894 0.002354292 0.002500000 0.000197367 0.078942029 0.002822589 0.441250000 
2377.510208207 1.648136274 5192116.788778056 2830.259723237 2.997183425 -5571531.311280544 0.036970882 0.004957984 0.045355855 0.908467093 0.001893894 0.002354292 0.002500000 0.000200748 0.080294470 0.002863454 0.443750000 
2401.260018213 1.669015368 5024315.253699885 2814.717406837 2.916333881 -5618775.734449422 0.036970882 0.004957984 0.045355855 0.908467093 0.001893894 0.002354292 0.002500000 0.000204246 0.081693546 0.002905123 0.446250000 
2424.671106472 1.689765268 4861782.577412219 2799.229465189 2.837606646 -5665796.033621429 0.036970882 0.004957984 0.045355855 0.908467093 0.001893894 0.002354292 0.002500000 0.000207860 0.083139258 0.002947562 0.448750000 
2447.742368553 1.710381832 4704432.946587150 2783.803171527 2.760984179 -5712570.168727836 0.036970882 0.004957984 0.045355855 0.908467093 0.001893894 0.002354292 0.002500000 0.000211591 0.084631606 0.002990739 0.451250000 
2470.473316566 1.730861316 4552172.462730738 2768.445344863 2.686444754 -5759077.588547526 0.036970882 0.004957984 0.045355855 0.908467093 0.001893894 0.002354292 0.002500000 0.000215438 0.086170591 0.003034622 0.453750000 
2492.864036733 1.751200359 4404900.279064196 2753.162357160 2.613962896 -5805299.202112877 0.036970882 0.004957984 0.045355855 0.908467093 0.001893894 0.002354292 0.002500000 0.000219402 0.087756210 0.003079180 0.456250000 
2514.915147756 1.771395964 4262509.670702652 2737.960142341 2.543509806 -5851217.344467549 0.036970882 0.004957984 0.045355855 0.908467093 0.001893894 0.002354292 0.002500000 0.000223483 0.089388466 0.003124386 0.458750000 
2536.627760187 1.791445484 4124889.035348551 2722.844206880 2.475053766 -5896815.737615557 0.036970882 0.004957984 0.045355855 0.908467093 0.001893894 0.002354292 0.002500000 0.000227680 0.091067358 0.003170210 0.461250000 
2558.003437011 1.811346602 3991922.823003701 2707.819641742 2.408560517 -5942079.447457456 0.036970882 0.004957984 0.045355855 0.908467093 0.001893894 0.002354292 0.002500000 0.000231993 0.092792886 0.003216628 0.463750000 
2579.044155583 1.831097316 3863492.394325911 2692.891135419 2.343993621 -5986994.837460136 0.036970882 0.004957984 0.045355855 0.908467093 0.001893894 0.002354292 0.002500000 0.000236424 0.094565049 0.003263612 0.466250000 
2599.752271058 1.850695919 3739476.808216280 2678.062987878 2.281314797 -6031549.519752523 0.036970882 0.004957984 0.045355855 0.908467093 0.001893894 0.002354292 0.002500000 0.000240971 0.096383848 0.003311140 0.468750000 
2620.130481387 1.870140986 3619753.540028035 2663.339125192 2.220484230 -6075732.304282878 0.036970882 0.004957984 0.045355855 0.908467093 0.001893894 0.002354292 0.002500000 0.000245634 0.098249284 0.003359189 0.471250000 
2640.181793979 1.889431354 3504199.132446481 2648.723114706 2.161460866 -6119533.146616155 0.036970882 0.004957984 0.045355855 0.908467093 0.001893894 0.002354292 0.002500000 0.000250414 0.100161355 0.003407735 0.473750000 
2659.909494039 1.908566109 3392689.781614860 2634.218180542 2.104202676 -6162943.094891881 0.036970882 0.004957984 0.045355855 0.908467093 0.001893894 0.002354292 0.002500000 0.000255311 0.102120062 0.003456759 0.476250000 
2679.317114636 1.927544565 3285101.861483664 2619.827219323 2.048666901 -6205954.236407181 0.036970882 0.004957984 0.045355855 0.908467093 0.001893894 0.002354292 0.002500000 0.000260324 0.104125405 0.003506240 0.478750000 
2698.408408484 1.946366257 3181312.389655931 2605.552815964 1.994810274 -6248559.644234991 0.036970882 0.004957984 0.045355855 0.908467093 0.001893894 0.002354292 0.002500000 0.000265454 0.106177383 0.003556159 0.481250000 
2717.187321446 1.965030919 3081199.438201103 2591.397259438 1.942589225 -6290753.324235396 0.036970882 0.004957984 0.045355855 0.908467093 0.001893894 0.002354292 0.002500000 0.000270700 0.108275998 0.003606498 0.483750000 
2735.657967714 1.983538471 2984642.493027007 2577.362558393 1.891960056 -6332530.162769807 0.036970882 0.004957984 0.045355855 0.908467093 0.001893894 0.002354292 0.002500000 0.000276063 0.110421248 0.003657240 0.486250000 
2753.824606644 2.001889011 2891522.765448036 2563.450456548 1.842879115 -6373885.875381158 0.036970882 0.004957984 0.045355855 0.908467093 0.001893894 0.002354292 0.002500000 0.000281543 0.112613135 0.003708367 0.488750000 
2771.691621207 2.020082795 2801723.459576047 2549.662447797 1.795302930 -6414816.956661990 0.036970882 0.004957984 0.045355855 0.908467093 0.001893894 0.002354292 0.002500000 0.000287139 0.114851657 0.003759865 0.491250000 
2789.263497983 2.038120227 2715129.999102539 2535.999790950 1.749188347 -6455320.631492971 0.036970882 0.004957984 0.045355855 0.908467093 0.001893894 0.002354292 0.002500000 0.000292852 0.117136815 0.003811719 0.493750000 
2806.544808655 2.056001851 2631630.216943151 2522.463524067 1.704492639 -6495394.807799594 0.036970882 0.004957984 0.045355855 0.908467093 0.001893894 0.002354292 0.002500000 0.000298681 0.119468609 0.003863913 0.496250000 
2823.540192945 2.073728333 2551114.511088634 2509.054478345 1.661173608 -6535038.030942949 0.036970882 0.004957984 0.045355855 0.908467093 0.001893894 0.002354292 0.002500000 0.000304627 0.121847039 0.003916435 0.498750000 
2840.254342901 2.091300456 2473475.969856500 2495.773291522 1.619189665 -6574249.439832265 0.036970882 0.004957984 0.045355855 0.908467093 0.001893894 0.002354292 0.002500000 0.000310690 0.124272105 0.003969271 0.501250000 
2856.691988505 2.108719108 2398610.469571870 2482.620420777 1.578499913 -6613028.724821598 0.036970882 0.004957984 0.045355855 0.908467093 0.001893894 0.002354292 0.002500000 0.000316869 0.126743807 0.004022409 0.503750000 
2872.857884495 2.125985271 2326416.747529277 2469.596155114 1.539064199 -6651376.087430980 0.036970882 0.004957984 0.045355855 0.908467093 0.001893894 0.002354292 0.002500000 0.000323165 0.129262144 0.004075837 0.506250000 
2888.756798358 2.143100015 2256796.452904343 2456.700627208 1.500843174 -6689292.201913038 0.036970882 0.004957984 0.045355855 0.908467093 0.001893894 0.002354292 0.002500000 0.000329577 0.131827118 0.004129545 0.508750000 
2904.393499420 2.160064489 2189654.178099411 2443.933824719 1.463798334 -6726778.178669374 0.036970882 0.004957984 0.045355855 0.908467093 0.001893894 0.002354292 0.002500000 0.000336106 0.134438727 0.004183520 0.511250000 
2919.772748954 2.176879909 2124897.472822927 2431.295601070 1.427892052 -6763835.529506560 0.036970882 0.004957984 0.045355855 0.908467093 0.001893894 0.002354292 0.002500000 0.000342752 0.137096972 0.004237753 0.513750000 
2934.899291259 2.193547558 2062436.843021699 2418.785685690 1.393087608 -6800466.134709619 0.036970882 0.004957984 0.045355855 0.908467093 0.001893894 0.002354292 0.002500000 0.000349514 0.139801853 0.004292235 0.516250000 
2949.777845627 2.210068773 2002185.736609543 2406.403693727 1.359349207 -6836672.211900613 0.036970882 0.004957984 0.045355855 0.908467093 0.001893894 0.002354292 0.002500000 0.000356392 0.142553370 0.004346955 0.518750000 
2964.413099154 2.226444941 1944060.517767381 2394.149135254 1.326641995 -6872456.286641682 0.036970882 0.004957984 0.045355855 0.908467093 0.001893894 0.002354292 0.002500000 0.000363388 0.145351523 0.004401905 0.521250000 
2978.809700322 2.242677494 1887980.431429086 2382.021423958 1.294932068 -6907821.164734826 0.036970882 0.004957984 0.045355855 0.908467093 0.001893894 0.002354292 0.002500000 0.000370500 0.148196312 0.004457077 0.523750000 
2992.972253301 2.258767901 1833867.559415285 2370.019885348 1.264186472 -6942769.906165688 0.036970882 0.004957984 0.045355855 0.908467093 0.001893894 0.002354292 0.002500000 0.000377728 0.151087736 0.004512462 0.526250000 
3006.905312920 2.274717664 1781646.769534411 2358.143764481 1.234373208 -6977305.800634314 0.036970882 0.004957984 0.045355855 0.908467093 0.001893894 0.002354292 0.002500000 0.000385073 0.154025797 0.004568052 0.528750000 
3020.613380251 2.290528314 1731245.658836853 2346.392233232 1.205461225 -7011432.344612655 0.036970882 0.004957984 0.045355855 0.908467093 0.001893894 0.002354292 0.002500000 0.000392535 0.157010493 0.004623840 0.531250000 
3034.100898756 2.306201405 1682594.492083752 2334.764397118 1.177420414 -7045153.219866746 0.036970882 0.004957984 0.045355855 0.908467093 0.001893894 0.002354292 0.002500000 0.000400113 0.160041825 0.004679820 0.533750000 
3047.372250959 2.321738513 1635626.136377173 2323.259301704 1.150221597 -7078472.273380063 0.036970882 0.004957984 0.045355855 0.908467093 0.001893894 0.002354292 0.002500000 0.000407808 0.163119793 0.004735984 0.536250000 
3060.431755595 2.337141227 1590275.992792611 2311.875938595 1.123836514 -7111393.498613960 0.036970882 0.004957984 0.045355855 0.908467093 0.001893894 0.002354292 0.002500000 0.000415619 0.166244397 0.004792325 0.538750000 
3073.283665191 2.352411149 1546481.925757670 2300.613251046 1.098237812 -7143921.018041235 0.036970882 0.004957984 0.045355855 0.908467093 0.001893894 0.002354292 0.002500000 0.000423547 0.169415637 0.004848839 0.541250000 
3085.932164053 2.367549893 1504184.190832109 2289.470139199 1.073399026 -7176059.066889161 0.036970882 0.004957984 0.045355855 0.908467093 0.001893894 0.002354292 0.002500000 0.000431592 0.172633513 0.004905517 0.543750000 
3098.381366614 2.382559076 1463325.361463582 2278.445464972 1.049294562 -7207811.978029558 0.036970882 0.004957984 0.045355855 0.908467093 0.001893894 0.002354292 0.002500000 0.000439753 0.175898025 0.004962356 0.546250000 
3110.635316113 2.397440319 1423850.255220287 2267.538056609 1.025899678 -7239184.167954422 0.036970882 0.004957984 0.045355855 0.908467093 0.001893894 0.002354292 0.002500000 0.000448031 0.179209172 0.005019349 0.548750000 
3122.697983576 2.412195246 1385705.859935245 2256.746712920 1.003190465 -7270180.123777334 0.036970882 0.004957984 0.045355855 0.908467093 0.001893894 0.002354292 0.002500000 0.000456425 0.182566955 0.005076492 0.551250000 
3134.573267068 2.426825478 1348841.260137328 2246.070207217 0.981143827 -7300804.391202821 0.036970882 0.004957984 0.045355855 0.908467093 0.001893894 0.002354292 0.002500000 0.000464936 0.185971375 0.005133779 0.553750000 
3146.264991196 2.441332634 1313207.564090366 2235.507290968 0.959737458 -7331061.563407285 0.036970882 0.004957984 0.045355855 0.908467093 0.001893894 0.002354292 0.002500000 0.000473564 0.189422430 0.005191206 0.556250000 
3157.776906826 2.455718325 1278757.831713575 2225.056697189 0.938949825 -7360956.270777673 0.036970882 0.004957984 0.045355855 0.908467093 0.001893894 0.002354292 0.002500000 0.000482308 0.192920121 0.005248767 0.558750000 
3169.112691008 2.469984159 1245447.003613501 2214.717143582 0.918760140 -7390493.171455953 0.036970882 0.004957984 0.045355855 0.908467093 0.001893894 0.002354292 0.002500000 0.000491169 0.196464448 0.005306459 0.561250000 
3180.275947074 2.484131732 1213231.831419505 2204.487335432 0.899148344 -7419676.942639698 0.036970882 0.004957984 0.045355855 0.908467093 0.001893894 0.002354292 0.002500000 0.000500146 0.200055411 0.005364278 0.563750000 
3191.270204898 2.498162633 1182070.809580682 2194.365968290 0.880095082 -7448512.272591198 0.036970882 0.004957984 0.045355855 0.908467093 0.001893894 0.002354292 0.002500000 0.000509240 0.203693009 0.005422219 0.566250000 
3202.098921300 2.512078439 1151924.108752156 2184.351730447 0.861581683 -7477003.853310102 0.036970882 0.004957984 0.045355855 0.908467093 0.001893894 0.002354292 0.002500000 0.000518451 0.207377244 0.005480278 0.568750000 
3212.765480573 2.525880712 1122753.510872123 2174.443305203 0.843590137 -7505156.373826355 0.036970882 0.004957984 0.045355855 0.908467093 0.001893894 0.002354292 0.002500000 0.000527778 0.211108114 0.005538452 0.571250000 
3223.273195126 2.539571004 1094522.346007650 2164.639372965 0.826103077 -7532974.514072691 0.036970882 0.004957984 0.045355855 0.908467093 0.001893894 0.002354292 0.002500000 0.000537222 0.214885621 0.005596737 0.573750000 
3233.625306220 2.553150852 1067195.431026948 2154.938613168 0.809103751 -7560462.939298036 0.036970882 0.004957984 0.045355855 0.908467093 0.001893894 0.002354292 0.002500000 0.000546782 0.218709763 0.005655130 0.576250000 
3243.824984792 2.566621778 1040739.010137909 2145.339706032 0.792576011 -7587626.294985094 0.036970882 0.004957984 0.045355855 0.908467093 0.001893894 0.002354292 0.002500000 0.000556459 0.222580541 0.005713628 0.578750000 
3253.875332357 2.579985286 1015120.697317306 2135.841334180 0.776504284 -7614469.202237688 0.036970882 0.004957984 0.045355855 0.908467093 0.001893894 0.002354292 0.002500000 0.000566252 0.226497955 0.005772226 0.581250000 
3263.779381970 2.593242867 990309.420641667 2126.442184106 0.760873558 -7640996.253605280 0.036970882 0.004957984 0.045355855 0.908467093 0.001893894 0.002354292 0.002500000 0.000576162 0.230462005 0.005830923 0.583750000 
3273.540099246 2.606395993 966275.368519401 2117.140947514 0.745669359 -7667212.009313772 0.036970882 0.004957984 0.045355855 0.908467093 0.001893894 0.002354292 0.002500000 0.000586189 0.234472690 0.005889715 0.586250000 
3283.160383419 2.619446119 942989.937813828 2107.936322545 0.730877735 -7693120.993873898 0.036970882 0.004957984 0.045355855 0.908467093 0.001893894 0.002354292 0.002500000 0.000596332 0.238530012 0.005948600 0.588750000 
3292.643068455 2.632394682 920425.683838599 2098.827014879 0.716485233 -7718727.693039962 0.036970882 0.004957984 0.045355855 0.908467093 0.001893894 0.002354292 0.002500000 0.000606592 0.242633970 0.006007574 0.591250000 
3301.990924181 2.645243102 898556.272199792 2089.811738737 0.702478887 -7744036.551093489 0.036970882 0.004957984 0.045355855 0.908467093 0.001893894 0.002354292 0.002500000 0.000616969 0.246784563 0.006066635 0.593750000 
3311.206657449 2.657992779 877356.432453326 2080.889217788 0.688846197 -7769051.968427887 0.036970882 0.004957984 0.045355855 0.908467093 0.001893894 0.002354292 0.002500000 0.000627462 0.250981792 0.006125781 0.596250000 
3320.292913316 2.670645095 856801.913541361 2072.058185959 0.675575111 -7793778.299411630 0.036970882 0.004957984 0.045355855 0.908467093 0.001893894 0.002354292 0.002500000 0.000638071 0.255225657 0.006185009 0.598750000 
3329.252276243 2.683201413 836869.440967543 2063.317388167 0.662654012 -7818219.850509168 0.036970882 0.004957984 0.045355855 0.908467093 0.001893894 0.002354292 0.002500000 0.000648798 0.259516158 0.006244317 0.601250000 
3338.087271300 2.695663078 817536.675667789 2054.665580965 0.650071699 -7842380.878639805 0.036970882 0.004957984 0.045355855 0.908467093 0.001893894 0.002354292 0.002500000 0.000659640 0.263853295 0.006303702 0.603750000 
3346.800365374 2.708031416 798782.174530927 2046.101533127 0.637817373 -7866265.589756280 0.036970882 0.004957984 0.045355855 0.908467093 0.001893894 0.002354292 0.002500000 0.000670600 0.268237068 0.006363163 0.606250000 
3355.393968394 2.720307731 780585.352521648 2037.624026152 0.625880622 -7889878.137626025 0.036970882 0.004957984 0.045355855 0.908467093 0.001893894 0.002354292 0.002500000 0.000681676 0.272667477 0.006422697 0.608750000 
3363.870434534 2.732493312 762926.446356995 2029.231854717 0.614251406 -7913222.622798962 0.036970882 0.004957984 0.045355855 0.908467093 0.001893894 0.002354292 0.002500000 0.000692868 0.277144521 0.006482302 0.611250000 
3372.232063432 2.744589425 745786.479686759 2020.923827069 0.602920044 -7936303.091747051 0.036970882 0.004957984 0.045355855 0.908467093 0.001893894 0.002354292 0.002500000 0.000704177 0.281668202 0.006541977 0.613750000 
3380.481101387 2.756597320 729147.229727694 2012.698765361 0.591877200 -7959123.536161729 0.036970882 0.004957984 0.045355855 0.908467093 0.001893894 0.002354292 0.002500000 0.000715603 0.286238518 0.006601719 0.616250000 
3388.619742561 2.768518227 712991.195301390 2004.555505941 0.581113870 -7981687.892396239 0.036970882 0.004957984 0.045355855 0.908467093 0.001893894 0.002354292 0.002500000 0.000727146 0.290855470 0.006661527 0.618750000 
3396.650130156 2.780353356 697301.566225857 1996.492899600 0.570621369 -8004000.041040860 0.036970882 0.004957984 0.045355855 0.908467093 0.001893894 0.002354292 0.002500000 0.000738804 0.295519058 0.006721398 0.621250000 
3404.574357592 2.792103899 682062.194011194 1988.509811771 0.560391320 -8026063.806619854 0.036970882 0.004957984 0.045355855 0.908467093 0.001893894 0.002354292 0.002500000 0.000750580 0.300229282 0.006781332 0.623750000 
3412.394469661 2.803771030 667257.563810487 1980.605122698 0.550415643 -8047882.957399702 0.036970882 0.004957984 0.045355855 0.908467093 0.001893894 0.002354292 0.002500000 0.000762472 0.304986142 0.006841326 0.626250000 
3420.112463672 2.815355904 652872.767577784 1972.777727559 0.540686540 -8069461.205299006 0.036970882 0.004957984 0.045355855 0.908467093 0.001893894 0.002354292 0.002500000 0.000774481 0.309789637 0.006901380 0.628750000 
3427.730290576 2.826859656 638893.478385959 1965.026536569 0.531196489 -8090802.205891008 0.036970882 0.004957984 0.045355855 0.908467093 0.001893894 0.002354292 0.002500000 0.000786606 0.314639769 0.006961490 0.631250000 
3435.249856074 2.838283404 625305.925858372 1957.350475043 0.521938231 -8111909.558490430 0.036970882 0.004957984 0.045355855 0.908467093 0.001893894 0.002354292 0.002500000 0.000798848 0.319536536 0.007021657 0.633750000 
3442.673021708 2.849628250 612096.872669287 1949.748483440 0.512904760 -8132786.806317029 0.036970882 0.004957984 0.045355855 0.908467093 0.001893894 0.002354292 0.002500000 0.000811207 0.324479940 0.007081878 0.636250000 
3450.001605932 2.860895275 599253.592069345 1942.219517377 0.504089316 -8153437.436728388 0.036970882 0.004957984 0.045355855 0.908467093 0.001893894 0.002354292 0.002500000 0.000823682 0.329469979 0.007142153 0.638750000 
3457.237385164 2.872085543 586763.846393534 1934.762547621 0.495485370 -8173864.881515794 0.036970882 0.004957984 0.045355855 0.908467093 0.001893894 0.002354292 0.002500000 0.000836273 0.334506654 0.007202479 0.641250000 
3464.382094816 2.883200102 574615.866510501 1927.376560063 0.487086622 -8194072.517256498 0.036970882 0.004957984 0.045355855 0.908467093 0.001893894 0.002354292 0.002500000 0.000848981 0.339589965 0.007262856 0.643750000 
3471.437430310 2.894239981 562798.332173312 1920.060555670 0.478886988 -8214063.665717221 0.036970882 0.004957984 0.045355855 0.908467093 0.001893894 0.002354292 0.002500000 0.000861806 0.344719912 0.007323282 0.646250000 
3478.405048061 2.905206194 551300.353233163 1912.813550422 0.470880593 -8233841.594303166 0.036970882 0.004957984 0.045355855 0.908467093 0.001893894 0.002354292 0.002500000 0.000874748 0.349896495 0.007383756 0.648750000 
3485.286566457 2.916099736 540111.451678841 1905.634575235 0.463061764 -8253409.516548092 0.036970882 0.004957984 0.045355855 0.908467093 0.001893894 0.002354292 0.002500000 0.000887806 0.355119713 0.007444277 0.651250000 
3492.083566800 2.926921587 529221.544466127 1898.522675862 0.455425022 -8272770.592640651 0.036970882 0.004957984 0.045355855 0.908467093 0.001893894 0.002354292 0.002500000 0.000900980 0.360389568 0.007504844 0.653750000 
3498.797594239 2.937672711 518620.927102616 1891.476912796 0.447965072 -8291927.929983051 0.036970882 0.004957984 0.045355855 0.908467093 0.001893894 0.002354292 0.002500000 0.000914272 0.365706058 0.007565455 0.656250000 
3505.430158674 2.948354054 508300.257954796 1884.496361146 0.440676800 -8310884.583778130 0.036970882 0.004957984 0.045355855 0.908467093 0.001893894 0.002354292 0.002500000 0.000927679 0.371069184 0.007626110 0.658750000 
3511.982735647 2.958966547 498250.543245487 1877.580110514 0.433555266 -8329643.557641258 0.036970882 0.004957984 0.045355855 0.908467093 0.001893894 0.002354292 0.002500000 0.000941204 0.376478947 0.007686808 0.661250000 
3518.456767205 2.969511107 488463.122710992 1870.727264855 0.426595693 -8348207.804234130 0.036970882 0.004957984 0.045355855 0.908467093 0.001893894 0.002354292 0.002500000 0.000954845 0.381935345 0.007747547 0.663750000 
3524.853662749 2.979988634 478929.655888630 1863.936942338 0.419793466 -8366580.225917010 0.036970882 0.004957984 0.045355855 0.908467093 0.001893894 0.002354292 0.002500000 0.000968602 0.387438378 0.007808327 0.666250000 
3531.174799856 2.990400013 469642.109006429 1857.208275191 0.413144124 -8384763.675417060 0.036970882 0.004957984 0.045355855 0.908467093 0.001893894 0.002354292 0.002500000 0.000982476 0.392988048 0.007869147 0.668750000 
3537.421525085 3.000746115 460592.742448014 1850.540409542 0.406643353 -8402760.956510102 0.036970882 0.004957984 0.045355855 0.908467093 0.001893894 0.002354292 0.002500000 0.000996467 0.398584354 0.007930005 0.671250000 
3543.595154766 3.011027795 451774.098766828 1843.932505261 0.400286984 -8420574.824713442 0.036970882 0.004957984 0.045355855 0.908467093 0.001893894 0.002354292 0.002500000 0.001010575 0.404227295 0.007990901 0.673750000 
3549.696975762 3.021245895 443178.991224910 1837.383735788 0.394070983 -8438207.987987766 0.036970882 0.004957984 0.045355855 0.908467093 0.001893894 0.002354292 0.002500000 0.001024798 0.409916873 0.008051834 0.676250000 
3555.728246217 3.031401243 434800.492832605 1830.893287962 0.387991450 -8455663.107446069 0.036970882 0.004957984 0.045355855 0.908467093 0.001893894 0.002354292 0.002500000 0.001039139 0.415653086 0.008112804 0.678750000 
