Sim: 4
ID: 1
Description: Test run of cold flow MSSE simulation with Ma 0.1 initialisation
Variables: 4
time A mass_flux Ma
0.000003139 0.053014376 2184.205218889 0.140879508 
0.000012276 0.053014376 2366.065293936 0.153540350 
0.000020803 0.053014376 2374.702972967 0.154240826 
0.000029201 0.053014376 2375.156133619 0.154313206 
0.000037545 0.053014376 2375.024313815 0.154319618 
0.000045824 0.053014376 2374.874135828 0.154315150 
0.000054047 0.053014376 2374.749647442 0.154308884 
0.000062243 0.053014376 2374.648227488 0.154302865 
0.000070432 0.053014376 2374.564449571 0.154297545 
0.000078622 0.053014376 2374.494099348 0.154292942 
0.000086812 0.053014376 2374.434125287 0.154288966 
0.000094998 0.053014376 2374.382223480 0.154285505 
0.000103175 0.053014376 2374.335522916 0.154282384 
0.000111338 0.053014376 2374.280860097 0.154278728 
0.000119485 0.053014376 2374.140964628 0.154269377 
0.000127613 0.053014376 2373.576321897 0.154231639 
0.000135719 0.053014376 2371.496506191 0.154092615 
0.000143802 0.053014376 2365.272471856 0.153676533 
0.000151857 0.053014376 2350.036607369 0.152658155 
0.000159881 0.053014376 2318.801115883 0.150571661 
0.000167870 0.053014376 2263.926815754 0.146911099 
0.000175817 0.053014376 2179.683208025 0.141304178 
0.000183719 0.053014376 2064.796345246 0.133682452 
0.000191573 0.053014376 1923.632431253 0.124354806 
0.000199382 0.053014376 1765.323349935 0.113940090 
0.000207153 0.053014376 1601.347626879 0.103199622 
0.000214890 0.053014376 1442.846930990 0.092859249 
0.000222599 0.053014376 1298.744264267 0.083490311 
0.000230281 0.053014376 1175.007397141 0.075467672 
0.000237933 0.053014376 1074.796946158 0.068984152 
0.000245556 0.053014376 999.011228293 0.064088425 
0.000253145 0.053014376 946.841862327 0.060721787 
0.000260699 0.053014376 916.174506725 0.058743892 
0.000268214 0.053014376 903.839582584 0.057948396 
0.000275685 0.053014376 905.799562548 0.058074377 
0.000283063 0.053014376 917.301000979 0.058815490 
0.000290312 0.053014376 933.324544686 0.059848421 
0.000297452 0.053014376 949.411071314 0.060885796 
0.000304494 0.053014376 962.025206076 0.061699547 
0.000311443 0.053014376 968.834476807 0.062139030 
0.000318299 0.053014376 968.847335887 0.062140106 
0.000325064 0.053014376 962.314491771 0.061718900 
0.000331742 0.053014376 950.425961516 0.060952255 
0.000338335 0.053014376 934.915279099 0.059952123 
0.000344846 0.053014376 917.680090723 0.058840996 
0.000351280 0.053014376 900.495105386 0.057733338 
0.000357640 0.053014376 884.847396732 0.056724968 
0.000363928 0.053014376 871.883010212 0.055889653 
0.000370150 0.053014376 862.431864735 0.055280755 
0.000376307 0.053014376 857.074630529 0.054935582 
0.000382403 0.053014376 856.221572176 0.054880495 
0.000388442 0.053014376 860.184126202 0.055135540 
0.000394426 0.053014376 869.228737418 0.055717931 
0.000400359 0.053014376 883.608993205 0.056644129 
0.000406244 0.053014376 903.576073182 0.057930538 
0.000412083 0.053014376 929.370622669 0.059592992 
0.000417879 0.053014376 961.201020155 0.061645386 
0.000423635 0.053014376 999.214494252 0.064097823 
0.000429353 0.053014376 1043.467954857 0.066954754 
0.000435035 0.053014376 1093.904660641 0.070213474 
0.000440684 0.053014376 1150.341059181 0.073863267 
0.000446302 0.053014376 1212.465699180 0.077885308 
0.000451890 0.053014376 1279.849716685 0.082253300 
0.000457450 0.053014376 1351.966812910 0.086934717 
0.000462984 0.053014376 1428.223118608 0.091892676 
0.000468495 0.053014376 1508.004102505 0.097088918 
0.000473986 0.053014376 1590.683770548 0.102484354 
0.000479461 0.053014376 1675.638333347 0.108039896 
0.000484921 0.053014376 1762.263880627 0.113717560 
0.000490368 0.053014376 1849.990230453 0.119481333 
0.000495804 0.053014376 1938.290765837 0.125297793 
0.000501229 0.053014376 2026.688451653 0.131136491 
0.000506645 0.053014376 2114.758514459 0.136970125 
0.000512052 0.053014376 2202.128420597 0.142774552 
0.000517450 0.053014376 2288.475828494 0.148528670 
0.000522841 0.053014376 2373.525164927 0.154214211 
0.000528224 0.053014376 2457.043385915 0.159815494 
0.000533600 0.053014376 2538.835369900 0.165319140 
0.000538969 0.053014376 2618.739298839 0.170713799 
0.000544331 0.053014376 2696.622276027 0.175989882 
0.000549687 0.053014376 2772.376328536 0.181139318 
0.000555038 0.053014376 2845.914871750 0.186155349 
0.000560382 0.053014376 2917.169664702 0.191032341 
0.000565722 0.053014376 2986.088245519 0.195765638 
0.000571057 0.053014376 3052.631825392 0.200351437 
0.000576388 0.053014376 3116.773620953 0.204786697 
0.000581715 0.053014376 3178.497587532 0.209069068 
0.000587039 0.053014376 3237.797501658 0.213196847 
0.000592360 0.053014376 3294.676336749 0.217168953 
0.000597678 0.053014376 3349.145867138 0.220984913 
0.000602993 0.053014376 3401.226426181 0.224644863 
0.000608307 0.053014376 3450.946741537 0.228149549 
0.000613619 0.053014376 3498.343772757 0.231500330 
0.000618929 0.053014376 3543.462483024 0.234699176 
0.000624237 0.053014376 3586.355489555 0.237748650 
0.000629544 0.053014376 3627.082550847 0.240651886 
0.000634850 0.053014376 3665.709866509 0.243412543 
0.000640154 0.053014376 3702.309189231 0.246034751 
0.000645456 0.053014376 3736.956767285 0.248523038 
0.000650757 0.053014376 3769.732149479 0.250882245 
0.000656057 0.053014376 3800.716896504 0.253117436 
0.000661354 0.053014376 3829.993250119 0.255233801 
0.000666650 0.053014376 3857.642813179 0.257236557 
0.000671944 0.053014376 3883.745289869 0.259130853 
0.000677236 0.053014376 3908.377327857 0.260921682 
0.000682525 0.053014376 3931.611493515 0.262613802 
0.000687812 0.053014376 3953.515399236 0.264211664 
0.000693096 0.053014376 3974.150989726 0.265719359 
0.000698377 0.053014376 3993.573983905 0.267140565 
0.000703655 0.053014376 4011.833460633 0.268478516 
0.000708930 0.053014376 4028.971570365 0.269735974 
0.000714201 0.053014376 4045.023352302 0.270915211 
0.000719469 0.053014376 4060.016637356 0.272017994 
0.000724733 0.053014376 4073.972020135 0.273045584 
0.000729993 0.053014376 4086.902888078 0.273998732 
0.000735249 0.053014376 4098.815500982 0.274877683 
0.000740501 0.053014376 4109.709118139 0.275682178 
0.000745749 0.053014376 4119.576176446 0.276411474 
0.000750993 0.053014376 4128.402527937 0.277064353 
0.000756233 0.053014376 4136.167746214 0.277639147 
0.000761470 0.053014376 4142.845511364 0.278133765 
0.000766703 0.053014376 4148.404082678 0.278545731 
0.000771932 0.053014376 4152.806866303 0.278872226 
0.000777158 0.053014376 4156.013081765 0.279110139 
0.000782381 0.053014376 4157.978527438 0.279256125 
0.000787601 0.053014376 4158.656440775 0.279306675 
0.000792817 0.053014376 4157.998444978 0.279258187 
0.000798032 0.053014376 4155.955569867 0.279107047 
0.000803243 0.053014376 4152.479331323 0.278849711 
0.000808453 0.053014376 4147.522850939 0.278482793 
0.000813660 0.053014376 4141.041995511 0.278003155 
0.000818865 0.053014376 4132.996514709 0.277407988 
0.000824069 0.053014376 4123.351154701 0.276694904 
0.000829270 0.053014376 4112.076725562 0.275862010 
0.000834471 0.053014376 4099.151100896 0.274907987 
0.000839670 0.053014376 4084.560129305 0.273832151 
0.000844868 0.053014376 4068.298438594 0.272634511 
0.000850065 0.053014376 4050.370115604 0.271315818 
0.000855261 0.053014376 4030.789246545 0.269877590 
0.000860456 0.053014376 4009.580305084 0.268322142 
0.000865651 0.053014376 3986.778378034 0.266652586 
0.000870845 0.053014376 3962.429221384 0.264872829 
0.000876039 0.053014376 3936.589142503 0.262987547 
0.000881233 0.053014376 3909.324707736 0.261002158 
0.000886426 0.053014376 3880.712278189 0.258922772 
0.000891619 0.053014376 3850.837380245 0.256756132 
0.000896812 0.053014376 3819.793921173 0.254509545 
0.000902005 0.053014376 3787.683263956 0.252190806 
0.000907199 0.053014376 3754.613179109 0.249808111 
0.000912392 0.053014376 3720.696694590 0.247369964 
0.000917585 0.053014376 3686.050867737 0.244885083 
0.000922779 0.053014376 3650.795505356 0.242362305 
0.000927973 0.053014376 3615.051859521 0.239810488 
0.000933167 0.053014376 3578.941327265 0.237238416 
0.000938362 0.053014376 3542.584181996 0.234654711 
0.000943557 0.053014376 3506.098363183 0.232067751 
0.000948753 0.053014376 3469.598348725 0.229485593 
0.000953949 0.053014376 3433.194131384 0.226915903 
0.000959146 0.053014376 3396.990317049 0.224365906 
0.000964343 0.053014376 3361.085358407 0.221842334 
0.000969541 0.053014376 3325.570933185 0.219351393 
0.000974739 0.053014376 3290.531471551 0.216898734 
0.000979938 0.053014376 3256.043832853 0.214489447 
0.000985138 0.053014376 3222.177127792 0.212128049 
0.000990339 0.053014376 3188.992678450 0.209818491 
0.000995541 0.053014376 3156.544105609 0.207564174 
0.001000744 0.053014376 3124.877530402 0.205367966 
0.001005948 0.053014376 3094.031875721 0.203232232 
0.001011152 0.053014376 3064.039251828 0.201158865 
0.001016358 0.053014376 3034.925410362 0.199149318 
0.001021566 0.053014376 3006.710251159 0.197204652 
0.001026774 0.053014376 2979.408367078 0.195325566 
0.001031984 0.053014376 2953.029613076 0.193512447 
0.001037196 0.053014376 2927.579687145 0.191765407 
0.001042409 0.053014376 2903.060712115 0.190084326 
0.001047624 0.053014376 2879.471808838 0.188468892 
0.001052841 0.053014376 2856.809652666 0.186918642 
0.001058059 0.053014376 2835.069006451 0.185432993 
0.001063280 0.053014376 2814.243224424 0.184011282 
0.001068502 0.053014376 2794.324722366 0.182652796 
0.001073726 0.053014376 2775.305410230 0.181356801 
0.001078953 0.053014376 2757.177083843 0.180122565 
0.001084182 0.053014376 2739.931773011 0.178949388 
0.001089413 0.053014376 2723.562044377 0.177836615 
0.001094647 0.053014376 2708.061257257 0.176783658 
0.001099882 0.053014376 2693.423770573 0.175790006 
0.001105121 0.053014376 2679.645099877 0.174855233 
0.001110361 0.053014376 2666.722024124 0.173979013 
0.001115605 0.053014376 2654.652642158 0.173161115 
0.001120850 0.053014376 2643.436379434 0.172401404 
0.001126099 0.053014376 2633.073946136 0.171699842 
0.001131349 0.053014376 2623.567248599 0.171056479 
0.001136602 0.053014376 2614.919256697 0.170471443 
0.001141858 0.053014376 2607.133830638 0.169944929 
0.001147116 0.053014376 2600.215511398 0.169477185 
0.001152377 0.053014376 2594.169279769 0.169068495 
0.001157640 0.053014376 2589.000289650 0.168719161 
0.001162906 0.053014376 2584.713581807 0.168429485 
0.001168174 0.053014376 2581.313784754 0.168199746 
0.001173444 0.053014376 2578.804809660 0.168030183 
0.001178716 0.053014376 2577.189546340 0.167920972 
0.001183991 0.053014376 2576.469567265 0.167872207 
0.001189267 0.053014376 2576.644846287 0.167883880 
0.001194546 0.053014376 2577.713498296 0.167955867 
0.001199827 0.053014376 2579.671545464 0.168087906 
0.001205110 0.053014376 2582.512714915 0.168279589 
0.001210394 0.053014376 2586.228271826 0.168530349 
0.001215681 0.053014376 2590.806890984 0.168839447 
0.001220969 0.053014376 2596.234568826 0.169205973 
0.001226259 0.053014376 2602.494576956 0.169628836 
0.001231550 0.053014376 2609.567457111 0.170106766 
0.001236843 0.053014376 2617.431056632 0.170638316 
0.001242137 0.053014376 2626.060602579 0.171221864 
0.001247432 0.053014376 2635.428811873 0.171855623 
0.001252729 0.053014376 2645.506034204 0.172537648 
0.001258027 0.053014376 2656.260423903 0.173265845 
0.001263326 0.053014376 2667.658136613 0.174037989 
0.001268625 0.053014376 2679.663546323 0.174851730 
0.001273926 0.053014376 2692.239478249 0.175704614 
0.001279228 0.053014376 2705.347453026 0.176594096 
0.001284530 0.053014376 2718.947937809 0.177517559 
0.001289833 0.053014376 2733.000600080 0.178472325 
0.001295137 0.053014376 2747.464560271 0.179455676 
0.001300442 0.053014376 2762.298639629 0.180464870 
0.001305747 0.053014376 2777.461600156 0.181497154 
0.001311052 0.053014376 2792.912373857 0.182549780 
0.001316358 0.053014376 2808.610278963 0.183620022 
0.001321664 0.053014376 2824.515221194 0.184705185 
0.001326970 0.053014376 2840.587878539 0.185802621 
0.001332277 0.053014376 2856.789868421 0.186909738 
0.001337584 0.053014376 2873.083896452 0.188024012 
0.001342891 0.053014376 2889.433886324 0.189142994 
0.001348199 0.053014376 2905.805090667 0.190264319 
0.001353506 0.053014376 2922.164182979 0.191385711 
0.001358814 0.053014376 2938.479330945 0.192504991 
0.001364121 0.053014376 2954.720251691 0.193620077 
0.001369428 0.053014376 2970.858249666 0.194728992 
0.001374736 0.053014376 2986.866238017 0.195829862 
0.001380043 0.053014376 3002.718744437 0.196920917 
0.001385350 0.053014376 3018.391902561 0.198000494 
0.001390658 0.053014376 3033.863430097 0.199067032 
0.001395965 0.053014376 3049.112594910 0.200119074 
0.001401271 0.053014376 3064.120170364 0.201155261 
0.001406578 0.053014376 3078.868381229 0.202174332 
0.001411884 0.053014376 3093.340841510 0.203175115 
0.001417190 0.053014376 3107.522485542 0.204156530 
0.001422496 0.053014376 3121.399493707 0.205117580 
0.001427801 0.053014376 3134.959214113 0.206057344 
0.001433106 0.053014376 3148.190081528 0.206974977 
0.001438410 0.053014376 3161.081534866 0.207869701 
0.001443714 0.053014376 3173.623934426 0.208740801 
0.001449018 0.053014376 3185.808480067 0.209587619 
0.001454321 0.053014376 3197.627131411 0.210409549 
0.001459624 0.053014376 3209.072531092 0.211206032 
0.001464926 0.053014376 3220.137931993 0.211976552 
0.001470227 0.053014376 3230.817129302 0.212720631 
0.001475528 0.053014376 3241.104398123 0.213437824 
0.001480829 0.053014376 3250.994437274 0.214127715 
0.001486129 0.053014376 3260.482319783 0.214789917 
0.001491428 0.053014376 3269.563450475 0.215424066 
0.001496726 0.053014376 3278.233530928 0.216029818 
0.001502024 0.053014376 3286.488531959 0.216606851 
0.001507321 0.053014376 3294.324673670 0.217154861 
0.001512618 0.053014376 3301.738412988 0.217673561 
0.001517914 0.053014376 3308.726438502 0.218162684 
0.001523209 0.053014376 3315.285672308 0.218621978 
0.001528503 0.053014376 3321.413278476 0.219051212 
0.001533797 0.053014376 3327.106677653 0.219450172 
0.001539089 0.053014376 3332.363567252 0.219818669 
0.001544382 0.053014376 3337.181946597 0.220156533 
0.001549673 0.053014376 3341.560146341 0.220463624 
0.001554964 0.053014376 3345.496861428 0.220739824 
0.001560254 0.053014376 3348.991186832 0.220985050 
0.001565543 0.053014376 3352.042655292 0.221199251 
0.001570831 0.053014376 3354.651276236 0.221382409 
0.001576119 0.053014376 3356.817575132 0.221534548 
0.001581406 0.053014376 3358.542632440 0.221655732 
0.001586693 0.053014376 3359.828121391 0.221746068 
0.001591979 0.053014376 3360.676343891 0.221805711 
0.001597264 0.053014376 3361.090263868 0.221834865 
0.001602548 0.053014376 3361.073537423 0.221833784 
0.001607832 0.053014376 3360.630539169 0.221802774 
0.001613115 0.053014376 3359.766384269 0.221742198 
0.001618398 0.053014376 3358.486945691 0.221652471 
0.001623680 0.053014376 3356.798866332 0.221534066 
0.001628961 0.053014376 3354.709565694 0.221387512 
0.001634243 0.053014376 3352.227240899 0.221213395 
0.001639523 0.053014376 3349.360861911 0.221012356 
0.001644803 0.053014376 3346.120160900 0.220785090 
0.001650083 0.053014376 3342.515615794 0.220532348 
0.001655362 0.053014376 3338.558428109 0.220254929 
0.001660640 0.053014376 3334.260495252 0.219953685 
0.001665919 0.053014376 3329.634377569 0.219629514 
0.001671197 0.053014376 3324.693260443 0.219283358 
0.001676474 0.053014376 3319.450911862 0.218916199 
0.001681751 0.053014376 3313.921635889 0.218529058 
0.001687028 0.053014376 3308.120222550 0.218122988 
0.001692305 0.053014376 3302.061894660 0.217699073 
0.001697581 0.053014376 3295.762252182 0.217258423 
0.001702857 0.053014376 3289.237214695 0.216802168 
0.001708133 0.053014376 3282.502962593 0.216331456 
0.001713409 0.053014376 3275.575877622 0.215847448 
0.001718684 0.053014376 3268.472483353 0.215351313 
0.001723959 0.053014376 3261.209386194 0.214844224 
0.001729234 0.053014376 3253.803217499 0.214327355 
0.001734509 0.053014376 3246.270577300 0.213801876 
0.001739784 0.053014376 3238.627980170 0.213268948 
0.001745059 0.053014376 3230.891803644 0.212729721 
0.001750333 0.053014376 3223.078239609 0.212185332 
0.001755608 0.053014376 3215.203248982 0.211636897 
0.001760882 0.053014376 3207.282519976 0.211085513 
0.001766157 0.053014376 3199.331430123 0.210532255 
0.001771431 0.053014376 3191.365012208 0.209978168 
0.001776706 0.053014376 3183.397924260 0.209424272 
0.001781980 0.053014376 3175.444423638 0.208871558 
0.001787254 0.053014376 3167.518345109 0.208320983 
0.001792529 0.053014376 3159.633082844 0.207773475 
0.001797804 0.053014376 3151.801576210 0.207229928 
0.001803078 0.053014376 3144.036299180 0.206691200 
0.001808353 0.053014376 3136.349253123 0.206158117 
0.001813628 0.053014376 3128.751962719 0.205631472 
0.001818903 0.053014376 3121.255474696 0.205112020 
0.001824178 0.053014376 3113.870359078 0.204600485 
0.001829453 0.053014376 3106.606712593 0.204097556 
0.001834728 0.053014376 3099.474163911 0.203603890 
0.001840004 0.053014376 3092.481880335 0.203120109 
0.001845280 0.053014376 3085.638575623 0.202646805 
0.001850555 0.053014376 3078.952518569 0.202184538 
0.001855832 0.053014376 3072.431542055 0.201733838 
0.001861108 0.053014376 3066.083052237 0.201295204 
0.001866384 0.053014376 3059.914037625 0.200869106 
0.001871661 0.053014376 3053.931077792 0.200455986 
0.001876938 0.053014376 3048.140351524 0.200056260 
0.001882216 0.053014376 3042.547644224 0.199670313 
0.001887493 0.053014376 3037.158354460 0.199298506 
0.001892771 0.053014376 3031.977499552 0.198941173 
0.001898049 0.053014376 3027.009720140 0.198598623 
0.001903328 0.053014376 3022.259283729 0.198271138 
0.001908607 0.053014376 3017.730087208 0.197958976 
0.001913886 0.053014376 3013.425658397 0.197662369 
0.001919165 0.053014376 3009.349156682 0.197381525 
0.001924445 0.053014376 3005.503372841 0.197116626 
0.001929725 0.053014376 3001.890728174 0.196867829 
0.001935005 0.053014376 2998.513273053 0.196635267 
0.001940286 0.053014376 2995.372685057 0.196419047 
0.001945567 0.053014376 2992.470266823 0.196219251 
0.001950849 0.053014376 2989.806943788 0.196035936 
0.001956130 0.053014376 2987.383261973 0.195869131 
0.001961413 0.053014376 2985.199385986 0.195718844 
0.001966695 0.053014376 2983.255097385 0.195585052 
0.001971978 0.053014376 2981.549793577 0.195467711 
0.001977261 0.053014376 2980.082487390 0.195366748 
0.001982544 0.053014376 2978.851807464 0.195282065 
0.001987828 0.053014376 2977.855999574 0.195213539 
0.001993112 0.053014376 2977.092929013 0.195161020 
0.001998397 0.053014376 2976.560084122 0.195124335 
0.002003682 0.053014376 2976.254581033 0.195103282 
0.002008967 0.053014376 2976.173169702 0.195097640 
0.002014252 0.053014376 2976.312241243 0.195107158 
0.002019538 0.053014376 2976.667836591 0.195131566 
0.002024824 0.053014376 2977.235656480 0.195170568 
0.002030111 0.053014376 2978.011072704 0.195223848 
0.002035397 0.053014376 2978.989140622 0.195291067 
0.002040684 0.053014376 2980.164612830 0.195371866 
0.002045972 0.053014376 2981.531953928 0.195465868 
0.002051259 0.053014376 2983.085356289 0.195572675 
0.002056547 0.053014376 2984.818756728 0.195691874 
0.002061835 0.053014376 2986.725853953 0.195823034 
0.002067123 0.053014376 2988.800126701 0.195965709 
0.002072412 0.053014376 2991.034852423 0.196119442 
0.002077700 0.053014376 2993.423126408 0.196283761 
0.002082989 0.053014376 2995.957881224 0.196458183 
0.002088278 0.053014376 2998.631906361 0.196642215 
0.002093568 0.053014376 3001.437867952 0.196835357 
0.002098857 0.053014376 3004.368328468 0.197037101 
0.002104147 0.053014376 3007.415766271 0.197246932 
0.002109437 0.053014376 3010.572594924 0.197464331 
0.002114727 0.053014376 3013.831182157 0.197688777 
0.002120017 0.053014376 3017.183868400 0.197919746 
0.002125307 0.053014376 3020.622984788 0.198156711 
0.002130597 0.053014376 3024.140870567 0.198399149 
0.002135888 0.053014376 3027.729889835 0.198646536 
0.002141178 0.053014376 3031.382447531 0.198898350 
0.002146469 0.053014376 3035.091004659 0.199154075 
0.002151760 0.053014376 3038.848092663 0.199413198 
0.002157051 0.053014376 3042.646326945 0.199675211 
0.002162342 0.053014376 3046.478419498 0.199939613 
0.002167633 0.053014376 3050.337190630 0.200205910 
0.002172923 0.053014376 3054.215579786 0.200473616 
0.002178214 0.053014376 3058.106655463 0.200742253 
0.002183506 0.053014376 3062.003624245 0.201011352 
0.002188797 0.053014376 3065.899838966 0.201280455 
0.002194088 0.053014376 3069.788806034 0.201549112 
0.002199379 0.053014376 3073.664191961 0.201816887 
0.002204670 0.053014376 3077.519829126 0.202083352 
0.002209961 0.053014376 3081.349720827 0.202348093 
0.002215252 0.053014376 3085.148045670 0.202610704 
0.002220542 0.053014376 3088.909161345 0.202870796 
0.002225833 0.053014376 3092.627607842 0.203127989 
0.002231124 0.053014376 3096.298110171 0.203381915 
0.002236415 0.053014376 3099.915580629 0.203632223 
0.002241705 0.053014376 3103.475120672 0.203878569 
0.002246996 0.053014376 3106.972022451 0.204120627 
0.002252286 0.053014376 3110.401770046 0.204358081 
0.002257577 0.053014376 3113.760040462 0.204590629 
0.002262867 0.053014376 3117.042704416 0.204817983 
0.002268157 0.053014376 3120.245826959 0.205039867 
0.002273447 0.053014376 3123.365667966 0.205256019 
0.002278737 0.053014376 3126.398682528 0.205466192 
0.002284027 0.053014376 3129.341521254 0.205670149 
0.002289317 0.053014376 3132.191030530 0.205867670 
0.002294606 0.053014376 3134.944252719 0.206058547 
0.002299895 0.053014376 3137.598426332 0.206242584 
0.002305185 0.053014376 3140.150986174 0.206419601 
0.002310474 0.053014376 3142.599563447 0.206589432 
0.002315763 0.053014376 3144.941985830 0.206751922 
0.002321051 0.053014376 3147.176277509 0.206906931 
0.002326340 0.053014376 3149.300659159 0.207054334 
0.002331628 0.053014376 3151.313547856 0.207194018 
0.002336917 0.053014376 3153.213556900 0.207325884 
0.002342205 0.053014376 3154.999495539 0.207449848 
0.002347493 0.053014376 3156.670368565 0.207565837 
0.002352780 0.053014376 3158.225375765 0.207673794 
0.002358068 0.053014376 3159.663911200 0.207773675 
0.002363356 0.053014376 3160.985562291 0.207865449 
0.002368643 0.053014376 3162.190108699 0.207949100 
0.002373930 0.053014376 3163.277520957 0.208024623 
0.002379217 0.053014376 3164.247958856 0.208092028 
0.002384504 0.053014376 3165.101769552 0.208151339 
0.002389790 0.053014376 3165.839485382 0.208202590 
0.002395077 0.053014376 3166.461821376 0.208245831 
0.002400363 0.053014376 3166.969672447 0.208281122 
0.002405649 0.053014376 3167.364110258 0.208308538 
0.002410935 0.053014376 3167.646379754 0.208328164 
0.002416221 0.053014376 3167.817895352 0.208340099 
0.002421506 0.053014376 3167.880236794 0.208344451 
0.002426792 0.053014376 3167.835144666 0.208341342 
0.002432077 0.053014376 3167.684515578 0.208330903 
0.002437362 0.053014376 3167.430397029 0.208313277 
0.002442647 0.053014376 3167.074981949 0.208288615 
0.002447932 0.053014376 3166.620602947 0.208257082 
0.002453217 0.053014376 3166.069726276 0.208218847 
0.002458501 0.053014376 3165.424945524 0.208174092 
0.002463786 0.053014376 3164.688975069 0.208123007 
0.002469070 0.053014376 3163.864643305 0.208065787 
0.002474354 0.053014376 3162.954885673 0.208002638 
0.002479639 0.053014376 3161.962737516 0.207933772 
0.002484923 0.053014376 3160.891326784 0.207859406 
0.002490206 0.053014376 3159.743866628 0.207779764 
0.002495490 0.053014376 3158.523647890 0.207695076 
0.002500774 0.053014376 3157.234031543 0.207605576 
0.002506058 0.053014376 3155.878441081 0.207511503 
0.002511341 0.053014376 3154.460354912 0.207413098 
0.002516625 0.053014376 3152.983298765 0.207310609 
0.002521908 0.053014376 3151.450838139 0.207204282 
0.002527191 0.053014376 3149.866570832 0.207094369 
0.002532474 0.053014376 3148.234119551 0.206981122 
0.002537758 0.053014376 3146.557124651 0.206864793 
0.002543041 0.053014376 3144.839237002 0.206745638 
0.002548324 0.053014376 3143.084111015 0.206623911 
0.002553607 0.053014376 3141.295397840 0.206499865 
0.002558890 0.053014376 3139.476738753 0.206373753 
0.002564173 0.053014376 3137.631758747 0.206245829 
0.002569456 0.053014376 3135.764060325 0.206116340 
0.002574738 0.053014376 3133.877217523 0.205985537 
0.002580021 0.053014376 3131.974770163 0.205853665 
0.002585304 0.053014376 3130.060218326 0.205720966 
0.002590587 0.053014376 3128.137017082 0.205587681 
0.002595870 0.053014376 3126.208571441 0.205454045 
0.002601153 0.053014376 3124.278231552 0.205320291 
0.002606435 0.053014376 3122.349288144 0.205186647 
0.002611718 0.053014376 3120.424968193 0.205053336 
0.002617001 0.053014376 3118.508430833 0.204920578 
0.002622284 0.053014376 3116.602763487 0.204788584 
0.002627567 0.053014376 3114.710978227 0.204657565 
0.002632849 0.053014376 3112.836008355 0.204527723 
0.002638132 0.053014376 3110.980705192 0.204399255 
0.002643415 0.053014376 3109.147835074 0.204272352 
0.002648698 0.053014376 3107.340076557 0.204147199 
0.002653981 0.053014376 3105.560017806 0.204023975 
0.002659264 0.053014376 3103.810154180 0.203902851 
0.002664547 0.053014376 3102.092886004 0.203783995 
0.002669830 0.053014376 3100.410516509 0.203667563 
0.002675114 0.053014376 3098.765249955 0.203553708 
0.002680397 0.053014376 3097.159189920 0.203442576 
0.002685680 0.053014376 3095.594337757 0.203334303 
0.002690964 0.053014376 3094.072591210 0.203229021 
0.002696247 0.053014376 3092.595743193 0.203126853 
0.002701530 0.053014376 3091.165480731 0.203027914 
0.002706814 0.053014376 3089.783384048 0.202932313 
0.002712098 0.053014376 3088.450925826 0.202840152 
0.002717381 0.053014376 3087.169470602 0.202751524 
0.002722665 0.053014376 3085.940274337 0.202666515 
0.002727949 0.053014376 3084.764484128 0.202585204 
0.002733233 0.053014376 3083.643138090 0.202507663 
0.002738517 0.053014376 3082.577165383 0.202433953 
0.002743801 0.053014376 3081.567386400 0.202364133 
0.002749085 0.053014376 3080.614513126 0.202298249 
0.002754369 0.053014376 3079.719149638 0.202236344 
0.002759653 0.053014376 3078.881792783 0.202178452 
0.002764938 0.053014376 3078.102833005 0.202124598 
0.002770222 0.053014376 3077.382555342 0.202074802 
0.002775507 0.053014376 3076.721140582 0.202029077 
0.002780791 0.053014376 3076.118666574 0.201987426 
0.002786076 0.053014376 3075.575109710 0.201949848 
0.002791361 0.053014376 3075.090346555 0.201916335 
0.002796646 0.053014376 3074.664155638 0.201886870 
0.002801931 0.053014376 3074.296219395 0.201861432 
0.002807216 0.053014376 3073.986126264 0.201839991 
0.002812501 0.053014376 3073.733372920 0.201822513 
0.002817786 0.053014376 3073.537366655 0.201808957 
0.002823072 0.053014376 3073.397427898 0.201799275 
0.002828357 0.053014376 3073.312792854 0.201793416 
0.002833642 0.053014376 3073.282616277 0.201791319 
0.002838928 0.053014376 3073.305974352 0.201792922 
0.002844213 0.053014376 3073.381867689 0.201798156 
0.002849499 0.053014376 3073.509224417 0.201806946 
0.002854785 0.053014376 3073.686903370 0.201819214 
0.002860071 0.053014376 3073.913697356 0.201834876 
0.002865357 0.053014376 3074.188336501 0.201853845 
0.002870643 0.053014376 3074.509491655 0.201876029 
0.002875929 0.053014376 3074.875777860 0.201901332 
0.002881215 0.053014376 3075.285757857 0.201929656 
0.002886501 0.053014376 3075.737945630 0.201960898 
0.002891787 0.053014376 3076.230809982 0.201994952 
0.002897073 0.053014376 3076.762778123 0.202031710 
0.002902360 0.053014376 3077.332239265 0.202071060 
0.002907646 0.053014376 3077.937548220 0.202112890 
0.002912932 0.053014376 3078.577028988 0.202157084 
0.002918219 0.053014376 3079.248978317 0.202203523 
0.002923505 0.053014376 3079.951669252 0.202252090 
0.002928792 0.053014376 3080.683354632 0.202302663 
0.002934078 0.053014376 3081.442270561 0.202355120 
0.002939365 0.053014376 3082.226639817 0.202409340 
0.002944652 0.053014376 3083.034675215 0.202465199 
0.002949938 0.053014376 3083.864582905 0.202522573 
0.002955225 0.053014376 3084.714565603 0.202581337 
0.002960512 0.053014376 3085.582825753 0.202641369 
0.002965799 0.053014376 3086.467568611 0.202702543 
0.002971085 0.053014376 3087.367005250 0.202764736 
0.002976372 0.053014376 3088.279355486 0.202827826 
0.002981659 0.053014376 3089.202850707 0.202891690 
0.002986946 0.053014376 3090.135736629 0.202956207 
0.002992233 0.053014376 3091.076275946 0.203021257 
0.002997520 0.053014376 3092.022750900 0.203086720 
0.003002806 0.053014376 3092.973465749 0.203152481 
0.003008093 0.053014376 3093.926749145 0.203218423 
0.003013380 0.053014376 3094.880956414 0.203284433 
0.003018667 0.053014376 3095.834471744 0.203350398 
0.003023954 0.053014376 3096.785710271 0.203416210 
0.003029241 0.053014376 3097.733120073 0.203481760 
0.003034528 0.053014376 3098.675184070 0.203546944 
0.003039815 0.053014376 3099.610421825 0.203611659 
0.003045101 0.053014376 3100.537391249 0.203675805 
0.003050388 0.053014376 3101.454690217 0.203739286 
0.003055675 0.053014376 3102.360958085 0.203802006 
0.003060962 0.053014376 3103.254877116 0.203863875 
0.003066249 0.053014376 3104.135173810 0.203924805 
0.003071535 0.053014376 3105.000620151 0.203984709 
0.003076822 0.053014376 3105.850034753 0.204043507 
0.003082109 0.053014376 3106.682283920 0.204101120 
0.003087396 0.053014376 3107.496282613 0.204157472 
0.003092682 0.053014376 3108.290995337 0.204212491 
0.003097969 0.053014376 3109.065436925 0.204266110 
0.003103255 0.053014376 3109.818673247 0.204318262 
0.003108542 0.053014376 3110.549821823 0.204368888 
0.003113829 0.053014376 3111.258052351 0.204417929 
0.003119115 0.053014376 3111.942587156 0.204465332 
0.003124402 0.053014376 3112.602701538 0.204511045 
0.003129688 0.053014376 3113.237724048 0.204555022 
0.003134974 0.053014376 3113.847036674 0.204597221 
0.003140261 0.053014376 3114.430074943 0.204637601 
0.003145547 0.053014376 3114.986327936 0.204676129 
0.003150833 0.053014376 3115.515338229 0.204712770 
0.003156120 0.053014376 3116.016701740 0.204747498 
0.003161406 0.053014376 3116.490067506 0.204780288 
0.003166692 0.053014376 3116.935137369 0.204811119 
0.003171978 0.053014376 3117.351665593 0.204839974 
0.003177264 0.053014376 3117.739458389 0.204866839 
0.003182550 0.053014376 3118.098373382 0.204891705 
0.003187836 0.053014376 3118.428318981 0.204914564 
0.003193122 0.053014376 3118.729253692 0.204935415 
0.003198408 0.053014376 3119.001185348 0.204954257 
0.003203694 0.053014376 3119.244170275 0.204971094 
0.003208980 0.053014376 3119.458312382 0.204985933 
0.003214266 0.053014376 3119.643762195 0.204998785 
0.003219552 0.053014376 3119.800715814 0.205009663 
0.003224837 0.053014376 3119.929413821 0.205018584 
0.003230123 0.053014376 3120.030140118 0.205025567 
0.003235409 0.053014376 3120.103220714 0.205030635 
0.003240694 0.053014376 3120.149022461 0.205033814 
0.003245980 0.053014376 3120.167951729 0.205035131 
0.003251265 0.053014376 3120.160453047 0.205034617 
0.003256551 0.053014376 3120.127007687 0.205032305 
0.003261836 0.053014376 3120.068132216 0.205028232 
0.003267122 0.053014376 3119.984377005 0.205022435 
0.003272407 0.053014376 3119.876324706 0.205014955 
0.003277692 0.053014376 3119.744588695 0.205005835 
0.003282978 0.053014376 3119.589811492 0.204995118 
0.003288263 0.053014376 3119.412663153 0.204982852 
0.003293548 0.053014376 3119.213839643 0.204969084 
0.003298833 0.053014376 3118.994061194 0.204953865 
0.003304119 0.053014376 3118.754070644 0.204937246 
0.003309404 0.053014376 3118.494631770 0.204919279 
0.003314689 0.053014376 3118.216527618 0.204900020 
0.003319974 0.053014376 3117.920558819 0.204879524 
0.003325259 0.053014376 3117.607541914 0.204857847 
0.003330544 0.053014376 3117.278307681 0.204835047 
0.003335829 0.053014376 3116.933699462 0.204811182 
0.003341114 0.053014376 3116.574571509 0.204786313 
0.003346399 0.053014376 3116.201787330 0.204760497 
0.003351684 0.053014376 3115.816218063 0.204733797 
0.003356969 0.053014376 3115.418740859 0.204706272 
0.003362254 0.053014376 3115.010237285 0.204677984 
0.003367539 0.053014376 3114.591591754 0.204648994 
0.003372824 0.053014376 3114.163689978 0.204619363 
0.003378109 0.053014376 3113.727417446 0.204589153 
0.003383394 0.053014376 3113.283657936 0.204558426 
0.003388679 0.053014376 3112.833292052 0.204527241 
0.003393964 0.053014376 3112.377195800 0.204495660 
0.003399249 0.053014376 3111.916239193 0.204463744 
0.003404533 0.053014376 3111.451284896 0.204431551 
0.003409818 0.053014376 3110.983186910 0.204399141 
0.003415103 0.053014376 3110.512789292 0.204366572 
0.003420388 0.053014376 3110.040924912 0.204333903 
0.003425673 0.053014376 3109.568414263 0.204301189 
0.003430958 0.053014376 3109.096064304 0.204268487 
0.003436243 0.053014376 3108.624667347 0.204235852 
0.003441527 0.053014376 3108.154999994 0.204203337 
0.003446812 0.053014376 3107.687822114 0.204170995 
0.003452097 0.053014376 3107.223875871 0.204138878 
0.003457382 0.053014376 3106.763884794 0.204107035 
0.003462667 0.053014376 3106.308552898 0.204075515 
0.003467952 0.053014376 3105.858563849 0.204044366 
0.003473237 0.053014376 3105.414580180 0.204013632 
0.003478522 0.053014376 3104.977242559 0.203983360 
0.003483807 0.053014376 3104.547169097 0.203953591 
0.003489091 0.053014376 3104.124954711 0.203924366 
0.003494376 0.053014376 3103.711170537 0.203895725 
0.003499661 0.053014376 3103.306363391 0.203867706 
0.003504946 0.053014376 3102.911055276 0.203840345 
0.003510231 0.053014376 3102.525742945 0.203813677 
0.003515516 0.053014376 3102.150897510 0.203787733 
0.003520801 0.053014376 3101.786964096 0.203762544 
0.003526086 0.053014376 3101.434361552 0.203738141 
0.003531371 0.053014376 3101.093482206 0.203714548 
0.003536656 0.053014376 3100.764691668 0.203691793 
0.003541942 0.053014376 3100.448328683 0.203669898 
0.003547227 0.053014376 3100.144705030 0.203648885 
0.003552512 0.053014376 3099.854105469 0.203628774 
0.003557797 0.053014376 3099.576787735 0.203609581 
0.003563082 0.053014376 3099.312982571 0.203591324 
0.003568367 0.053014376 3099.062893821 0.203574016 
0.003573652 0.053014376 3098.826698548 0.203557670 
0.003578938 0.053014376 3098.604547212 0.203542296 
0.003584223 0.053014376 3098.396563879 0.203527902 
0.003589508 0.053014376 3098.202846478 0.203514496 
0.003594793 0.053014376 3098.023467093 0.203502081 
0.003600079 0.053014376 3097.858472301 0.203490662 
0.003605364 0.053014376 3097.707883541 0.203480240 
0.003610649 0.053014376 3097.571697525 0.203470814 
0.003615935 0.053014376 3097.449886678 0.203462383 
0.003621220 0.053014376 3097.342399622 0.203454944 
0.003626505 0.053014376 3097.249161682 0.203448490 
0.003631791 0.053014376 3097.170075430 0.203443015 
0.003637076 0.053014376 3097.105021259 0.203438511 
0.003642362 0.053014376 3097.053857979 0.203434968 
0.003647647 0.053014376 3097.016423444 0.203432376 
0.003652933 0.053014376 3096.992535210 0.203430720 
0.003658218 0.053014376 3096.981991200 0.203429988 
0.003663504 0.053014376 3096.984570411 0.203430163 
0.003668789 0.053014376 3097.000033624 0.203431231 
0.003674075 0.053014376 3097.028124143 0.203433172 
0.003679360 0.053014376 3097.068568546 0.203435967 
0.003684646 0.053014376 3097.121077453 0.203439598 
0.003689931 0.053014376 3097.185346308 0.203444042 
0.003695217 0.053014376 3097.261056169 0.203449278 
0.003700503 0.053014376 3097.347874513 0.203455282 
0.003705788 0.053014376 3097.445456048 0.203462032 
0.003711074 0.053014376 3097.553443528 0.203469501 
0.003716360 0.053014376 3097.671468580 0.203477665 
0.003721645 0.053014376 3097.799152528 0.203486497 
0.003726931 0.053014376 3097.936107225 0.203495972 
0.003732217 0.053014376 3098.081935881 0.203506060 
0.003737503 0.053014376 3098.236233892 0.203516734 
0.003742788 0.053014376 3098.398589669 0.203527966 
0.003748074 0.053014376 3098.568585457 0.203539727 
0.003753360 0.053014376 3098.745798157 0.203551987 
0.003758646 0.053014376 3098.929800135 0.203564718 
0.003763932 0.053014376 3099.120160027 0.203577888 
0.003769217 0.053014376 3099.316443533 0.203591469 
0.003774503 0.053014376 3099.518214205 0.203605430 
0.003779789 0.053014376 3099.725034214 0.203619740 
0.003785075 0.053014376 3099.936465122 0.203634369 
0.003790361 0.053014376 3100.152068620 0.203649288 
0.003795646 0.053014376 3100.371407269 0.203664465 
0.003800932 0.053014376 3100.594045214 0.203679871 
0.003806218 0.053014376 3100.819548891 0.203695475 
0.003811504 0.053014376 3101.047487710 0.203711248 
0.003816790 0.053014376 3101.277434722 0.203727161 
0.003822076 0.053014376 3101.508967273 0.203743183 
0.003827362 0.053014376 3101.741667630 0.203759287 
0.003832647 0.053014376 3101.975123593 0.203775443 
0.003837933 0.053014376 3102.208929085 0.203791624 
0.003843219 0.053014376 3102.442684723 0.203807801 
0.003848505 0.053014376 3102.675998362 0.203823948 
0.003853791 0.053014376 3102.908485623 0.203840038 
0.003859077 0.053014376 3103.139770396 0.203856045 
0.003864363 0.053014376 3103.369485320 0.203871944 
0.003869648 0.053014376 3103.597272241 0.203887710 
0.003874934 0.053014376 3103.822782644 0.203903318 
0.003880220 0.053014376 3104.045678065 0.203918746 
0.003885506 0.053014376 3104.265630476 0.203933970 
0.003890792 0.053014376 3104.482322646 0.203948969 
0.003896078 0.053014376 3104.695448482 0.203963721 
0.003901363 0.053014376 3104.904713338 0.203978206 
0.003906649 0.053014376 3105.109834306 0.203992405 
0.003911935 0.053014376 3105.310540482 0.204006298 
0.003917221 0.053014376 3105.506573200 0.204019868 
0.003922507 0.053014376 3105.697686254 0.204033098 
0.003927793 0.053014376 3105.883646083 0.204045971 
0.003933078 0.053014376 3106.064231941 0.204058472 
0.003938364 0.053014376 3106.239236037 0.204070587 
0.003943650 0.053014376 3106.408463656 0.204082302 
0.003948936 0.053014376 3106.571733250 0.204093605 
0.003954221 0.053014376 3106.728876512 0.204104484 
0.003959507 0.053014376 3106.879738419 0.204114929 
0.003964793 0.053014376 3107.024177264 0.204124929 
0.003970079 0.053014376 3107.162064650 0.204134475 
0.003975364 0.053014376 3107.293285475 0.204143560 
0.003980650 0.053014376 3107.417737887 0.204152177 
0.003985936 0.053014376 3107.535333223 0.204160319 
0.003991221 0.053014376 3107.645995923 0.204167981 
0.003996507 0.053014376 3107.749663422 0.204175159 
0.004001793 0.053014376 3107.846286032 0.204181849 
0.004007078 0.053014376 3107.935826792 0.204188049 
0.004012364 0.053014376 3108.018261304 0.204193757 
0.004017650 0.053014376 3108.093577558 0.204198973 
0.004022935 0.053014376 3108.161775725 0.204203695 
0.004028221 0.053014376 3108.222867946 0.204207926 
0.004033507 0.053014376 3108.276878099 0.204211667 
0.004038792 0.053014376 3108.323841547 0.204214919 
0.004044078 0.053014376 3108.363804881 0.204217687 
0.004049363 0.053014376 3108.396825634 0.204219975 
0.004054649 0.053014376 3108.422972000 0.204221786 
0.004059934 0.053014376 3108.442322522 0.204223127 
0.004065220 0.053014376 3108.454965780 0.204224004 
0.004070506 0.053014376 3108.461000062 0.204224423 
0.004075791 0.053014376 3108.460533025 0.204224392 
0.004081077 0.053014376 3108.453681353 0.204223919 
0.004086362 0.053014376 3108.440570390 0.204223013 
0.004091648 0.053014376 3108.421333786 0.204221682 
0.004096933 0.053014376 3108.396113116 0.204219937 
0.004102219 0.053014376 3108.365057503 0.204217789 
0.004107504 0.053014376 3108.328323234 0.204215247 
0.004112790 0.053014376 3108.286073368 0.204212323 
0.004118075 0.053014376 3108.238477341 0.204209029 
0.004123360 0.053014376 3108.185710568 0.204205377 
0.004128646 0.053014376 3108.127954038 0.204201380 
0.004133931 0.053014376 3108.065393915 0.204197050 
0.004139217 0.053014376 3107.998221127 0.204192401 
0.004144502 0.053014376 3107.926630965 0.204187446 
0.004149788 0.053014376 3107.850822673 0.204182199 
0.004155073 0.053014376 3107.770999042 0.204176674 
0.004160358 0.053014376 3107.687366006 0.204170885 
0.004165644 0.053014376 3107.600132243 0.204164847 
0.004170929 0.053014376 3107.509508769 0.204158574 
0.004176215 0.053014376 3107.415708544 0.204152081 
0.004181500 0.053014376 3107.318946081 0.204145383 
0.004186785 0.053014376 3107.219437053 0.204138496 
0.004192071 0.053014376 3107.117397914 0.204131433 
0.004197356 0.053014376 3107.013045518 0.204124209 
0.004202642 0.053014376 3106.906596746 0.204116841 
0.004207927 0.053014376 3106.798268145 0.204109343 
0.004213212 0.053014376 3106.688275566 0.204101729 
0.004218498 0.053014376 3106.576833815 0.204094015 
0.004223783 0.053014376 3106.464156307 0.204086216 
0.004229068 0.053014376 3106.350454738 0.204078345 
0.004234354 0.053014376 3106.235938752 0.204070418 
0.004239639 0.053014376 3106.120815633 0.204062450 
0.004244925 0.053014376 3106.005289989 0.204054453 
0.004250210 0.053014376 3105.889563464 0.204046442 
0.004255495 0.053014376 3105.773834445 0.204038432 
0.004260781 0.053014376 3105.658297792 0.204030434 
0.004266066 0.053014376 3105.543144566 0.204022464 
0.004271351 0.053014376 3105.428561781 0.204014532 
0.004276637 0.053014376 3105.314732158 0.204006653 
0.004281922 0.053014376 3105.201833896 0.203998838 
0.004287207 0.053014376 3105.090040449 0.203991100 
0.004292493 0.053014376 3104.979520323 0.203983450 
0.004297778 0.053014376 3104.870436875 0.203975900 
0.004303064 0.053014376 3104.762948135 0.203968459 
0.004308349 0.053014376 3104.657206632 0.203961140 
0.004313634 0.053014376 3104.553359232 0.203953952 
0.004318920 0.053014376 3104.451546997 0.203946905 
0.004324205 0.053014376 3104.351905047 0.203940008 
0.004329491 0.053014376 3104.254562439 0.203933270 
0.004334776 0.053014376 3104.159642057 0.203926699 
0.004340061 0.053014376 3104.067260514 0.203920305 
0.004345347 0.053014376 3103.977528070 0.203914094 
0.004350632 0.053014376 3103.890548557 0.203908073 
0.004355918 0.053014376 3103.806419317 0.203902250 
0.004361203 0.053014376 3103.725231158 0.203896630 
0.004366488 0.053014376 3103.647068310 0.203891220 
0.004371774 0.053014376 3103.572008409 0.203886024 
0.004377059 0.053014376 3103.500122476 0.203881048 
0.004382345 0.053014376 3103.431474920 0.203876296 
0.004387630 0.053014376 3103.366123542 0.203871772 
0.004392915 0.053014376 3103.304119563 0.203867480 
0.004398201 0.053014376 3103.245507648 0.203863423 
0.004403486 0.053014376 3103.190325950 0.203859603 
0.004408772 0.053014376 3103.138606162 0.203856023 
0.004414057 0.053014376 3103.090373579 0.203852684 
0.004419343 0.053014376 3103.045647170 0.203849588 
0.004424628 0.053014376 3103.004439657 0.203846735 
0.004429914 0.053014376 3102.966757605 0.203844127 
0.004435199 0.053014376 3102.932601526 0.203841762 
0.004440485 0.053014376 3102.901965979 0.203839641 
0.004445770 0.053014376 3102.874839690 0.203837763 
0.004451056 0.053014376 3102.851205676 0.203836127 
0.004456341 0.053014376 3102.831041371 0.203834730 
0.004461627 0.053014376 3102.814318770 0.203833572 
0.004466912 0.053014376 3102.801004569 0.203832650 
0.004472198 0.053014376 3102.791060317 0.203831961 
0.004477483 0.053014376 3102.784442576 0.203831503 
0.004482769 0.053014376 3102.781103078 0.203831271 
0.004488054 0.053014376 3102.780988898 0.203831262 
0.004493340 0.053014376 3102.784042623 0.203831473 
0.004498625 0.053014376 3102.790202534 0.203831899 
0.004503911 0.053014376 3102.799402780 0.203832535 
0.004509196 0.053014376 3102.811573569 0.203833376 
0.004514482 0.053014376 3102.826641354 0.203834419 
0.004519767 0.053014376 3102.844529024 0.203835656 
0.004525053 0.053014376 3102.865156100 0.203837083 
0.004530339 0.053014376 3102.888438927 0.203838694 
0.004535624 0.053014376 3102.914290875 0.203840483 
0.004540910 0.053014376 3102.942622538 0.203842443 
0.004546195 0.053014376 3102.973341933 0.203844568 
0.004551481 0.053014376 3103.006354701 0.203846853 
0.004556766 0.053014376 3103.041564312 0.203849289 
0.004562052 0.053014376 3103.078872261 0.203851871 
0.004567338 0.053014376 3103.118178274 0.203854591 
0.004572623 0.053014376 3103.159380504 0.203857442 
0.004577909 0.053014376 3103.202375737 0.203860417 
0.004583194 0.053014376 3103.247059582 0.203863509 
0.004588480 0.053014376 3103.293326676 0.203866711 
0.004593766 0.053014376 3103.341070872 0.203870015 
0.004599051 0.053014376 3103.390185436 0.203873414 
0.004604337 0.053014376 3103.440563235 0.203876901 
0.004609622 0.053014376 3103.492096926 0.203880467 
0.004614908 0.053014376 3103.544679137 0.203884106 
0.004620194 0.053014376 3103.598202653 0.203887810 
0.004625479 0.053014376 3103.652560590 0.203891572 
0.004630765 0.053014376 3103.707646569 0.203895385 
0.004636050 0.053014376 3103.763354887 0.203899240 
0.004641336 0.053014376 3103.819580684 0.203903132 
0.004646622 0.053014376 3103.876220101 0.203907052 
0.004651907 0.053014376 3103.933170437 0.203910993 
0.004657193 0.053014376 3103.990330306 0.203914949 
0.004662478 0.053014376 3104.047599778 0.203918913 
0.004667764 0.053014376 3104.104880523 0.203922878 
0.004673050 0.053014376 3104.162075948 0.203926836 
0.004678335 0.053014376 3104.219091330 0.203930783 
0.004683621 0.053014376 3104.275833940 0.203934710 
0.004688906 0.053014376 3104.332213161 0.203938612 
0.004694192 0.053014376 3104.388140608 0.203942483 
0.004699478 0.053014376 3104.443530233 0.203946317 
0.004704763 0.053014376 3104.498298429 0.203950108 
0.004710049 0.053014376 3104.552364126 0.203953850 
0.004715335 0.053014376 3104.605648884 0.203957539 
0.004720620 0.053014376 3104.658076977 0.203961168 
0.004725906 0.053014376 3104.709575470 0.203964732 
0.004731191 0.053014376 3104.760074295 0.203968228 
0.004736477 0.053014376 3104.809506317 0.203971650 
0.004741763 0.053014376 3104.857807392 0.203974993 
0.004747048 0.053014376 3104.904916424 0.203978254 
0.004752334 0.053014376 3104.950775414 0.203981428 
0.004757619 0.053014376 3104.995329497 0.203984512 
0.004762905 0.053014376 3105.038526989 0.203987503 
0.004768190 0.053014376 3105.080319403 0.203990396 
0.004773476 0.053014376 3105.120661487 0.203993188 
0.004778762 0.053014376 3105.159511233 0.203995878 
0.004784047 0.053014376 3105.196829895 0.203998461 
0.004789333 0.053014376 3105.232581994 0.204000936 
0.004794618 0.053014376 3105.266735320 0.204003300 
0.004799904 0.053014376 3105.299260926 0.204005552 
0.004805190 0.053014376 3105.330133121 0.204007689 
0.004810475 0.053014376 3105.359329457 0.204009711 
0.004815761 0.053014376 3105.386830702 0.204011615 
0.004821046 0.053014376 3105.412620821 0.204013400 
0.004826332 0.053014376 3105.436686945 0.204015066 
0.004831617 0.053014376 3105.459019335 0.204016612 
0.004836903 0.053014376 3105.479611342 0.204018038 
0.004842188 0.053014376 3105.498459365 0.204019343 
0.004847474 0.053014376 3105.515562802 0.204020527 
0.004852760 0.053014376 3105.530923997 0.204021591 
0.004858045 0.053014376 3105.544548184 0.204022534 
0.004863331 0.053014376 3105.556443427 0.204023358 
0.004868616 0.053014376 3105.566620553 0.204024063 
0.004873902 0.053014376 3105.575093091 0.204024650 
0.004879187 0.053014376 3105.581877195 0.204025120 
0.004884473 0.053014376 3105.586991571 0.204025474 
0.004889758 0.053014376 3105.590457404 0.204025714 
0.004895044 0.053014376 3105.592298272 0.204025842 
0.004900329 0.053014376 3105.592540069 0.204025859 
0.004905615 0.053014376 3105.591210917 0.204025767 
0.004910900 0.053014376 3105.588341082 0.204025569 
0.004916186 0.053014376 3105.583962881 0.204025266 
0.004921472 0.053014376 3105.578110593 0.204024861 
0.004926757 0.053014376 3105.570820367 0.204024357 
0.004932043 0.053014376 3105.562130126 0.204023756 
0.004937328 0.053014376 3105.552079474 0.204023060 
0.004942614 0.053014376 3105.540709596 0.204022274 
0.004947899 0.053014376 3105.528063166 0.204021399 
0.004953185 0.053014376 3105.514184241 0.204020438 
0.004958470 0.053014376 3105.499118169 0.204019396 
0.004963756 0.053014376 3105.482911486 0.204018274 
0.004969041 0.053014376 3105.465611818 0.204017077 
0.004974327 0.053014376 3105.447267781 0.204015807 
0.004979612 0.053014376 3105.427928882 0.204014469 
0.004984898 0.053014376 3105.407645417 0.204013065 
0.004990183 0.053014376 3105.386468377 0.204011599 
0.004995469 0.053014376 3105.364449347 0.204010076 
0.004999961 0.053014376 3105.345110047 0.204008737 
