Sim: 4
ID: 274
Description: Test run of cold flow MSSE simulation with Ma 0.1 initialisation
Variables: 4
time A mass_flux Ma
0.000003139 0.418538681 6323.239580136 0.922327729 
0.000012276 0.418538681 5535.945171306 0.983317907 
0.000020803 0.418538681 5323.964290248 0.998074694 
0.000029201 0.418538681 5209.874279567 1.010886177 
0.000037545 0.418538681 5096.609606305 1.036351300 
0.000045824 0.418538681 4975.203250687 1.062126328 
0.000054047 0.418538681 4850.489086228 1.080984229 
0.000062243 0.418538681 4725.616889564 1.092212629 
0.000070432 0.418538681 4601.151560337 1.098892774 
0.000078622 0.418538681 4476.448418543 1.104940117 
0.000086812 0.418538681 4351.495896196 1.112229170 
0.000094998 0.418538681 4226.814422234 1.121174680 
0.000103175 0.418538681 4103.295531701 1.131660259 
0.000111338 0.418538681 3981.974767589 1.143403847 
0.000119485 0.418538681 3863.947769323 1.156131368 
0.000127613 0.418538681 3750.326861627 1.169657446 
0.000135719 0.418538681 3642.216877602 1.183909738 
0.000143802 0.418538681 3540.767893760 1.198928563 
0.000151857 0.418538681 3447.226438881 1.214852224 
0.000159881 0.418538681 3362.827520237 1.231879143 
0.000167870 0.418538681 3288.472510923 1.250201439 
0.000175817 0.418538681 3223.981562833 1.269875452 
0.000183719 0.418538681 3166.700604428 1.290588123 
0.000191573 0.418538681 3110.623962190 1.311488504 
0.000199382 0.418538681 3048.819299426 1.331527478 
0.000207153 0.418538681 2978.156360267 1.350195012 
0.000214890 0.418538681 2900.755697112 1.367799483 
0.000222599 0.418538681 2821.048656097 1.385056682 
0.000230281 0.418538681 2742.650766035 1.402597811 
0.000237933 0.418538681 2667.442324265 1.420796847 
0.000245556 0.418538681 2596.076037060 1.439832966 
0.000253145 0.418538681 2528.697730111 1.459804098 
0.000260699 0.418538681 2465.557471267 1.480838801 
0.000268214 0.418538681 2407.821272502 1.503270188 
0.000275685 0.418538681 2359.018072221 1.527973036 
0.000283063 0.418538681 2327.160886337 1.556687251 
0.000290312 0.418538681 2323.624812406 1.592086451 
0.000297452 0.418538681 2352.901207696 1.635561001 
0.000304494 0.418538681 2396.264695832 1.683199389 
0.000311443 0.418538681 2421.386602233 1.728123719 
0.000318299 0.418538681 2414.481674411 1.767455802 
0.000325064 0.418538681 2383.511454174 1.802818594 
0.000331742 0.418538681 2340.732338028 1.836754603 
0.000338335 0.418538681 2293.885635989 1.870954747 
0.000344846 0.418538681 2246.329518700 1.906248910 
0.000351280 0.418538681 2199.117482928 1.943003655 
0.000357640 0.418538681 2152.417629110 1.981407087 
0.000363928 0.418538681 2106.150541255 2.021597036 
0.000370150 0.418538681 2060.200291850 2.063694033 
0.000376307 0.418538681 2014.460848996 2.107790253 
0.000382403 0.418538681 1968.841603219 2.153922660 
0.000388442 0.418538681 1923.276913322 2.202040223 
0.000394426 0.418538681 1877.748851356 2.251968593 
0.000400359 0.418538681 1832.318715937 2.303375854 
0.000406244 0.418538681 1787.157398893 2.355746348 
0.000412083 0.418538681 1742.560117563 2.408376958 
0.000417879 0.418538681 1698.933403985 2.460410807 
0.000423635 0.418538681 1656.749345056 2.510915618 
0.000429353 0.418538681 1616.476811017 2.558995149 
0.000435035 0.418538681 1578.510844955 2.603903107 
0.000440684 0.418538681 1543.126042180 2.645125658 
0.000446302 0.418538681 1510.460707896 2.682410373 
0.000451890 0.418538681 1480.533529531 2.715745453 
0.000457450 0.418538681 1453.277367477 2.745307197 
0.000462984 0.418538681 1428.569231935 2.771396458 
0.000468495 0.418538681 1406.253444973 2.794384226 
0.000473986 0.418538681 1386.169876842 2.814659413 
0.000479461 0.418538681 1368.165389559 2.832597685 
0.000484921 0.418538681 1352.095310794 2.848544588 
0.000490368 0.418538681 1337.822173629 2.862807118 
0.000495804 0.418538681 1325.214762628 2.875651372 
0.000501229 0.418538681 1314.147299983 2.887303682 
0.000506645 0.418538681 1304.497667786 2.897953144 
0.000512052 0.418538681 1296.145552793 2.907754815 
0.000517450 0.418538681 1288.970705915 2.916833106 
0.000522841 0.418538681 1282.851464752 2.925285157 
0.000528224 0.418538681 1277.664896842 2.933184602 
0.000533600 0.418538681 1273.287877447 2.940585409 
0.000538969 0.418538681 1269.597893775 2.947525271 
0.000544331 0.418538681 1266.474395725 2.954028871 
0.000549687 0.418538681 1263.801050493 2.960111189 
0.000555038 0.418538681 1261.468542387 2.965780733 
0.000560382 0.418538681 1259.378015984 2.971042754 
0.000565722 0.418538681 1257.445220205 2.975902478 
0.000571057 0.418538681 1255.603403995 2.980367568 
0.000576388 0.418538681 1253.804317393 2.984449580 
0.000581715 0.418538681 1252.018123931 2.988164761 
0.000587039 0.418538681 1250.232146731 2.991534197 
0.000592360 0.418538681 1248.448336822 2.994583289 
0.000597678 0.418538681 1246.680088653 2.997340828 
0.000602993 0.418538681 1244.948912901 2.999837866 
0.000608307 0.418538681 1243.281220786 3.002106520 
0.000613619 0.418538681 1241.705544822 3.004178848 
0.000618929 0.418538681 1240.250287868 3.006085866 
0.000624237 0.418538681 1238.942050108 3.007856762 
0.000629544 0.418538681 1237.805012227 3.009518515 
0.000634850 0.418538681 1236.861049624 3.011095810 
0.000640154 0.418538681 1236.129904541 3.012610998 
0.000645456 0.418538681 1235.629544058 3.014084158 
0.000650757 0.418538681 1235.376739279 3.015533278 
0.000656057 0.418538681 1235.387615571 3.016974469 
0.000661354 0.418538681 1235.678003901 3.018422135 
0.000666650 0.418538681 1236.263515646 3.019889052 
0.000671944 0.418538681 1237.159303846 3.021386351 
0.000677236 0.418538681 1238.379510836 3.022923377 
0.000682525 0.418538681 1239.936456750 3.024507459 
0.000687812 0.418538681 1241.839711771 3.026143652 
0.000693096 0.418538681 1244.095141919 3.027834462 
0.000698377 0.418538681 1246.703899551 3.029579574 
0.000703655 0.418538681 1249.661557396 3.031375643 
0.000708930 0.418538681 1252.957657397 3.033216260 
0.000714201 0.418538681 1256.575681790 3.035092104 
0.000719469 0.418538681 1260.493439609 3.036991277 
0.000724733 0.418538681 1264.683784467 3.038899759 
0.000729993 0.418538681 1269.115293095 3.040801863 
0.000735249 0.418538681 1273.753338790 3.042680837 
0.000740501 0.418538681 1278.561931380 3.044519755 
0.000745749 0.418538681 1283.505178834 3.046302245 
0.000750993 0.418538681 1288.548147176 3.048012949 
0.000756233 0.418538681 1293.657672045 3.049637942 
0.000761470 0.418538681 1298.803083760 3.051165091 
0.000766703 0.418538681 1303.956682963 3.052584291 
0.000771932 0.418538681 1309.093965708 3.053887577 
0.000777158 0.418538681 1314.193642397 3.055069128 
0.000782381 0.418538681 1319.237498306 3.056125177 
0.000787601 0.418538681 1324.210149217 3.057053848 
0.000792817 0.418538681 1329.098741805 3.057854968 
0.000798032 0.418538681 1333.892635316 3.058529855 
0.000803243 0.418538681 1338.583091432 3.059081098 
0.000808453 0.418538681 1343.162992811 3.059512351 
0.000813660 0.418538681 1347.626592669 3.059828129 
0.000818865 0.418538681 1351.969293546 3.060033620 
0.000824069 0.418538681 1356.187466360 3.060134518 
0.000829270 0.418538681 1360.278312229 3.060136872 
0.000834471 0.418538681 1364.239757657 3.060046964 
0.000839670 0.418538681 1368.070374953 3.059871203 
0.000844868 0.418538681 1371.769322234 3.059616034 
0.000850065 0.418538681 1375.336297565 3.059287868 
0.000855261 0.418538681 1378.771501876 3.058893022 
0.000860456 0.418538681 1382.075605898 3.058437679 
0.000865651 0.418538681 1385.249716992 3.057927852 
0.000870845 0.418538681 1388.295342845 3.057369361 
0.000876039 0.418538681 1391.214350125 3.056767818 
0.000881233 0.418538681 1394.008917602 3.056128619 
0.000886426 0.418538681 1396.681484738 3.055456934 
0.000891619 0.418538681 1399.234697842 3.054757709 
0.000896812 0.418538681 1401.671352640 3.054035666 
0.000902005 0.418538681 1403.994332968 3.053295300 
0.000907199 0.418538681 1406.206556070 3.052540881 
0.000912392 0.418538681 1408.310930055 3.051776457 
0.000917585 0.418538681 1410.310318359 3.051005859 
0.000922779 0.418538681 1412.207510795 3.050232701 
0.000927973 0.418538681 1414.005204482 3.049460382 
0.000933167 0.418538681 1415.705995584 3.048692089 
0.000938362 0.418538681 1417.312380947 3.047930803 
0.000943557 0.418538681 1418.826768084 3.047179298 
0.000948753 0.418538681 1420.251491387 3.046440150 
0.000953949 0.418538681 1421.588832173 3.045715734 
0.000959146 0.418538681 1422.841040022 3.045008231 
0.000964343 0.418538681 1424.010352941 3.044319626 
0.000969541 0.418538681 1425.099013991 3.043651704 
0.000974739 0.418538681 1426.109282321 3.043006045 
0.000979938 0.418538681 1427.043436890 3.042384013 
0.000985138 0.418538681 1427.903771710 3.041786744 
0.000990339 0.418538681 1428.692581941 3.041215128 
0.000995541 0.418538681 1429.412140822 3.040669789 
0.001000744 0.418538681 1430.064667957 3.040151060 
0.001005948 0.418538681 1430.652290099 3.039658965 
0.001011152 0.418538681 1431.176996016 3.039193194 
0.001016358 0.418538681 1431.640587511 3.038753083 
0.001021566 0.418538681 1432.044628952 3.038337603 
0.001026774 0.418538681 1432.390397896 3.037945351 
0.001031984 0.418538681 1432.678839465 3.037574550 
0.001037196 0.418538681 1432.910527085 3.037223059 
0.001042409 0.418538681 1433.085632019 3.036888395 
0.001047624 0.418538681 1433.203903822 3.036567766 
0.001052841 0.418538681 1433.264663446 3.036258112 
0.001058059 0.418538681 1433.266810455 3.035956157 
0.001063280 0.418538681 1433.208849229 3.035658478 
0.001068502 0.418538681 1433.088948723 3.035361580 
0.001073726 0.418538681 1432.904994339 3.035061972 
0.001078953 0.418538681 1432.654536047 3.034756206 
0.001084182 0.418538681 1432.334839278 3.034440954 
0.001089413 0.418538681 1431.943145969 3.034113138 
0.001094647 0.418538681 1431.476800187 3.033770026 
0.001099882 0.418538681 1430.933242335 3.033409260 
0.001105121 0.418538681 1430.310067105 3.033028895 
0.001110361 0.418538681 1429.605130174 3.032627461 
0.001115605 0.418538681 1428.816650853 3.032204000 
0.001120850 0.418538681 1427.943301534 3.031758096 
0.001126099 0.418538681 1426.984282293 3.031289890 
0.001131349 0.418538681 1425.939378508 3.030800070 
0.001136602 0.418538681 1424.809002605 3.030289858 
0.001141858 0.418538681 1423.594221998 3.029760973 
0.001147116 0.418538681 1422.296773523 3.029215594 
0.001152377 0.418538681 1420.919063403 3.028656312 
0.001157640 0.418538681 1419.464152263 3.028086077 
0.001162906 0.418538681 1417.935725695 3.027508133 
0.001168174 0.418538681 1416.338051655 3.026925952 
0.001173444 0.418538681 1414.675926367 3.026343171 
0.001178716 0.418538681 1412.954610675 3.025763517 
0.001183991 0.418538681 1411.179758905 3.025190743 
0.001189267 0.418538681 1409.357342397 3.024628561 
0.001194546 0.418538681 1407.493569901 3.024080586 
0.001199827 0.418538681 1405.594806965 3.023550275 
0.001205110 0.418538681 1403.667496334 3.023040882 
0.001210394 0.418538681 1401.718081218 3.022555414 
0.001215681 0.418538681 1399.752933053 3.022096594 
0.001220969 0.418538681 1397.778285152 3.021666838 
0.001226259 0.418538681 1395.800173337 3.021268230 
0.001231550 0.418538681 1393.824384398 3.020902513 
0.001236843 0.418538681 1391.856412897 3.020571079 
0.001242137 0.418538681 1389.901426605 3.020274973 
0.001247432 0.418538681 1387.964240569 3.020014901 
0.001252729 0.418538681 1386.049299604 3.019791238 
0.001258027 0.418538681 1384.160668790 3.019604047 
0.001263326 0.418538681 1382.302031407 3.019453099 
0.001268625 0.418538681 1380.476693607 3.019337899 
0.001273926 0.418538681 1378.687595038 3.019257709 
0.001279228 0.418538681 1376.937324577 3.019211578 
0.001284530 0.418538681 1375.228140312 3.019198368 
0.001289833 0.418538681 1373.561992918 3.019216791 
0.001295137 0.418538681 1371.940551591 3.019265427 
0.001300442 0.418538681 1370.365231760 3.019342762 
0.001305747 0.418538681 1368.837223836 3.019447211 
0.001311052 0.418538681 1367.357522349 3.019577144 
0.001316358 0.418538681 1365.926954861 3.019730912 
0.001321664 0.418538681 1364.546210136 3.019906867 
0.001326970 0.418538681 1363.215865084 3.020103385 
0.001332277 0.418538681 1361.936410106 3.020318879 
0.001337584 0.418538681 1360.708272467 3.020551820 
0.001342891 0.418538681 1359.531837431 3.020800744 
0.001348199 0.418538681 1358.407466907 3.021064269 
0.001353506 0.418538681 1357.335515421 3.021341096 
0.001358814 0.418538681 1356.316343275 3.021630019 
0.001364121 0.418538681 1355.350326793 3.021929927 
0.001369428 0.418538681 1354.437865599 3.022239806 
0.001374736 0.418538681 1353.579386939 3.022558737 
0.001380043 0.418538681 1352.775347066 3.022885894 
0.001385350 0.418538681 1352.026229803 3.023220540 
0.001390658 0.418538681 1351.332542409 3.023562019 
0.001395965 0.418538681 1350.694808928 3.023909753 
0.001401271 0.418538681 1350.113561267 3.024263228 
0.001406578 0.418538681 1349.589328259 3.024621991 
0.001411884 0.418538681 1349.122623032 3.024985634 
0.001417190 0.418538681 1348.713929009 3.025353789 
0.001422496 0.418538681 1348.363684924 3.025726114 
0.001427801 0.418538681 1348.072269222 3.026102286 
0.001433106 0.418538681 1347.839984236 3.026481988 
0.001438410 0.418538681 1347.667040540 3.026864898 
0.001443714 0.418538681 1347.553541849 3.027250686 
0.001449018 0.418538681 1347.499470837 3.027639000 
0.001454321 0.418538681 1347.504676199 3.028029462 
0.001459624 0.418538681 1347.568861259 3.028421662 
0.001464926 0.418538681 1347.691574387 3.028815150 
0.001470227 0.418538681 1347.872201422 3.029209438 
0.001475528 0.418538681 1348.109960267 3.029603994 
0.001480829 0.418538681 1348.403897756 3.029998241 
0.001486129 0.418538681 1348.752888831 3.030391562 
0.001491428 0.418538681 1349.155638038 3.030783297 
0.001496726 0.418538681 1349.610683270 3.031172748 
0.001502024 0.418538681 1350.116401646 3.031559182 
0.001507321 0.418538681 1350.671017391 3.031941841 
0.001512618 0.418538681 1351.272611513 3.032319940 
0.001517914 0.418538681 1351.919133068 3.032692681 
0.001523209 0.418538681 1352.608411769 3.033059255 
0.001528503 0.418538681 1353.338171684 3.033418851 
0.001533797 0.418538681 1354.106045765 3.033770667 
0.001539089 0.418538681 1354.909590936 3.034113910 
0.001544382 0.418538681 1355.746303485 3.034447812 
0.001549673 0.418538681 1356.613634525 3.034771631 
0.001554964 0.418538681 1357.509005483 3.035084660 
0.001560254 0.418538681 1358.429826076 3.035386235 
0.001565543 0.418538681 1359.373519405 3.035675744 
0.001570831 0.418538681 1360.337525175 3.035952628 
0.001576119 0.418538681 1361.319260347 3.036216364 
0.001581406 0.418538681 1362.316151630 3.036466480 
0.001586693 0.418538681 1363.325721075 3.036702584 
0.001591979 0.418538681 1364.345583194 3.036924358 
0.001597264 0.418538681 1365.373410211 3.037131546 
0.001602548 0.418538681 1366.406932568 3.037323951 
0.001607832 0.418538681 1367.443953243 3.037501436 
0.001613115 0.418538681 1368.482358799 3.037663928 
0.001618398 0.418538681 1369.520126582 3.037811419 
0.001623680 0.418538681 1370.555328206 3.037943965 
0.001628961 0.418538681 1371.586129895 3.038061676 
0.001634243 0.418538681 1372.610791497 3.038164718 
0.001639523 0.418538681 1373.627665514 3.038253302 
0.001644803 0.418538681 1374.635196229 3.038327685 
0.001650083 0.418538681 1375.631918444 3.038388165 
0.001655362 0.418538681 1376.616455536 3.038435075 
0.001660640 0.418538681 1377.587516831 3.038468781 
0.001665919 0.418538681 1378.543894441 3.038489677 
0.001671197 0.418538681 1379.484459670 3.038498180 
0.001676474 0.418538681 1380.408159127 3.038494726 
0.001681751 0.418538681 1381.314010614 3.038479766 
0.001687028 0.418538681 1382.201098873 3.038453762 
0.001692305 0.418538681 1383.068571280 3.038417182 
0.001697581 0.418538681 1383.915633531 3.038370499 
0.001702857 0.418538681 1384.741545397 3.038314183 
0.001708133 0.418538681 1385.545616613 3.038248702 
0.001713409 0.418538681 1386.327202939 3.038174519 
0.001718684 0.418538681 1387.085702451 3.038092086 
0.001723959 0.418538681 1387.820552107 3.038001847 
0.001729234 0.418538681 1388.531224612 3.037904231 
0.001734509 0.418538681 1389.217225630 3.037799654 
0.001739784 0.418538681 1389.878091350 3.037688517 
0.001745059 0.418538681 1390.513386522 3.037571203 
0.001750333 0.418538681 1391.122704321 3.037448082 
0.001755608 0.418538681 1391.705671621 3.037319507 
0.001760882 0.418538681 1392.261945545 3.037185819 
0.001766157 0.418538681 1392.791181264 3.037047331 
0.001771431 0.418538681 1393.293034408 3.036904332 
0.001776706 0.418538681 1393.767208027 3.036757103 
0.001781980 0.418538681 1394.213453986 3.036605923 
0.001787254 0.418538681 1394.631547296 3.036451053 
0.001792529 0.418538681 1395.021280184 3.036292739 
0.001797804 0.418538681 1395.382467470 3.036131217 
0.001803078 0.418538681 1395.714951666 3.035966710 
0.001808353 0.418538681 1396.018606772 3.035799438 
0.001813628 0.418538681 1396.293340677 3.035629618 
0.001818903 0.418538681 1396.539096220 3.035457460 
0.001824178 0.418538681 1396.755851826 3.035283177 
0.001829453 0.418538681 1396.943622590 3.035106975 
0.001834728 0.418538681 1397.102461888 3.034929063 
0.001840004 0.418538681 1397.232463181 3.034749650 
0.001845280 0.418538681 1397.333761704 3.034568947 
0.001850555 0.418538681 1397.406535960 3.034387169 
0.001855832 0.418538681 1397.451008992 3.034204535 
0.001861108 0.418538681 1397.467449437 3.034021269 
0.001866384 0.418538681 1397.456172355 3.033837600 
0.001871661 0.418538681 1397.417539816 3.033653763 
0.001876938 0.418538681 1397.351961223 3.033469998 
0.001882216 0.418538681 1397.259893370 3.033286552 
0.001887493 0.418538681 1397.141840209 3.033103675 
0.001892771 0.418538681 1396.998352320 3.032921624 
0.001898049 0.418538681 1396.830026094 3.032740659 
0.001903328 0.418538681 1396.637502618 3.032561045 
0.001908607 0.418538681 1396.421466273 3.032383049 
0.001913886 0.418538681 1396.182643048 3.032206939 
0.001919165 0.418538681 1395.921798607 3.032032984 
0.001924445 0.418538681 1395.639736088 3.031861456 
0.001929725 0.418538681 1395.337293699 3.031692621 
0.001935005 0.418538681 1395.015342095 3.031526746 
0.001940286 0.418538681 1394.674781590 3.031364093 
0.001945567 0.418538681 1394.316539210 3.031204918 
0.001950849 0.418538681 1393.941565630 3.031049472 
0.001956130 0.418538681 1393.550832015 3.030897999 
0.001961413 0.418538681 1393.145326788 3.030750733 
0.001966695 0.418538681 1392.726052371 3.030607899 
0.001971978 0.418538681 1392.294021908 3.030469710 
0.001977261 0.418538681 1391.850256007 3.030336370 
0.001982544 0.418538681 1391.395779531 3.030208066 
0.001987828 0.418538681 1390.931618455 3.030084975 
0.001993112 0.418538681 1390.458796820 3.029967259 
0.001998397 0.418538681 1389.978333811 3.029855064 
0.002003682 0.418538681 1389.491240967 3.029748521 
0.002008967 0.418538681 1388.998519559 3.029647747 
0.002014252 0.418538681 1388.501158139 3.029552841 
0.002019538 0.418538681 1388.000130276 3.029463887 
0.002024824 0.418538681 1387.496392499 3.029380953 
0.002030111 0.418538681 1386.990882434 3.029304093 
0.002035397 0.418538681 1386.484517167 3.029233342 
0.002040684 0.418538681 1385.978191800 3.029168721 
0.002045972 0.418538681 1385.472778223 3.029110238 
0.002051259 0.418538681 1384.969124089 3.029057885 
0.002056547 0.418538681 1384.468051976 3.029011639 
0.002061835 0.418538681 1383.970358733 3.028971465 
0.002067123 0.418538681 1383.476814998 3.028937316 
0.002072412 0.418538681 1382.988164860 3.028909133 
0.002077700 0.418538681 1382.505125673 3.028886843 
0.002082989 0.418538681 1382.028387976 3.028870365 
0.002088278 0.418538681 1381.558615525 3.028859609 
0.002093568 0.418538681 1381.096445405 3.028854473 
0.002098857 0.418538681 1380.642488211 3.028854850 
0.002104147 0.418538681 1380.197328272 3.028860623 
0.002109437 0.418538681 1379.761523920 3.028871669 
0.002114727 0.418538681 1379.335607758 3.028887860 
0.002120017 0.418538681 1378.920086951 3.028909062 
0.002125307 0.418538681 1378.515443488 3.028935136 
0.002130597 0.418538681 1378.122134441 3.028965938 
0.002135888 0.418538681 1377.740592182 3.029001321 
0.002141178 0.418538681 1377.371224572 3.029041135 
0.002146469 0.418538681 1377.014415103 3.029085228 
0.002151760 0.418538681 1376.670523005 3.029133445 
0.002157051 0.418538681 1376.339883294 3.029185627 
0.002162342 0.418538681 1376.022806791 3.029241616 
0.002167633 0.418538681 1375.719580084 3.029301252 
0.002172923 0.418538681 1375.430465463 3.029364373 
0.002178214 0.418538681 1375.155700811 3.029430816 
0.002183506 0.418538681 1374.895499470 3.029500416 
0.002188797 0.418538681 1374.650050089 3.029573009 
0.002194088 0.418538681 1374.419516452 3.029648429 
0.002199379 0.418538681 1374.204037302 3.029726510 
0.002204670 0.418538681 1374.003726168 3.029807085 
0.002209961 0.418538681 1373.818671204 3.029889985 
0.002215252 0.418538681 1373.648935045 3.029975042 
0.002220542 0.418538681 1373.494554696 3.030062086 
0.002225833 0.418538681 1373.355541453 3.030150949 
0.002231124 0.418538681 1373.231880873 3.030241459 
0.002236415 0.418538681 1373.123532793 3.030333446 
0.002241705 0.418538681 1373.030431416 3.030426739 
0.002246996 0.418538681 1372.952485451 3.030521166 
0.002252286 0.418538681 1372.889578332 3.030616557 
0.002257577 0.418538681 1372.841568510 3.030712739 
0.002262867 0.418538681 1372.808289817 3.030809541 
0.002268157 0.418538681 1372.789551917 3.030906794 
0.002273447 0.418538681 1372.785140832 3.031004325 
0.002278737 0.418538681 1372.794819545 3.031101968 
0.002284027 0.418538681 1372.818328686 3.031199553 
0.002289317 0.418538681 1372.855387292 3.031296914 
0.002294606 0.418538681 1372.905693634 3.031393887 
0.002299895 0.418538681 1372.968926115 3.031490308 
0.002305185 0.418538681 1373.044744231 3.031586020 
0.002310474 0.418538681 1373.132789585 3.031680863 
0.002315763 0.418538681 1373.232686955 3.031774684 
0.002321051 0.418538681 1373.344045399 3.031867334 
0.002326340 0.418538681 1373.466459407 3.031958666 
0.002331628 0.418538681 1373.599510075 3.032048537 
0.002336917 0.418538681 1373.742766304 3.032136811 
0.002342205 0.418538681 1373.895786019 3.032223354 
0.002347493 0.418538681 1374.058117391 3.032308041 
0.002352780 0.418538681 1374.229300066 3.032390748 
0.002358068 0.418538681 1374.408866388 3.032471361 
0.002363356 0.418538681 1374.596342616 3.032549769 
0.002368643 0.418538681 1374.791250113 3.032625870 
0.002373930 0.418538681 1374.993106532 3.032699566 
0.002379217 0.418538681 1375.201426955 3.032770768 
0.002384504 0.418538681 1375.415725012 3.032839391 
0.002389790 0.418538681 1375.635513963 3.032905360 
0.002395077 0.418538681 1375.860307735 3.032968605 
0.002400363 0.418538681 1376.089621919 3.033029063 
0.002405649 0.418538681 1376.322974719 3.033086679 
0.002410935 0.418538681 1376.559887856 3.033141405 
0.002416221 0.418538681 1376.799887416 3.033193200 
0.002421506 0.418538681 1377.042504652 3.033242028 
0.002426792 0.418538681 1377.287276735 3.033287863 
0.002432077 0.418538681 1377.533747446 3.033330684 
0.002437362 0.418538681 1377.781467824 3.033370475 
0.002442647 0.418538681 1378.029996765 3.033407230 
0.002447932 0.418538681 1378.278901563 3.033440946 
0.002453217 0.418538681 1378.527758412 3.033471627 
0.002458501 0.418538681 1378.776152863 3.033499284 
0.002463786 0.418538681 1379.023680233 3.033523931 
0.002469070 0.418538681 1379.269945978 3.033545590 
0.002474354 0.418538681 1379.514566026 3.033564287 
0.002479639 0.418538681 1379.757167080 3.033580052 
0.002484923 0.418538681 1379.997386885 3.033592919 
0.002490206 0.418538681 1380.234874464 3.033602930 
0.002495490 0.418538681 1380.469290338 3.033610126 
0.002500774 0.418538681 1380.700306710 3.033614556 
0.002506058 0.418538681 1380.927607635 3.033616270 
0.002511341 0.418538681 1381.150889175 3.033615323 
0.002516625 0.418538681 1381.369859529 3.033611770 
0.002521908 0.418538681 1381.584239156 3.033605673 
0.002527191 0.418538681 1381.793760882 3.033597094 
0.002532474 0.418538681 1381.998169999 3.033586097 
0.002537758 0.418538681 1382.197224352 3.033572751 
0.002543041 0.418538681 1382.390694417 3.033557124 
0.002548324 0.418538681 1382.578363377 3.033539288 
0.002553607 0.418538681 1382.760027179 3.033519314 
0.002558890 0.418538681 1382.935494598 3.033497278 
0.002564173 0.418538681 1383.104587285 3.033473255 
0.002569456 0.418538681 1383.267139805 3.033447323 
0.002574738 0.418538681 1383.422999683 3.033419559 
0.002580021 0.418538681 1383.572027418 3.033390042 
0.002585304 0.418538681 1383.714096514 3.033358852 
0.002590587 0.418538681 1383.849093479 3.033326071 
0.002595870 0.418538681 1383.976917828 3.033291779 
0.002601153 0.418538681 1384.097482068 3.033256059 
0.002606435 0.418538681 1384.210711671 3.033218993 
0.002611718 0.418538681 1384.316545036 3.033180665 
0.002617001 0.418538681 1384.414933433 3.033141158 
0.002622284 0.418538681 1384.505840932 3.033100555 
0.002627567 0.418538681 1384.589244317 3.033058940 
0.002632849 0.418538681 1384.665132979 3.033016397 
0.002638132 0.418538681 1384.733508797 3.032973010 
0.002643415 0.418538681 1384.794385990 3.032928863 
0.002648698 0.418538681 1384.847790959 3.032884039 
0.002653981 0.418538681 1384.893762101 3.032838621 
0.002659264 0.418538681 1384.932349608 3.032792694 
0.002664547 0.418538681 1384.963615243 3.032746338 
0.002669830 0.418538681 1384.987632095 3.032699637 
0.002675114 0.418538681 1385.004484314 3.032652671 
0.002680397 0.418538681 1385.014266823 3.032605522 
0.002685680 0.418538681 1385.017085017 3.032558269 
0.002690964 0.418538681 1385.013054436 3.032510990 
0.002696247 0.418538681 1385.002300420 3.032463764 
0.002701530 0.418538681 1384.984957749 3.032416667 
0.002706814 0.418538681 1384.961170268 3.032369775 
0.002712098 0.418538681 1384.931090487 3.032323161 
0.002717381 0.418538681 1384.894879181 3.032276898 
0.002722665 0.418538681 1384.852704962 3.032231058 
0.002727949 0.418538681 1384.804743850 3.032185708 
0.002733233 0.418538681 1384.751178830 3.032140917 
0.002738517 0.418538681 1384.692199397 3.032096750 
0.002743801 0.418538681 1384.628001102 3.032053270 
0.002749085 0.418538681 1384.558785081 3.032010539 
0.002754369 0.418538681 1384.484757591 3.031968617 
0.002759653 0.418538681 1384.406129538 3.031927559 
0.002764938 0.418538681 1384.323116001 3.031887421 
0.002770222 0.418538681 1384.235935765 3.031848255 
0.002775507 0.418538681 1384.144810846 3.031810111 
0.002780791 0.418538681 1384.049966030 3.031773035 
0.002786076 0.418538681 1383.951628403 3.031737072 
0.002791361 0.418538681 1383.850026905 3.031702264 
0.002796646 0.418538681 1383.745391872 3.031668650 
0.002801931 0.418538681 1383.637954600 3.031636267 
0.002807216 0.418538681 1383.527946913 3.031605148 
0.002812501 0.418538681 1383.415600738 3.031575324 
0.002817786 0.418538681 1383.301147699 3.031546823 
0.002823072 0.418538681 1383.184818712 3.031519670 
0.002828357 0.418538681 1383.066843603 3.031493888 
0.002833642 0.418538681 1382.947450726 3.031469496 
0.002838928 0.418538681 1382.826866609 3.031446512 
0.002844213 0.418538681 1382.705315596 3.031424949 
0.002849499 0.418538681 1382.583019517 3.031404818 
0.002854785 0.418538681 1382.460197364 3.031386130 
0.002860071 0.418538681 1382.337064980 3.031368889 
0.002865357 0.418538681 1382.213834765 3.031353099 
0.002870643 0.418538681 1382.090715393 3.031338761 
0.002875929 0.418538681 1381.967911541 3.031325874 
0.002881215 0.418538681 1381.845623636 3.031314432 
0.002886501 0.418538681 1381.724047608 3.031304431 
0.002891787 0.418538681 1381.603374662 3.031295860 
0.002897073 0.418538681 1381.483791058 3.031288710 
0.002902360 0.418538681 1381.365477903 3.031282966 
0.002907646 0.418538681 1381.248610961 3.031278613 
0.002912932 0.418538681 1381.133360466 3.031275635 
0.002918219 0.418538681 1381.019890954 3.031274010 
0.002923505 0.418538681 1380.908361098 3.031273719 
0.002928792 0.418538681 1380.798923567 3.031274738 
0.002934078 0.418538681 1380.691724880 3.031277042 
0.002939365 0.418538681 1380.586905283 3.031280604 
0.002944652 0.418538681 1380.484598631 3.031285397 
0.002949938 0.418538681 1380.384932283 3.031291390 
0.002955225 0.418538681 1380.288027005 3.031298552 
0.002960512 0.418538681 1380.193996889 3.031306851 
0.002965799 0.418538681 1380.102949272 3.031316253 
0.002971085 0.418538681 1380.014984678 3.031326723 
0.002976372 0.418538681 1379.930196761 3.031338224 
0.002981659 0.418538681 1379.848672265 3.031350720 
0.002986946 0.418538681 1379.770490989 3.031364172 
0.002992233 0.418538681 1379.695725768 3.031378541 
0.002997520 0.418538681 1379.624442460 3.031393786 
0.003002806 0.418538681 1379.556699948 3.031409867 
0.003008093 0.418538681 1379.492550151 3.031426743 
0.003013380 0.418538681 1379.432038043 3.031444372 
0.003018667 0.418538681 1379.375201690 3.031462709 
0.003023954 0.418538681 1379.322072291 3.031481714 
0.003029241 0.418538681 1379.272674232 3.031501341 
0.003034528 0.418538681 1379.227025156 3.031521548 
0.003039815 0.418538681 1379.185136031 3.031542290 
0.003045101 0.418538681 1379.147011248 3.031563522 
0.003050388 0.418538681 1379.112648706 3.031585201 
0.003055675 0.418538681 1379.082039932 3.031607282 
0.003060962 0.418538681 1379.055170188 3.031629721 
0.003066249 0.418538681 1379.032018609 3.031652473 
0.003071535 0.418538681 1379.012558331 3.031675495 
0.003076822 0.418538681 1378.996756645 3.031698742 
0.003082109 0.418538681 1378.984575146 3.031722172 
0.003087396 0.418538681 1378.975969904 3.031745742 
0.003092682 0.418538681 1378.970891629 3.031769408 
0.003097969 0.418538681 1378.969285857 3.031793129 
0.003103255 0.418538681 1378.971093131 3.031816863 
0.003108542 0.418538681 1378.976249197 3.031840570 
0.003113829 0.418538681 1378.984685205 3.031864210 
0.003119115 0.418538681 1378.996327909 3.031887744 
0.003124402 0.418538681 1379.011099880 3.031911133 
0.003129688 0.418538681 1379.028919721 3.031934340 
0.003134974 0.418538681 1379.049702281 3.031957328 
0.003140261 0.418538681 1379.073358877 3.031980062 
0.003145547 0.418538681 1379.099797519 3.032002508 
0.003150833 0.418538681 1379.128923133 3.032024633 
0.003156120 0.418538681 1379.160637790 3.032046404 
0.003161406 0.418538681 1379.194840931 3.032067790 
0.003166692 0.418538681 1379.231429595 3.032088762 
0.003171978 0.418538681 1379.270298650 3.032109291 
0.003177264 0.418538681 1379.311341013 3.032129351 
0.003182550 0.418538681 1379.354447882 3.032148914 
0.003187836 0.418538681 1379.399508954 3.032167958 
0.003193122 0.418538681 1379.446412651 3.032186459 
0.003198408 0.418538681 1379.495046334 3.032204395 
0.003203694 0.418538681 1379.545296523 3.032221745 
0.003208980 0.418538681 1379.597049104 3.032238491 
0.003214266 0.418538681 1379.650189544 3.032254616 
0.003219552 0.418538681 1379.704603089 3.032270103 
0.003224837 0.418538681 1379.760174969 3.032284938 
0.003230123 0.418538681 1379.816790588 3.032299106 
0.003235409 0.418538681 1379.874335722 3.032312598 
0.003240694 0.418538681 1379.932696697 3.032325401 
0.003245980 0.418538681 1379.991760574 3.032337507 
0.003251265 0.418538681 1380.051415322 3.032348908 
0.003256551 0.418538681 1380.111549991 3.032359599 
0.003261836 0.418538681 1380.172054869 3.032369573 
0.003267122 0.418538681 1380.232821649 3.032378827 
0.003272407 0.418538681 1380.293743573 3.032387360 
0.003277692 0.418538681 1380.354715585 3.032395169 
0.003282978 0.418538681 1380.415634468 3.032402255 
0.003288263 0.418538681 1380.476398983 3.032408619 
0.003293548 0.418538681 1380.536909991 3.032414264 
0.003298833 0.418538681 1380.597070582 3.032419194 
0.003304119 0.418538681 1380.656786192 3.032423414 
0.003309404 0.418538681 1380.715964708 3.032426929 
0.003314689 0.418538681 1380.774516578 3.032429747 
0.003319974 0.418538681 1380.832354912 3.032431875 
0.003325259 0.418538681 1380.889395567 3.032433323 
0.003330544 0.418538681 1380.945557243 3.032434101 
0.003335829 0.418538681 1381.000761558 3.032434220 
0.003341114 0.418538681 1381.054933125 3.032433691 
0.003346399 0.418538681 1381.107999623 3.032432528 
0.003351684 0.418538681 1381.159891858 3.032430743 
0.003356969 0.418538681 1381.210543822 3.032428352 
0.003362254 0.418538681 1381.259892743 3.032425369 
0.003367539 0.418538681 1381.307879132 3.032421810 
0.003372824 0.418538681 1381.354446825 3.032417691 
0.003378109 0.418538681 1381.399543012 3.032413030 
0.003383394 0.418538681 1381.443118270 3.032407843 
0.003388679 0.418538681 1381.485126584 3.032402150 
0.003393964 0.418538681 1381.525525364 3.032395968 
0.003399249 0.418538681 1381.564275456 3.032389317 
0.003404533 0.418538681 1381.601341148 3.032382216 
0.003409818 0.418538681 1381.636690172 3.032374686 
0.003415103 0.418538681 1381.670293694 3.032366746 
0.003420388 0.418538681 1381.702126307 3.032358418 
0.003425673 0.418538681 1381.732166015 3.032349721 
0.003430958 0.418538681 1381.760394208 3.032340677 
0.003436243 0.418538681 1381.786795641 3.032331308 
0.003441527 0.418538681 1381.811358394 3.032321634 
0.003446812 0.418538681 1381.834073845 3.032311678 
0.003452097 0.418538681 1381.854936618 3.032301461 
0.003457382 0.418538681 1381.873944544 3.032291004 
0.003462667 0.418538681 1381.891098609 3.032280330 
0.003467952 0.418538681 1381.906402893 3.032269460 
0.003473237 0.418538681 1381.919864517 3.032258416 
0.003478522 0.418538681 1381.931493572 3.032247219 
0.003483807 0.418538681 1381.941303055 3.032235890 
0.003489091 0.418538681 1381.949308799 3.032224452 
0.003494376 0.418538681 1381.955529388 3.032212925 
0.003499661 0.418538681 1381.959986089 3.032201330 
0.003504946 0.418538681 1381.962702761 3.032189687 
0.003510231 0.418538681 1381.963705773 3.032178017 
0.003515516 0.418538681 1381.963023915 3.032166340 
0.003520801 0.418538681 1381.960688304 3.032154676 
0.003526086 0.418538681 1381.956732296 3.032143044 
0.003531371 0.418538681 1381.951191384 3.032131463 
0.003536656 0.418538681 1381.944103102 3.032119951 
0.003541942 0.418538681 1381.935506927 3.032108527 
0.003547227 0.418538681 1381.925444174 3.032097207 
0.003552512 0.418538681 1381.913957898 3.032086011 
0.003557797 0.418538681 1381.901092783 3.032074952 
0.003563082 0.418538681 1381.886895044 3.032064049 
0.003568367 0.418538681 1381.871412318 3.032053317 
0.003573652 0.418538681 1381.854693556 3.032042770 
0.003578938 0.418538681 1381.836788919 3.032032423 
0.003584223 0.418538681 1381.817749674 3.032022290 
0.003589508 0.418538681 1381.797628080 3.032012384 
0.003594793 0.418538681 1381.776477287 3.032002718 
0.003600079 0.418538681 1381.754351231 3.031993304 
0.003605364 0.418538681 1381.731304524 3.031984152 
0.003610649 0.418538681 1381.707392354 3.031975274 
0.003615935 0.418538681 1381.682670380 3.031966681 
0.003621220 0.418538681 1381.657194629 3.031958380 
0.003626505 0.418538681 1381.631021396 3.031950381 
0.003631791 0.418538681 1381.604207144 3.031942693 
0.003637076 0.418538681 1381.576808406 3.031935322 
0.003642362 0.418538681 1381.548881689 3.031928275 
0.003647647 0.418538681 1381.520483380 3.031921559 
0.003652933 0.418538681 1381.491669653 3.031915178 
0.003658218 0.418538681 1381.462496377 3.031909138 
0.003663504 0.418538681 1381.433019032 3.031903443 
0.003668789 0.418538681 1381.403292619 3.031898096 
0.003674075 0.418538681 1381.373371578 3.031893100 
0.003679360 0.418538681 1381.343309706 3.031888456 
0.003684646 0.418538681 1381.313160083 3.031884168 
0.003689931 0.418538681 1381.282974987 3.031880235 
0.003695217 0.418538681 1381.252805831 3.031876658 
0.003700503 0.418538681 1381.222703084 3.031873436 
0.003705788 0.418538681 1381.192716208 3.031870569 
0.003711074 0.418538681 1381.162893593 3.031868055 
0.003716360 0.418538681 1381.133282492 3.031865893 
0.003721645 0.418538681 1381.103928967 3.031864079 
0.003726931 0.418538681 1381.074877827 3.031862610 
0.003732217 0.418538681 1381.046172579 3.031861483 
0.003737503 0.418538681 1381.017855379 3.031860694 
0.003742788 0.418538681 1380.989966982 3.031860238 
0.003748074 0.418538681 1380.962546699 3.031860109 
0.003753360 0.418538681 1380.935632359 3.031860303 
0.003758646 0.418538681 1380.909260269 3.031860813 
0.003763932 0.418538681 1380.883465179 3.031861632 
0.003769217 0.418538681 1380.858280255 3.031862755 
0.003774503 0.418538681 1380.833737048 3.031864173 
0.003779789 0.418538681 1380.809865469 3.031865879 
0.003785075 0.418538681 1380.786693768 3.031867865 
0.003790361 0.418538681 1380.764248517 3.031870123 
0.003795646 0.418538681 1380.742554592 3.031872644 
0.003800932 0.418538681 1380.721635162 3.031875420 
0.003806218 0.418538681 1380.701511680 3.031878440 
0.003811504 0.418538681 1380.682203879 3.031881696 
0.003816790 0.418538681 1380.663729763 3.031885177 
0.003822076 0.418538681 1380.646105613 3.031888875 
0.003827362 0.418538681 1380.629345986 3.031892779 
0.003832647 0.418538681 1380.613463722 3.031896879 
0.003837933 0.418538681 1380.598469953 3.031901164 
0.003843219 0.418538681 1380.584374111 3.031905624 
0.003848505 0.418538681 1380.571183948 3.031910248 
0.003853791 0.418538681 1380.558905545 3.031915026 
0.003859077 0.418538681 1380.547543339 3.031919946 
0.003864363 0.418538681 1380.537100138 3.031924999 
0.003869648 0.418538681 1380.527577148 3.031930173 
0.003874934 0.418538681 1380.518974000 3.031935456 
0.003880220 0.418538681 1380.511288777 3.031940840 
0.003885506 0.418538681 1380.504518045 3.031946311 
0.003890792 0.418538681 1380.498656887 3.031951861 
0.003896078 0.418538681 1380.493698936 3.031957477 
0.003901363 0.418538681 1380.489636415 3.031963149 
0.003906649 0.418538681 1380.486460170 3.031968868 
0.003911935 0.418538681 1380.484159716 3.031974621 
0.003917221 0.418538681 1380.482723275 3.031980399 
0.003922507 0.418538681 1380.482137820 3.031986192 
0.003927793 0.418538681 1380.482389121 3.031991989 
0.003933078 0.418538681 1380.483461788 3.031997782 
0.003938364 0.418538681 1380.485339322 3.032003559 
0.003943650 0.418538681 1380.488004159 3.032009312 
0.003948936 0.418538681 1380.491437721 3.032015031 
0.003954221 0.418538681 1380.495620466 3.032020707 
0.003959507 0.418538681 1380.500531939 3.032026332 
0.003964793 0.418538681 1380.506150822 3.032031896 
0.003970079 0.418538681 1380.512454984 3.032037392 
0.003975364 0.418538681 1380.519421540 3.032042811 
0.003980650 0.418538681 1380.527026894 3.032048146 
0.003985936 0.418538681 1380.535246801 3.032053389 
0.003991221 0.418538681 1380.544056413 3.032058533 
0.003996507 0.418538681 1380.553430334 3.032063572 
0.004001793 0.418538681 1380.563342676 3.032068497 
0.004007078 0.418538681 1380.573767106 3.032073304 
0.004012364 0.418538681 1380.584676904 3.032077986 
0.004017650 0.418538681 1380.596045011 3.032082537 
0.004022935 0.418538681 1380.607844084 3.032086952 
0.004028221 0.418538681 1380.620046544 3.032091227 
0.004033507 0.418538681 1380.632624629 3.032095356 
0.004038792 0.418538681 1380.645550444 3.032099335 
0.004044078 0.418538681 1380.658796010 3.032103160 
0.004049363 0.418538681 1380.672333311 3.032106828 
0.004054649 0.418538681 1380.686134345 3.032110334 
0.004059934 0.418538681 1380.700171169 3.032113677 
0.004065220 0.418538681 1380.714415943 3.032116853 
0.004070506 0.418538681 1380.728840978 3.032119860 
0.004075791 0.418538681 1380.743418780 3.032122696 
0.004081077 0.418538681 1380.758122088 3.032125359 
0.004086362 0.418538681 1380.772923921 3.032127848 
0.004091648 0.418538681 1380.787797616 3.032130162 
0.004096933 0.418538681 1380.802716867 3.032132300 
0.004102219 0.418538681 1380.817655760 3.032134261 
0.004107504 0.418538681 1380.832588816 3.032136046 
0.004112790 0.418538681 1380.847491018 3.032137655 
0.004118075 0.418538681 1380.862337852 3.032139088 
0.004123360 0.418538681 1380.877105333 3.032140345 
0.004128646 0.418538681 1380.891770040 3.032141429 
0.004133931 0.418538681 1380.906309142 3.032142339 
0.004139217 0.418538681 1380.920700428 3.032143079 
0.004144502 0.418538681 1380.934922332 3.032143649 
0.004149788 0.418538681 1380.948953958 3.032144051 
0.004155073 0.418538681 1380.962775103 3.032144289 
0.004160358 0.418538681 1380.976366278 3.032144364 
0.004165644 0.418538681 1380.989708729 3.032144279 
0.004170929 0.418538681 1381.002784453 3.032144038 
0.004176215 0.418538681 1381.015576219 3.032143643 
0.004181500 0.418538681 1381.028067579 3.032143099 
0.004186785 0.418538681 1381.040242883 3.032142407 
0.004192071 0.418538681 1381.052087292 3.032141574 
0.004197356 0.418538681 1381.063586788 3.032140601 
0.004202642 0.418538681 1381.074728182 3.032139494 
0.004207927 0.418538681 1381.085499122 3.032138256 
0.004213212 0.418538681 1381.095888100 3.032136893 
0.004218498 0.418538681 1381.105884453 3.032135408 
0.004223783 0.418538681 1381.115478371 3.032133807 
0.004229068 0.418538681 1381.124660894 3.032132093 
0.004234354 0.418538681 1381.133423913 3.032130273 
0.004239639 0.418538681 1381.141760170 3.032128351 
0.004244925 0.418538681 1381.149663252 3.032126331 
0.004250210 0.418538681 1381.157127592 3.032124220 
0.004255495 0.418538681 1381.164148457 3.032122022 
0.004260781 0.418538681 1381.170721945 3.032119742 
0.004266066 0.418538681 1381.176844977 3.032117386 
0.004271351 0.418538681 1381.182515286 3.032114960 
0.004276637 0.418538681 1381.187731407 3.032112468 
0.004281922 0.418538681 1381.192492664 3.032109916 
0.004287207 0.418538681 1381.196799161 3.032107309 
0.004292493 0.418538681 1381.200651761 3.032104652 
0.004297778 0.418538681 1381.204052079 3.032101952 
0.004303064 0.418538681 1381.207002460 3.032099212 
0.004308349 0.418538681 1381.209505966 3.032096440 
0.004313634 0.418538681 1381.211566353 3.032093639 
0.004318920 0.418538681 1381.213188060 3.032090815 
0.004324205 0.418538681 1381.214376181 3.032087973 
0.004329491 0.418538681 1381.215136451 3.032085119 
0.004334776 0.418538681 1381.215475221 3.032082256 
0.004340061 0.418538681 1381.215399440 3.032079392 
0.004345347 0.418538681 1381.214916628 3.032076529 
0.004350632 0.418538681 1381.214034858 3.032073673 
0.004355918 0.418538681 1381.212762730 3.032070828 
0.004361203 0.418538681 1381.211109346 3.032068000 
0.004366488 0.418538681 1381.209084288 3.032065192 
0.004371774 0.418538681 1381.206697593 3.032062410 
0.004377059 0.418538681 1381.203959727 3.032059656 
0.004382345 0.418538681 1381.200881559 3.032056936 
0.004387630 0.418538681 1381.197474339 3.032054253 
0.004392915 0.418538681 1381.193749669 3.032051611 
0.004398201 0.418538681 1381.189719478 3.032049015 
0.004403486 0.418538681 1381.185395996 3.032046466 
0.004408772 0.418538681 1381.180791729 3.032043969 
0.004414057 0.418538681 1381.175919432 3.032041528 
0.004419343 0.418538681 1381.170792084 3.032039144 
0.004424628 0.418538681 1381.165422861 3.032036822 
0.004429914 0.418538681 1381.159825112 3.032034564 
0.004435199 0.418538681 1381.154012332 3.032032373 
0.004440485 0.418538681 1381.147998136 3.032030250 
0.004445770 0.418538681 1381.141796238 3.032028200 
0.004451056 0.418538681 1381.135420420 3.032026223 
0.004456341 0.418538681 1381.128884514 3.032024321 
0.004461627 0.418538681 1381.122202372 3.032022497 
0.004466912 0.418538681 1381.115387848 3.032020753 
0.004472198 0.418538681 1381.108454769 3.032019089 
0.004477483 0.418538681 1381.101416918 3.032017507 
0.004482769 0.418538681 1381.094288006 3.032016009 
0.004488054 0.418538681 1381.087081655 3.032014595 
0.004493340 0.418538681 1381.079811374 3.032013266 
0.004498625 0.418538681 1381.072490537 3.032012023 
0.004503911 0.418538681 1381.065132367 3.032010866 
0.004509196 0.418538681 1381.057749914 3.032009797 
0.004514482 0.418538681 1381.050356036 3.032008815 
0.004519767 0.418538681 1381.042963382 3.032007919 
0.004525053 0.418538681 1381.035584371 3.032007112 
0.004530339 0.418538681 1381.028231181 3.032006391 
0.004535624 0.418538681 1381.020915727 3.032005757 
0.004540910 0.418538681 1381.013649651 3.032005209 
0.004546195 0.418538681 1381.006444302 3.032004746 
0.004551481 0.418538681 1380.999310725 3.032004369 
0.004556766 0.418538681 1380.992259650 3.032004075 
0.004562052 0.418538681 1380.985301473 3.032003865 
0.004567338 0.418538681 1380.978446251 3.032003736 
0.004572623 0.418538681 1380.971703688 3.032003688 
0.004577909 0.418538681 1380.965083125 3.032003719 
0.004583194 0.418538681 1380.958593533 3.032003828 
0.004588480 0.418538681 1380.952243499 3.032004013 
0.004593766 0.418538681 1380.946041225 3.032004273 
0.004599051 0.418538681 1380.939994517 3.032004605 
0.004604337 0.418538681 1380.934110781 3.032005009 
0.004609622 0.418538681 1380.928397014 3.032005481 
0.004614908 0.418538681 1380.922859805 3.032006020 
0.004620194 0.418538681 1380.917505326 3.032006625 
0.004625479 0.418538681 1380.912339333 3.032007292 
0.004630765 0.418538681 1380.907367160 3.032008019 
0.004636050 0.418538681 1380.902593721 3.032008805 
0.004641336 0.418538681 1380.898023508 3.032009646 
0.004646622 0.418538681 1380.893660588 3.032010541 
0.004651907 0.418538681 1380.889508609 3.032011486 
0.004657193 0.418538681 1380.885570797 3.032012480 
0.004662478 0.418538681 1380.881849962 3.032013520 
0.004667764 0.418538681 1380.878348494 3.032014603 
0.004673050 0.418538681 1380.875068376 3.032015727 
0.004678335 0.418538681 1380.872011180 3.032016889 
0.004683621 0.418538681 1380.869178074 3.032018087 
0.004688906 0.418538681 1380.866569828 3.032019317 
0.004694192 0.418538681 1380.864186821 3.032020578 
0.004699478 0.418538681 1380.862029045 3.032021866 
0.004704763 0.418538681 1380.860096111 3.032023179 
0.004710049 0.418538681 1380.858387262 3.032024514 
0.004715335 0.418538681 1380.856901372 3.032025868 
0.004720620 0.418538681 1380.855636965 3.032027240 
0.004725906 0.418538681 1380.854592214 3.032028626 
0.004731191 0.418538681 1380.853764958 3.032030023 
0.004736477 0.418538681 1380.853152704 3.032031430 
0.004741763 0.418538681 1380.852752647 3.032032843 
0.004747048 0.418538681 1380.852561669 3.032034260 
0.004752334 0.418538681 1380.852576361 3.032035679 
0.004757619 0.418538681 1380.852793023 3.032037098 
0.004762905 0.418538681 1380.853207687 3.032038513 
0.004768190 0.418538681 1380.853816117 3.032039922 
0.004773476 0.418538681 1380.854613829 3.032041324 
0.004778762 0.418538681 1380.855596101 3.032042716 
0.004784047 0.418538681 1380.856757983 3.032044096 
0.004789333 0.418538681 1380.858094312 3.032045461 
0.004794618 0.418538681 1380.859599723 3.032046811 
0.004799904 0.418538681 1380.861268662 3.032048141 
0.004805190 0.418538681 1380.863095401 3.032049452 
0.004810475 0.418538681 1380.865074046 3.032050741 
0.004815761 0.418538681 1380.867198553 3.032052006 
0.004821046 0.418538681 1380.869462742 3.032053245 
0.004826332 0.418538681 1380.871860307 3.032054458 
0.004831617 0.418538681 1380.874384831 3.032055641 
0.004836903 0.418538681 1380.877029798 3.032056795 
0.004842188 0.418538681 1380.879788604 3.032057916 
0.004847474 0.418538681 1380.882654572 3.032059005 
0.004852760 0.418538681 1380.885620967 3.032060060 
0.004858045 0.418538681 1380.888681001 3.032061079 
0.004863331 0.418538681 1380.891827851 3.032062062 
0.004868616 0.418538681 1380.895054673 3.032063008 
0.004873902 0.418538681 1380.898354605 3.032063915 
0.004879187 0.418538681 1380.901720789 3.032064783 
0.004884473 0.418538681 1380.905146376 3.032065611 
0.004889758 0.418538681 1380.908624540 3.032066399 
0.004895044 0.418538681 1380.912148489 3.032067145 
0.004900329 0.418538681 1380.915711475 3.032067850 
0.004905615 0.418538681 1380.919306802 3.032068512 
0.004910900 0.418538681 1380.922927845 3.032069132 
0.004916186 0.418538681 1380.926568048 3.032069709 
0.004921472 0.418538681 1380.930220943 3.032070243 
0.004926757 0.418538681 1380.933880157 3.032070734 
0.004932043 0.418538681 1380.937539418 3.032071181 
0.004937328 0.418538681 1380.941192566 3.032071585 
0.004942614 0.418538681 1380.944833563 3.032071947 
0.004947899 0.418538681 1380.948456499 3.032072265 
0.004953185 0.418538681 1380.952055597 3.032072541 
0.004958470 0.418538681 1380.955625228 3.032072774 
0.004963756 0.418538681 1380.959159909 3.032072965 
0.004969041 0.418538681 1380.962654315 3.032073115 
0.004974327 0.418538681 1380.966103285 3.032073223 
0.004979612 0.418538681 1380.969501825 3.032073291 
0.004984898 0.418538681 1380.972845116 3.032073319 
0.004990183 0.418538681 1380.976128518 3.032073307 
0.004995469 0.418538681 1380.979347573 3.032073258 
0.004999961 0.418538681 1380.982029985 3.032073185 
