Sim: 4
ID: 150
Description: Test run of cold flow MSSE simulation with Ma 0.1 initialisation
Variables: 4
time A mass_flux Ma
0.000003139 0.060002032 1464.811587497 0.100436317 
0.000012276 0.060002032 1516.568380963 0.103866933 
0.000020803 0.060002032 1606.896640425 0.109842113 
0.000029201 0.060002032 1733.286560636 0.118161562 
0.000037545 0.060002032 1893.283483803 0.128621638 
0.000045824 0.060002032 2082.096520072 0.140871528 
0.000054047 0.060002032 2285.311588329 0.154016789 
0.000062243 0.060002032 2468.658616348 0.166095279 
0.000070432 0.060002032 2601.733878266 0.175460882 
0.000078622 0.060002032 2690.513546382 0.182513722 
0.000086812 0.060002032 2760.726135916 0.188706055 
0.000094998 0.060002032 2830.347166410 0.195035059 
0.000103175 0.060002032 2905.811273886 0.201849913 
0.000111338 0.060002032 2988.013818180 0.209189188 
0.000119485 0.060002032 3076.223001517 0.216999962 
0.000127613 0.060002032 3169.394655387 0.225212017 
0.000135719 0.060002032 3266.571147026 0.233761798 
0.000143802 0.060002032 3367.419211400 0.242628603 
0.000151857 0.060002032 3473.930320174 0.251947663 
0.000159881 0.060002032 3594.392473008 0.262268071 
0.000167870 0.060002032 3749.391423802 0.274927579 
0.000175817 0.060002032 3977.307905716 0.292343427 
0.000183719 0.060002032 4334.010503785 0.317819172 
0.000191573 0.060002032 4867.004210327 0.353764498 
0.000199382 0.060002032 5535.924714128 0.397441102 
0.000207153 0.060002032 6179.080917604 0.440427513 
0.000214890 0.060002032 6661.975902232 0.476733985 
0.000222599 0.060002032 6982.417189385 0.506710282 
0.000230281 0.060002032 7202.260729281 0.533168888 
0.000237933 0.060002032 7372.832835152 0.558186484 
0.000245556 0.060002032 7519.878294914 0.582640445 
0.000253145 0.060002032 7653.189876077 0.606710005 
0.000260699 0.060002032 7775.966059186 0.630310333 
0.000268214 0.060002032 7889.378168395 0.653297906 
0.000275685 0.060002032 7994.144815693 0.675536208 
0.000283063 0.060002032 8090.394839098 0.696791058 
0.000290312 0.060002032 8178.578321777 0.716916631 
0.000297452 0.060002032 8259.697298446 0.735938170 
0.000304494 0.060002032 8334.415482032 0.753869433 
0.000311443 0.060002032 8402.990442857 0.770704549 
0.000318299 0.060002032 8465.279600691 0.786427700 
0.000325064 0.060002032 8520.762501007 0.801020573 
0.000331742 0.060002032 8568.593022711 0.814463094 
0.000338335 0.060002032 8607.740695443 0.826737960 
0.000344846 0.060002032 8637.210689598 0.837838908 
0.000351280 0.060002032 8656.295464441 0.847780467 
0.000357640 0.060002032 8664.789980442 0.856605483 
0.000363928 0.060002032 8663.113450900 0.864388051 
0.000370150 0.060002032 8652.310900736 0.871231042 
0.000376307 0.060002032 8633.945584426 0.877258810 
0.000382403 0.060002032 8609.920812628 0.882607276 
0.000388442 0.060002032 8582.278397157 0.887413465 
0.000394426 0.060002032 8553.013839284 0.891806353 
0.000400359 0.060002032 8523.932917195 0.895900087 
0.000406244 0.060002032 8496.559146736 0.899789842 
0.000412083 0.060002032 8472.088844236 0.903550177 
0.000417879 0.060002032 8451.384492176 0.907235337 
0.000423635 0.060002032 8434.994104689 0.910880891 
0.000429353 0.060002032 8423.184983194 0.914506108 
0.000435035 0.060002032 8415.982603826 0.918116569 
0.000440684 0.060002032 8413.208529868 0.921706712 
0.000446302 0.060002032 8414.514397209 0.925262174 
0.000451890 0.060002032 8419.411599339 0.928761891 
0.000457450 0.060002032 8427.298602627 0.932180010 
0.000462984 0.060002032 8437.489456101 0.935487854 
0.000468495 0.060002032 8449.248497990 0.938656429 
0.000473986 0.060002032 8461.824686667 0.941657560 
0.000479461 0.060002032 8474.489961247 0.944465853 
0.000484921 0.060002032 8486.580945274 0.947060799 
0.000490368 0.060002032 8497.539486393 0.949428643 
0.000495804 0.060002032 8506.945219457 0.951563361 
0.000501229 0.060002032 8514.536683117 0.953467002 
0.000506645 0.060002032 8520.217197409 0.955149376 
0.000512052 0.060002032 8524.045042938 0.956627058 
0.000517450 0.060002032 8526.211537546 0.957922453 
0.000522841 0.060002032 8527.008371053 0.959062018 
0.000528224 0.060002032 8526.791272120 0.960073781 
0.000533600 0.060002032 8525.946454553 0.960985459 
0.000538969 0.060002032 8524.862140621 0.961823019 
0.000544331 0.060002032 8523.907445544 0.962609741 
0.000549687 0.060002032 8523.420514687 0.963366417 
0.000555038 0.060002032 8523.703443619 0.964112304 
0.000560382 0.060002032 8525.018117124 0.964862436 
0.000565722 0.060002032 8527.594533001 0.965629003 
0.000571057 0.060002032 8531.638033522 0.966421912 
0.000576388 0.060002032 8537.336938265 0.967249298 
0.000581715 0.060002032 8544.869027365 0.968117928 
0.000587039 0.060002032 8554.405708522 0.969033428 
0.000592360 0.060002032 8566.113151225 0.970000314 
0.000597678 0.060002032 8580.150129849 0.971021821 
0.000602993 0.060002032 8596.662757433 0.972099543 
0.000608307 0.060002032 8615.776690298 0.973232923 
0.000613619 0.060002032 8637.587706156 0.974418624 
0.000618929 0.060002032 8662.152064434 0.975649668 
0.000624237 0.060002032 8689.497293930 0.976919844 
0.000629544 0.060002032 8719.589293129 0.978224941 
0.000634850 0.060002032 8752.328047685 0.979557358 
0.000640154 0.060002032 8787.555158668 0.980906823 
0.000645456 0.060002032 8825.057198058 0.982260856 
0.000650757 0.060002032 8864.572973202 0.983605394 
0.000656057 0.060002032 8905.867844724 0.984936555 
0.000661354 0.060002032 8948.638923191 0.986282111 
0.000666650 0.060002032 8992.468335466 0.987624391 
0.000671944 0.060002032 9037.018302770 0.988949955 
0.000677236 0.060002032 9081.959291874 0.990246522 
0.000682525 0.060002032 9126.981368593 0.991503305 
0.000687812 0.060002032 9171.800879689 0.992711126 
0.000693096 0.060002032 9216.164672987 0.993862425 
0.000698377 0.060002032 9259.852070627 0.994951180 
0.000703655 0.060002032 9302.674972436 0.995972771 
0.000708930 0.060002032 9344.476540995 0.996923805 
0.000714201 0.060002032 9385.128922321 0.997801924 
0.000719469 0.060002032 9424.530408747 0.998605619 
0.000724733 0.060002032 9462.602375358 0.999334054 
0.000729993 0.060002032 9499.286238988 0.999986916 
0.000735249 0.060002032 9534.539181327 1.000563959 
0.000740501 0.060002032 9568.334136092 1.001064888 
0.000745749 0.060002032 9600.657618733 1.001489959 
0.000750993 0.060002032 9631.506494517 1.001839827 
0.000756233 0.060002032 9660.886511785 1.002115473 
0.000761470 0.060002032 9688.811066307 1.002318149 
0.000766703 0.060002032 9715.300221772 1.002449338 
0.000771932 0.060002032 9740.379936041 1.002510720 
0.000777158 0.060002032 9764.081442406 1.002504157 
0.000782381 0.060002032 9786.440738126 1.002431674 
0.000787601 0.060002032 9807.498137997 1.002295449 
0.000792817 0.060002032 9827.297858018 1.002097803 
0.000798032 0.060002032 9845.887602425 1.001841189 
0.000803243 0.060002032 9863.318135909 1.001528180 
0.000808453 0.060002032 9879.642830992 1.001161456 
0.000813660 0.060002032 9894.917187671 1.000743789 
0.000818865 0.060002032 9909.198328283 1.000278021 
0.000824069 0.060002032 9922.544772487 0.999767095 
0.000829270 0.060002032 9935.017185850 0.999214529 
0.000834471 0.060002032 9946.675021379 0.998624146 
0.000839670 0.060002032 9957.577139364 0.997999892 
0.000844868 0.060002032 9967.781401214 0.997345809 
0.000850065 0.060002032 9977.344175476 0.996665998 
0.000855261 0.060002032 9986.319867087 0.995964572 
0.000860456 0.060002032 9994.760465813 0.995245611 
0.000865651 0.060002032 10002.715110202 0.994513112 
0.000870845 0.060002032 10010.229662589 0.993770941 
0.000876039 0.060002032 10017.346291056 0.993022789 
0.000881233 0.060002032 10024.103055794 0.992272122 
0.000886426 0.060002032 10030.533499819 0.991522139 
0.000891619 0.060002032 10036.666247276 0.990775736 
0.000896812 0.060002032 10042.524616226 0.990035467 
0.000902005 0.060002032 10048.126256462 0.989303517 
0.000907199 0.060002032 10053.482826191 0.988581681 
0.000912392 0.060002032 10058.599723912 0.987871347 
0.000917585 0.060002032 10063.475893328 0.987173492 
0.000922779 0.060002032 10068.103719361 0.986488684 
0.000927973 0.060002032 10072.469032258 0.985817091 
0.000933167 0.060002032 10076.551234374 0.985158505 
0.000938362 0.060002032 10080.323560611 0.984512368 
0.000943557 0.060002032 10083.753478935 0.983877808 
0.000948753 0.060002032 10086.803232110 0.983253688 
0.000953949 0.060002032 10089.430516122 0.982638653 
0.000959146 0.060002032 10091.589285146 0.982031184 
0.000964343 0.060002032 10093.230667482 0.981429658 
0.000969541 0.060002032 10094.303972205 0.980832409 
0.000974739 0.060002032 10094.757762378 0.980237787 
0.000979938 0.060002032 10094.540967875 0.979644215 
0.000985138 0.060002032 10093.604009263 0.979050247 
0.000990339 0.060002032 10091.899903775 0.978454615 
0.000995541 0.060002032 10089.385325193 0.977856277 
0.001000744 0.060002032 10086.021591331 0.977254450 
0.001005948 0.060002032 10081.808595259 0.976654670 
0.001011152 0.060002032 10076.705997185 0.976067061 
0.001016358 0.060002032 10070.677114242 0.975489956 
0.001021566 0.060002032 10063.709597564 0.974923264 
0.001026774 0.060002032 10055.798636059 0.974367134 
0.001031984 0.060002032 10046.947378372 0.973821945 
0.001037196 0.060002032 10037.166982158 0.973288284 
0.001042409 0.060002032 10026.476517892 0.972766921 
0.001047624 0.060002032 10014.902735990 0.972258776 
0.001052841 0.060002032 10002.479708263 0.971764890 
0.001058059 0.060002032 9989.248356817 0.971286387 
0.001063280 0.060002032 9975.255885102 0.970824447 
0.001068502 0.060002032 9960.555126878 0.970380265 
0.001073726 0.060002032 9945.203829442 0.969955026 
0.001078953 0.060002032 9929.263887437 0.969549876 
0.001084182 0.060002032 9912.800543390 0.969165891 
0.001089413 0.060002032 9895.881571197 0.968804060 
0.001094647 0.060002032 9878.576457761 0.968465259 
0.001099882 0.060002032 9860.955596452 0.968150243 
0.001105121 0.060002032 9843.089505280 0.967859625 
0.001110361 0.060002032 9825.048081683 0.967593873 
0.001115605 0.060002032 9806.899904397 0.967353301 
0.001120850 0.060002032 9788.711591342 0.967138067 
0.001126099 0.060002032 9770.547221009 0.966948173 
0.001131349 0.060002032 9752.467823286 0.966783468 
0.001136602 0.060002032 9734.530944092 0.966643654 
0.001141858 0.060002032 9716.790286613 0.966528289 
0.001147116 0.060002032 9699.295430372 0.966436804 
0.001152377 0.060002032 9682.091627848 0.966368504 
0.001157640 0.060002032 9665.219676918 0.966322587 
0.001162906 0.060002032 9648.715866093 0.966298153 
0.001168174 0.060002032 9632.611988282 0.966294220 
0.001173444 0.060002032 9616.935417847 0.966309732 
0.001178716 0.060002032 9601.709244817 0.966343582 
0.001183991 0.060002032 9586.952459530 0.966394618 
0.001189267 0.060002032 9572.680180536 0.966461658 
0.001194546 0.060002032 9558.903918361 0.966543509 
0.001199827 0.060002032 9545.631867723 0.966638970 
0.001205110 0.060002032 9532.869220948 0.966746852 
0.001210394 0.060002032 9520.618495635 0.966865986 
0.001215681 0.060002032 9508.879870043 0.966995232 
0.001220969 0.060002032 9497.651520201 0.967133489 
0.001226259 0.060002032 9486.929953308 0.967279703 
0.001231550 0.060002032 9476.710332588 0.967432873 
0.001236843 0.060002032 9466.986789357 0.967592058 
0.001242137 0.060002032 9457.752718634 0.967756381 
0.001247432 0.060002032 9449.001055174 0.967925033 
0.001252729 0.060002032 9440.724527267 0.968097273 
0.001258027 0.060002032 9432.915886138 0.968272433 
0.001263326 0.060002032 9425.568109133 0.968449916 
0.001268625 0.060002032 9418.674575297 0.968629195 
0.001273926 0.060002032 9412.229212270 0.968809814 
0.001279228 0.060002032 9406.226613759 0.968991384 
0.001284530 0.060002032 9400.662127195 0.969173578 
0.001289833 0.060002032 9395.531911508 0.969356129 
0.001295137 0.060002032 9390.832965302 0.969538825 
0.001300442 0.060002032 9386.563126104 0.969721503 
0.001305747 0.060002032 9382.721041718 0.969904041 
0.001311052 0.060002032 9379.306115129 0.970086358 
0.001316358 0.060002032 9376.318424797 0.970268397 
0.001321664 0.060002032 9373.758622582 0.970450128 
0.001326970 0.060002032 9371.627811912 0.970631532 
0.001332277 0.060002032 9369.927409149 0.970812603 
0.001337584 0.060002032 9368.658991435 0.970993331 
0.001342891 0.060002032 9367.824134507 0.971173703 
0.001348199 0.060002032 9367.424244188 0.971353692 
0.001353506 0.060002032 9367.460385332 0.971533254 
0.001358814 0.060002032 9367.933112036 0.971712321 
0.001364121 0.060002032 9368.842302851 0.971890799 
0.001369428 0.060002032 9370.187004574 0.972068561 
0.001374736 0.060002032 9371.965287963 0.972245447 
0.001380043 0.060002032 9374.174118380 0.972421262 
0.001385350 0.060002032 9376.809244004 0.972595775 
0.001390658 0.060002032 9379.865103787 0.972768719 
0.001395965 0.060002032 9383.334756840 0.972939795 
0.001401271 0.060002032 9387.209834428 0.973108668 
0.001406578 0.060002032 9391.480515185 0.973274979 
0.001411884 0.060002032 9396.135523673 0.973438341 
0.001417190 0.060002032 9401.162151833 0.973598348 
0.001422496 0.060002032 9406.546302452 0.973754578 
0.001427801 0.060002032 9412.272553274 0.973906601 
0.001433106 0.060002032 9418.324240021 0.974053980 
0.001438410 0.060002032 9424.683556269 0.974196283 
0.001443714 0.060002032 9431.331667846 0.974333083 
0.001449018 0.060002032 9438.248839248 0.974463969 
0.001454321 0.060002032 9445.414569460 0.974588546 
0.001459624 0.060002032 9452.807734505 0.974706447 
0.001464926 0.060002032 9460.406734098 0.974817330 
0.001470227 0.060002032 9468.189639829 0.974920887 
0.001475528 0.060002032 9476.134342477 0.975016850 
0.001480829 0.060002032 9484.218696198 0.975104984 
0.001486129 0.060002032 9492.420657564 0.975185103 
0.001491428 0.060002032 9500.718417673 0.975257058 
0.001496726 0.060002032 9509.090525788 0.975320750 
0.001502024 0.060002032 9517.532904936 0.975379885 
0.001507321 0.060002032 9526.010962803 0.975437178 
0.001512618 0.060002032 9534.501271992 0.975491291 
0.001517914 0.060002032 9542.984791927 0.975541510 
0.001523209 0.060002032 9551.443277257 0.975587217 
0.001528503 0.060002032 9559.859363196 0.975627882 
0.001533797 0.060002032 9568.216608232 0.975663061 
0.001539089 0.060002032 9576.499524834 0.975692384 
0.001544382 0.060002032 9584.693598720 0.975715554 
0.001549673 0.060002032 9592.785297274 0.975732341 
0.001554964 0.060002032 9600.762067829 0.975742576 
0.001560254 0.060002032 9608.612326595 0.975746146 
0.001565543 0.060002032 9616.325439098 0.975742990 
0.001570831 0.060002032 9623.891693018 0.975733093 
0.001576119 0.060002032 9631.302264441 0.975716485 
0.001581406 0.060002032 9638.549178433 0.975693230 
0.001586693 0.060002032 9645.625264829 0.975663429 
0.001591979 0.060002032 9652.524110203 0.975627210 
0.001597264 0.060002032 9659.240007045 0.975584727 
0.001602548 0.060002032 9665.767901023 0.975536155 
0.001607832 0.060002032 9672.103337177 0.975481688 
0.001613115 0.060002032 9678.242405853 0.975421533 
0.001618398 0.060002032 9684.181689160 0.975355909 
0.001623680 0.060002032 9689.918208670 0.975285042 
0.001628961 0.060002032 9695.449375012 0.975209164 
0.001634243 0.060002032 9700.772939944 0.975128511 
0.001639523 0.060002032 9705.886951431 0.975043317 
0.001644803 0.060002032 9710.789712186 0.974953817 
0.001650083 0.060002032 9715.479742028 0.974860243 
0.001655362 0.060002032 9719.955744388 0.974762821 
0.001660640 0.060002032 9724.216577178 0.974661774 
0.001665919 0.060002032 9728.261228172 0.974557317 
0.001671197 0.060002032 9732.088795005 0.974449659 
0.001676474 0.060002032 9735.698469771 0.974339001 
0.001681751 0.060002032 9739.089528196 0.974225538 
0.001687028 0.060002032 9742.261323251 0.974109457 
0.001692305 0.060002032 9745.222619002 0.973992803 
0.001697581 0.060002032 9747.967566289 0.973878135 
0.001702857 0.060002032 9750.492288371 0.973765073 
0.001708133 0.060002032 9752.796465301 0.973653580 
0.001713409 0.060002032 9754.879847042 0.973543625 
0.001718684 0.060002032 9756.742303613 0.973435179 
0.001723959 0.060002032 9758.383842119 0.973328217 
0.001729234 0.060002032 9759.804625510 0.973222717 
0.001734509 0.060002032 9761.004992688 0.973118664 
0.001739784 0.060002032 9761.985479544 0.973016045 
0.001745059 0.060002032 9762.746840451 0.972914852 
0.001750333 0.060002032 9763.290069795 0.972815085 
0.001755608 0.060002032 9763.616423094 0.972716747 
0.001760882 0.060002032 9763.727437309 0.972619849 
0.001766157 0.060002032 9763.624949953 0.972524407 
0.001771431 0.060002032 9763.311116634 0.972430445 
0.001776706 0.060002032 9762.788426699 0.972337991 
0.001781980 0.060002032 9762.059716708 0.972247083 
0.001787254 0.060002032 9761.128181461 0.972157764 
0.001792529 0.060002032 9759.997382379 0.972070081 
0.001797804 0.060002032 9758.671253053 0.971984090 
0.001803078 0.060002032 9757.154101843 0.971899852 
0.001808353 0.060002032 9755.450611444 0.971817431 
0.001813628 0.060002032 9753.565835370 0.971736898 
0.001818903 0.060002032 9751.505191372 0.971658325 
0.001824178 0.060002032 9749.274451824 0.971581790 
0.001829453 0.060002032 9746.879731185 0.971507371 
0.001834728 0.060002032 9744.327470635 0.971435149 
0.001840004 0.060002032 9741.624420075 0.971365204 
0.001845280 0.060002032 9738.777617661 0.971297618 
0.001850555 0.060002032 9735.794367118 0.971232471 
0.001855832 0.060002032 9732.682213062 0.971169841 
0.001861108 0.060002032 9729.448914622 0.971109804 
0.001866384 0.060002032 9726.102417627 0.971052432 
0.001871661 0.060002032 9722.650825683 0.970997794 
0.001876938 0.060002032 9719.102370421 0.970945953 
0.001882216 0.060002032 9715.465381249 0.970896967 
0.001887493 0.060002032 9711.748254918 0.970850889 
0.001892771 0.060002032 9707.959425189 0.970807763 
0.001898049 0.060002032 9704.107332923 0.970767630 
0.001903328 0.060002032 9700.200396854 0.970730519 
0.001908607 0.060002032 9696.246985332 0.970696456 
0.001913886 0.060002032 9692.255389260 0.970665456 
0.001919165 0.060002032 9688.233796461 0.970637527 
0.001924445 0.060002032 9684.190267662 0.970612669 
0.001929725 0.060002032 9680.132714258 0.970590875 
0.001935005 0.060002032 9676.068877999 0.970572129 
0.001940286 0.060002032 9672.006312697 0.970556408 
0.001945567 0.060002032 9667.952368020 0.970543681 
0.001950849 0.060002032 9663.914175429 0.970533911 
0.001956130 0.060002032 9659.898636246 0.970527052 
0.001961413 0.060002032 9655.912411849 0.970523054 
0.001966695 0.060002032 9651.961915935 0.970521860 
0.001971978 0.060002032 9648.053308774 0.970523408 
0.001977261 0.060002032 9644.192493362 0.970527629 
0.001982544 0.060002032 9640.385113341 0.970534453 
0.001987828 0.060002032 9636.636552547 0.970543804 
0.001993112 0.060002032 9632.951936032 0.970555602 
0.001998397 0.060002032 9629.336132389 0.970569765 
0.002003682 0.060002032 9625.793757194 0.970586208 
0.002008967 0.060002032 9622.329177390 0.970604846 
0.002014252 0.060002032 9618.946516408 0.970625589 
0.002019538 0.060002032 9615.649659866 0.970648349 
0.002024824 0.060002032 9612.442261626 0.970673036 
0.002030111 0.060002032 9609.327750076 0.970699561 
0.002035397 0.060002032 9606.309334434 0.970727832 
0.002040684 0.060002032 9603.390010959 0.970757761 
0.002045972 0.060002032 9600.572568906 0.970789259 
0.002051259 0.060002032 9597.859596138 0.970822237 
0.002056547 0.060002032 9595.253484269 0.970856608 
0.002061835 0.060002032 9592.756433289 0.970892285 
0.002067123 0.060002032 9590.370455597 0.970929184 
0.002072412 0.060002032 9588.097379413 0.970967221 
0.002077700 0.060002032 9585.938851551 0.971006312 
0.002082989 0.060002032 9583.896339562 0.971046376 
0.002088278 0.060002032 9581.971133257 0.971087333 
0.002093568 0.060002032 9580.164345648 0.971129104 
0.002098857 0.060002032 9578.476913362 0.971171609 
0.002104147 0.060002032 9576.909596584 0.971214772 
0.002109437 0.060002032 9575.462978598 0.971258515 
0.002114727 0.060002032 9574.137465017 0.971302764 
0.002120017 0.060002032 9572.933282767 0.971347442 
0.002125307 0.060002032 9571.850478946 0.971392476 
0.002130597 0.060002032 9570.888919617 0.971437790 
0.002135888 0.060002032 9570.048288654 0.971483311 
0.002141178 0.060002032 9569.328086728 0.971528966 
0.002146469 0.060002032 9568.727630511 0.971574681 
0.002151760 0.060002032 9568.246052210 0.971620384 
0.002157051 0.060002032 9567.882299484 0.971666002 
0.002162342 0.060002032 9567.635135840 0.971711463 
0.002167633 0.060002032 9567.503141565 0.971756695 
0.002172923 0.060002032 9567.484715253 0.971801627 
0.002178214 0.060002032 9567.578075979 0.971846188 
0.002183506 0.060002032 9567.781266139 0.971890307 
0.002188797 0.060002032 9568.092155008 0.971933916 
0.002194088 0.060002032 9568.508443004 0.971976945 
0.002199379 0.060002032 9569.027666672 0.972019328 
0.002204670 0.060002032 9569.647204371 0.972060998 
0.002209961 0.060002032 9570.364282651 0.972101890 
0.002215252 0.060002032 9571.175983276 0.972141942 
0.002220542 0.060002032 9572.079250868 0.972181092 
0.002225833 0.060002032 9573.070901107 0.972219281 
0.002231124 0.060002032 9574.147629445 0.972256452 
0.002236415 0.060002032 9575.306020272 0.972292551 
0.002241705 0.060002032 9576.542556463 0.972327525 
0.002246996 0.060002032 9577.853629248 0.972361327 
0.002252286 0.060002032 9579.235548333 0.972393908 
0.002257577 0.060002032 9580.684552197 0.972425227 
0.002262867 0.060002032 9582.196818515 0.972455244 
0.002268157 0.060002032 9583.768474613 0.972483922 
0.002273447 0.060002032 9585.395607910 0.972511229 
0.002278737 0.060002032 9587.074276278 0.972537135 
0.002284027 0.060002032 9588.800518246 0.972561615 
0.002289317 0.060002032 9590.570363017 0.972584647 
0.002294606 0.060002032 9592.379840209 0.972606212 
0.002299895 0.060002032 9594.224989309 0.972626297 
0.002305185 0.060002032 9596.101868757 0.972644890 
0.002310474 0.060002032 9598.006564647 0.972661985 
0.002315763 0.060002032 9599.935199001 0.972677578 
0.002321051 0.060002032 9601.883937576 0.972691669 
0.002326340 0.060002032 9603.848997202 0.972704262 
0.002331628 0.060002032 9605.826652604 0.972715363 
0.002336917 0.060002032 9607.813242727 0.972724984 
0.002342205 0.060002032 9609.805176530 0.972733136 
0.002347493 0.060002032 9611.798938262 0.972739838 
0.002352780 0.060002032 9613.791092222 0.972745106 
0.002358068 0.060002032 9615.778287011 0.972748965 
0.002363356 0.060002032 9617.757259291 0.972751436 
0.002368643 0.060002032 9619.724837065 0.972752548 
0.002373930 0.060002032 9621.677942511 0.972752328 
0.002379217 0.060002032 9623.613594382 0.972750808 
0.002384504 0.060002032 9625.528910008 0.972748019 
0.002389790 0.060002032 9627.421106931 0.972743996 
0.002395077 0.060002032 9629.287504201 0.972738774 
0.002400363 0.060002032 9631.125523364 0.972732389 
0.002405649 0.060002032 9632.932689185 0.972724880 
0.002410935 0.060002032 9634.706630125 0.972716284 
0.002416221 0.060002032 9636.445078613 0.972706642 
0.002421506 0.060002032 9638.145871145 0.972695994 
0.002426792 0.060002032 9639.806948231 0.972684380 
0.002432077 0.060002032 9641.426354228 0.972671841 
0.002437362 0.060002032 9643.002237074 0.972658419 
0.002442647 0.060002032 9644.532847952 0.972644156 
0.002447932 0.060002032 9646.016540905 0.972629092 
0.002453217 0.060002032 9647.451772415 0.972613270 
0.002458501 0.060002032 9648.837100958 0.972596732 
0.002463786 0.060002032 9650.171186555 0.972579518 
0.002469070 0.060002032 9651.452790321 0.972561671 
0.002474354 0.060002032 9652.680774016 0.972543231 
0.002479639 0.060002032 9653.854099610 0.972524241 
0.002484923 0.060002032 9654.971828846 0.972504739 
0.002490206 0.060002032 9656.033122813 0.972484767 
0.002495490 0.060002032 9657.037241524 0.972464365 
0.002500774 0.060002032 9657.983543480 0.972443573 
0.002506058 0.060002032 9658.871485226 0.972422430 
0.002511341 0.060002032 9659.700620874 0.972400974 
0.002516625 0.060002032 9660.470601604 0.972379246 
0.002521908 0.060002032 9661.181175110 0.972357282 
0.002527191 0.060002032 9661.832184986 0.972335120 
0.002532474 0.060002032 9662.423570043 0.972312799 
0.002537758 0.060002032 9662.955363547 0.972290355 
0.002543041 0.060002032 9663.427692349 0.972267825 
0.002548324 0.060002032 9663.840775917 0.972245244 
0.002553607 0.060002032 9664.194925242 0.972222649 
0.002558890 0.060002032 9664.490541618 0.972200074 
0.002564173 0.060002032 9664.728115280 0.972177554 
0.002569456 0.060002032 9664.908223896 0.972155123 
0.002574738 0.060002032 9665.031530907 0.972132815 
0.002580021 0.060002032 9665.098783706 0.972110663 
0.002585304 0.060002032 9665.110811657 0.972088698 
0.002590587 0.060002032 9665.068523947 0.972066953 
0.002595870 0.060002032 9664.972907278 0.972045459 
0.002601153 0.060002032 9664.825023392 0.972024245 
0.002606435 0.060002032 9664.626006436 0.972003341 
0.002611718 0.060002032 9664.377060177 0.971982776 
0.002617001 0.060002032 9664.079455060 0.971962578 
0.002622284 0.060002032 9663.734525127 0.971942774 
0.002627567 0.060002032 9663.343664804 0.971923388 
0.002632849 0.060002032 9662.908325564 0.971904447 
0.002638132 0.060002032 9662.430012473 0.971885975 
0.002643415 0.060002032 9661.910280645 0.971867994 
0.002648698 0.060002032 9661.350731600 0.971850526 
0.002653981 0.060002032 9660.753009554 0.971833592 
0.002659264 0.060002032 9660.118797647 0.971817211 
0.002664547 0.060002032 9659.449814128 0.971801401 
0.002669830 0.060002032 9658.747808501 0.971786180 
0.002675114 0.060002032 9658.014557670 0.971771564 
0.002680397 0.060002032 9657.251862065 0.971757567 
0.002685680 0.060002032 9656.461541792 0.971744201 
0.002690964 0.060002032 9655.645432808 0.971731481 
0.002696247 0.060002032 9654.805383131 0.971719415 
0.002701530 0.060002032 9653.943249109 0.971708013 
0.002706814 0.060002032 9653.060891747 0.971697283 
0.002712098 0.060002032 9652.160173113 0.971687232 
0.002717381 0.060002032 9651.242952831 0.971677865 
0.002722665 0.060002032 9650.311084667 0.971669186 
0.002727949 0.060002032 9649.366413218 0.971661199 
0.002733233 0.060002032 9648.410770710 0.971653903 
0.002738517 0.060002032 9647.445973915 0.971647300 
0.002743801 0.060002032 9646.473821186 0.971641389 
0.002749085 0.060002032 9645.496089621 0.971636166 
0.002754369 0.060002032 9644.514532347 0.971631630 
0.002759653 0.060002032 9643.530875942 0.971627774 
0.002764938 0.060002032 9642.546817982 0.971624594 
0.002770222 0.060002032 9641.564024721 0.971622083 
0.002775507 0.060002032 9640.584128896 0.971620233 
0.002780791 0.060002032 9639.608727668 0.971619035 
0.002786076 0.060002032 9638.639380679 0.971618479 
0.002791361 0.060002032 9637.677608241 0.971618555 
0.002796646 0.060002032 9636.724889642 0.971619250 
0.002801931 0.060002032 9635.782661564 0.971620554 
0.002807216 0.060002032 9634.852316622 0.971622451 
0.002812501 0.060002032 9633.935202010 0.971624930 
0.002817786 0.060002032 9633.032618244 0.971627974 
0.002823072 0.060002032 9632.145818019 0.971631569 
0.002828357 0.060002032 9631.276005154 0.971635698 
0.002833642 0.060002032 9630.424333637 0.971640345 
0.002838928 0.060002032 9629.591906752 0.971645494 
0.002844213 0.060002032 9628.779776302 0.971651125 
0.002849499 0.060002032 9627.988941912 0.971657223 
0.002854785 0.060002032 9627.220350407 0.971663767 
0.002860071 0.060002032 9626.474895282 0.971670740 
0.002865357 0.060002032 9625.753416237 0.971678121 
0.002870643 0.060002032 9625.056698795 0.971685892 
0.002875929 0.060002032 9624.385473985 0.971694033 
0.002881215 0.060002032 9623.740418113 0.971702524 
0.002886501 0.060002032 9623.122152587 0.971711344 
0.002891787 0.060002032 9622.531243832 0.971720473 
0.002897073 0.060002032 9621.968203261 0.971729891 
0.002902360 0.060002032 9621.433487333 0.971739577 
0.002907646 0.060002032 9620.927497675 0.971749509 
0.002912932 0.060002032 9620.450581276 0.971759668 
0.002918219 0.060002032 9620.003030763 0.971770033 
0.002923505 0.060002032 9619.585084741 0.971780582 
0.002928792 0.060002032 9619.196928221 0.971791295 
0.002934078 0.060002032 9618.838693108 0.971802151 
0.002939365 0.060002032 9618.510458781 0.971813129 
0.002944652 0.060002032 9618.212252734 0.971824209 
0.002949938 0.060002032 9617.944051311 0.971835371 
0.002955225 0.060002032 9617.705780499 0.971846594 
0.002960512 0.060002032 9617.497316810 0.971857858 
0.002965799 0.060002032 9617.318488236 0.971869144 
0.002971085 0.060002032 9617.169075273 0.971880432 
0.002976372 0.060002032 9617.048812028 0.971891703 
0.002981659 0.060002032 9616.957387385 0.971902938 
0.002986946 0.060002032 9616.894446255 0.971914118 
0.002992233 0.060002032 9616.859590880 0.971925226 
0.002997520 0.060002032 9616.852382215 0.971936243 
0.003002806 0.060002032 9616.872341356 0.971947153 
0.003008093 0.060002032 9616.918951042 0.971957938 
0.003013380 0.060002032 9616.991657202 0.971968582 
0.003018667 0.060002032 9617.089870556 0.971979070 
0.003023954 0.060002032 9617.212968264 0.971989385 
0.003029241 0.060002032 9617.360295614 0.971999514 
0.003034528 0.060002032 9617.531167748 0.972009441 
0.003039815 0.060002032 9617.724871428 0.972019154 
0.003045101 0.060002032 9617.940666818 0.972028639 
0.003050388 0.060002032 9618.177789299 0.972037884 
0.003055675 0.060002032 9618.435451296 0.972046877 
0.003060962 0.060002032 9618.712844125 0.972055607 
0.003066249 0.060002032 9619.009139837 0.972064063 
0.003071535 0.060002032 9619.323493076 0.972072237 
0.003076822 0.060002032 9619.655042927 0.972080118 
0.003082109 0.060002032 9620.002914762 0.972087698 
0.003087396 0.060002032 9620.366222073 0.972094970 
0.003092682 0.060002032 9620.744068287 0.972101927 
0.003097969 0.060002032 9621.135548568 0.972108561 
0.003103255 0.060002032 9621.539751584 0.972114869 
0.003108542 0.060002032 9621.955761257 0.972120844 
0.003113829 0.060002032 9622.382658475 0.972126482 
0.003119115 0.060002032 9622.819522773 0.972131780 
0.003124402 0.060002032 9623.265433971 0.972136736 
0.003129688 0.060002032 9623.719473783 0.972141346 
0.003134974 0.060002032 9624.180727369 0.972145609 
0.003140261 0.060002032 9624.648284856 0.972149524 
0.003145547 0.060002032 9625.121242800 0.972153092 
0.003150833 0.060002032 9625.598705613 0.972156312 
0.003156120 0.060002032 9626.079786931 0.972159185 
0.003161406 0.060002032 9626.563610932 0.972161713 
0.003166692 0.060002032 9627.049313610 0.972163898 
0.003171978 0.060002032 9627.536043991 0.972165743 
0.003177264 0.060002032 9628.022965298 0.972167251 
0.003182550 0.060002032 9628.509256066 0.972168426 
0.003187836 0.060002032 9628.994111202 0.972169271 
0.003193122 0.060002032 9629.476742990 0.972169792 
0.003198408 0.060002032 9629.956382054 0.972169994 
0.003203694 0.060002032 9630.432278258 0.972169882 
0.003208980 0.060002032 9630.903701559 0.972169463 
0.003214266 0.060002032 9631.369942811 0.972168743 
0.003219552 0.060002032 9631.830314518 0.972167729 
0.003224837 0.060002032 9632.284151530 0.972166427 
0.003230123 0.060002032 9632.730811703 0.972164847 
0.003235409 0.060002032 9633.169676501 0.972162994 
0.003240694 0.060002032 9633.600151549 0.972160878 
0.003245980 0.060002032 9634.021667146 0.972158508 
0.003251265 0.060002032 9634.433678726 0.972155891 
0.003256551 0.060002032 9634.835667275 0.972153036 
0.003261836 0.060002032 9635.227139700 0.972149953 
0.003267122 0.060002032 9635.607629156 0.972146652 
0.003272407 0.060002032 9635.976695327 0.972143141 
0.003277692 0.060002032 9636.333924663 0.972139430 
0.003282978 0.060002032 9636.678930575 0.972135530 
0.003288263 0.060002032 9637.011353585 0.972131449 
0.003293548 0.060002032 9637.330861433 0.972127199 
0.003298833 0.060002032 9637.637149145 0.972122789 
0.003304119 0.060002032 9637.929939055 0.972118230 
0.003309404 0.060002032 9638.208980792 0.972113532 
0.003314689 0.060002032 9638.474051216 0.972108704 
0.003319974 0.060002032 9638.724954324 0.972103758 
0.003325259 0.060002032 9638.961521109 0.972098704 
0.003330544 0.060002032 9639.183609385 0.972093553 
0.003335829 0.060002032 9639.391103564 0.972088313 
0.003341114 0.060002032 9639.583914407 0.972082997 
0.003346399 0.060002032 9639.761978725 0.972077613 
0.003351684 0.060002032 9639.925259052 0.972072172 
0.003356969 0.060002032 9640.073743277 0.972066685 
0.003362254 0.060002032 9640.207444240 0.972061160 
0.003367539 0.060002032 9640.326399293 0.972055609 
0.003372824 0.060002032 9640.430669834 0.972050040 
0.003378109 0.060002032 9640.520340798 0.972044463 
0.003383394 0.060002032 9640.595520121 0.972038888 
0.003388679 0.060002032 9640.656338176 0.972033323 
0.003393964 0.060002032 9640.702947174 0.972027779 
0.003399249 0.060002032 9640.735520541 0.972022263 
0.003404533 0.060002032 9640.754252268 0.972016785 
0.003409818 0.060002032 9640.759356232 0.972011353 
0.003415103 0.060002032 9640.751065499 0.972005975 
0.003420388 0.060002032 9640.729631599 0.972000659 
0.003425673 0.060002032 9640.695323784 0.971995414 
0.003430958 0.060002032 9640.648428269 0.971990245 
0.003436243 0.060002032 9640.589247446 0.971985162 
0.003441527 0.060002032 9640.518099097 0.971980170 
0.003446812 0.060002032 9640.435315578 0.971975277 
0.003452097 0.060002032 9640.341243004 0.971970489 
0.003457382 0.060002032 9640.236240417 0.971965812 
0.003462667 0.060002032 9640.120678944 0.971961252 
0.003467952 0.060002032 9639.994940953 0.971956814 
0.003473237 0.060002032 9639.859419202 0.971952505 
0.003478522 0.060002032 9639.714515983 0.971948328 
0.003483807 0.060002032 9639.560642269 0.971944288 
0.003489091 0.060002032 9639.398216858 0.971940391 
0.003494376 0.060002032 9639.227665516 0.971936639 
0.003499661 0.060002032 9639.049420132 0.971933036 
0.003504946 0.060002032 9638.863917870 0.971929587 
0.003510231 0.060002032 9638.671600330 0.971926294 
0.003515516 0.060002032 9638.472912721 0.971923159 
0.003520801 0.060002032 9638.268303035 0.971920185 
0.003526086 0.060002032 9638.058221242 0.971917375 
0.003531371 0.060002032 9637.843118487 0.971914730 
0.003536656 0.060002032 9637.623446308 0.971912251 
0.003541942 0.060002032 9637.399655865 0.971909940 
0.003547227 0.060002032 9637.172197183 0.971907798 
0.003552512 0.060002032 9636.941518416 0.971905826 
0.003557797 0.060002032 9636.708065120 0.971904023 
0.003563082 0.060002032 9636.472279558 0.971902389 
0.003568367 0.060002032 9636.234600008 0.971900925 
0.003573652 0.060002032 9635.995460101 0.971899630 
0.003578938 0.060002032 9635.755288181 0.971898503 
0.003584223 0.060002032 9635.514506675 0.971897542 
0.003589508 0.060002032 9635.273531496 0.971896747 
0.003594793 0.060002032 9635.032771464 0.971896116 
0.003600079 0.060002032 9634.792627746 0.971895648 
0.003605364 0.060002032 9634.553493326 0.971895339 
0.003610649 0.060002032 9634.315752492 0.971895187 
0.003615935 0.060002032 9634.079780353 0.971895191 
0.003621220 0.060002032 9633.845942372 0.971895347 
0.003626505 0.060002032 9633.614593930 0.971895653 
0.003631791 0.060002032 9633.386079913 0.971896105 
0.003637076 0.060002032 9633.160734321 0.971896699 
0.003642362 0.060002032 9632.938879903 0.971897433 
0.003647647 0.060002032 9632.720827821 0.971898303 
0.003652933 0.060002032 9632.506877329 0.971899304 
0.003658218 0.060002032 9632.297315489 0.971900433 
0.003663504 0.060002032 9632.092416902 0.971901686 
0.003668789 0.060002032 9631.892443471 0.971903058 
0.003674075 0.060002032 9631.697644183 0.971904545 
0.003679360 0.060002032 9631.508254920 0.971906142 
0.003684646 0.060002032 9631.324498297 0.971907845 
0.003689931 0.060002032 9631.146583512 0.971909649 
0.003695217 0.060002032 9630.974706240 0.971911550 
0.003700503 0.060002032 9630.809048534 0.971913541 
0.003705788 0.060002032 9630.649778757 0.971915619 
0.003711074 0.060002032 9630.497051543 0.971917778 
0.003716360 0.060002032 9630.351007769 0.971920014 
0.003721645 0.060002032 9630.211774563 0.971922321 
0.003726931 0.060002032 9630.079465326 0.971924693 
0.003732217 0.060002032 9629.954179780 0.971927127 
0.003737503 0.060002032 9629.836004042 0.971929616 
0.003742788 0.060002032 9629.725010709 0.971932155 
0.003748074 0.060002032 9629.621258976 0.971934740 
0.003753360 0.060002032 9629.524794769 0.971937365 
0.003758646 0.060002032 9629.435650897 0.971940025 
0.003763932 0.060002032 9629.353847228 0.971942716 
0.003769217 0.060002032 9629.279390880 0.971945430 
0.003774503 0.060002032 9629.212276435 0.971948165 
0.003779789 0.060002032 9629.152486163 0.971950915 
0.003785075 0.060002032 9629.099990276 0.971953674 
0.003790361 0.060002032 9629.054747185 0.971956439 
0.003795646 0.060002032 9629.016703779 0.971959204 
0.003800932 0.060002032 9628.985795725 0.971961964 
0.003806218 0.060002032 9628.961947769 0.971964716 
0.003811504 0.060002032 9628.945074061 0.971967454 
0.003816790 0.060002032 9628.935078488 0.971970175 
0.003822076 0.060002032 9628.931855025 0.971972873 
0.003827362 0.060002032 9628.935288086 0.971975545 
0.003832647 0.060002032 9628.945252894 0.971978187 
0.003837933 0.060002032 9628.961615862 0.971980795 
0.003843219 0.060002032 9628.984234972 0.971983364 
0.003848505 0.060002032 9629.012960175 0.971985892 
0.003853791 0.060002032 9629.047633785 0.971988374 
0.003859077 0.060002032 9629.088090889 0.971990808 
0.003864363 0.060002032 9629.134159759 0.971993189 
0.003869648 0.060002032 9629.185662265 0.971995516 
0.003874934 0.060002032 9629.242414293 0.971997785 
0.003880220 0.060002032 9629.304226173 0.971999993 
0.003885506 0.060002032 9629.370903093 0.972002137 
0.003890792 0.060002032 9629.442245532 0.972004216 
0.003896078 0.060002032 9629.518049680 0.972006226 
0.003901363 0.060002032 9629.598107863 0.972008166 
0.003906649 0.060002032 9629.682208966 0.972010033 
0.003911935 0.060002032 9629.770138854 0.972011826 
0.003917221 0.060002032 9629.861680787 0.972013543 
0.003922507 0.060002032 9629.956615840 0.972015182 
0.003927793 0.060002032 9630.054723309 0.972016743 
0.003933078 0.060002032 9630.155781117 0.972018223 
0.003938364 0.060002032 9630.259566218 0.972019622 
0.003943650 0.060002032 9630.365854986 0.972020938 
0.003948936 0.060002032 9630.474423606 0.972022172 
0.003954221 0.060002032 9630.585048456 0.972023323 
0.003959507 0.060002032 9630.697506478 0.972024389 
0.003964793 0.060002032 9630.811575543 0.972025371 
0.003970079 0.060002032 9630.927034811 0.972026269 
0.003975364 0.060002032 9631.043665076 0.972027082 
0.003980650 0.060002032 9631.161249105 0.972027812 
0.003985936 0.060002032 9631.279571970 0.972028457 
0.003991221 0.060002032 9631.398421361 0.972029019 
0.003996507 0.060002032 9631.517587903 0.972029498 
0.004001793 0.060002032 9631.636865446 0.972029894 
0.004007078 0.060002032 9631.756051357 0.972030209 
0.004012364 0.060002032 9631.874946794 0.972030444 
0.004017650 0.060002032 9631.993356973 0.972030599 
0.004022935 0.060002032 9632.111091415 0.972030676 
0.004028221 0.060002032 9632.227964196 0.972030676 
0.004033507 0.060002032 9632.343794168 0.972030600 
0.004038792 0.060002032 9632.458405179 0.972030450 
0.004044078 0.060002032 9632.571626282 0.972030227 
0.004049363 0.060002032 9632.683291920 0.972029934 
0.004054649 0.060002032 9632.793242112 0.972029571 
0.004059934 0.060002032 9632.901322618 0.972029142 
0.004065220 0.060002032 9633.007385095 0.972028647 
0.004070506 0.060002032 9633.111287240 0.972028088 
0.004075791 0.060002032 9633.212892918 0.972027469 
0.004081077 0.060002032 9633.312072284 0.972026790 
0.004086362 0.060002032 9633.408701881 0.972026054 
0.004091648 0.060002032 9633.502664741 0.972025264 
0.004096933 0.060002032 9633.593850460 0.972024421 
0.004102219 0.060002032 9633.682155265 0.972023529 
0.004107504 0.060002032 9633.767482074 0.972022588 
0.004112790 0.060002032 9633.849740537 0.972021603 
0.004118075 0.060002032 9633.928847069 0.972020575 
0.004123360 0.060002032 9634.004724867 0.972019507 
0.004128646 0.060002032 9634.077303924 0.972018401 
0.004133931 0.060002032 9634.146521019 0.972017260 
0.004139217 0.060002032 9634.212319707 0.972016086 
0.004144502 0.060002032 9634.274650295 0.972014882 
0.004149788 0.060002032 9634.333469799 0.972013651 
0.004155073 0.060002032 9634.388741905 0.972012395 
0.004160358 0.060002032 9634.440436907 0.972011116 
0.004165644 0.060002032 9634.488531639 0.972009818 
0.004170929 0.060002032 9634.533009403 0.972008502 
0.004176215 0.060002032 9634.573859877 0.972007172 
0.004181500 0.060002032 9634.611079024 0.972005829 
0.004186785 0.060002032 9634.644668984 0.972004477 
0.004192071 0.060002032 9634.674637960 0.972003117 
0.004197356 0.060002032 9634.701000101 0.972001752 
0.004202642 0.060002032 9634.723775369 0.972000384 
0.004207927 0.060002032 9634.742989406 0.971999017 
0.004213212 0.060002032 9634.758673384 0.971997651 
0.004218498 0.060002032 9634.770863860 0.971996290 
0.004223783 0.060002032 9634.779602617 0.971994935 
0.004229068 0.060002032 9634.784936500 0.971993589 
0.004234354 0.060002032 9634.786917247 0.971992254 
0.004239639 0.060002032 9634.785601319 0.971990932 
0.004244925 0.060002032 9634.781049713 0.971989624 
0.004250210 0.060002032 9634.773327787 0.971988334 
0.004255495 0.060002032 9634.762505066 0.971987062 
0.004260781 0.060002032 9634.748655056 0.971985810 
0.004266066 0.060002032 9634.731855043 0.971984581 
0.004271351 0.060002032 9634.712185903 0.971983375 
0.004276637 0.060002032 9634.689731896 0.971982195 
0.004281922 0.060002032 9634.664580466 0.971981042 
0.004287207 0.060002032 9634.636822038 0.971979918 
0.004292493 0.060002032 9634.606549810 0.971978823 
0.004297778 0.060002032 9634.573859548 0.971977759 
0.004303064 0.060002032 9634.538849382 0.971976728 
0.004308349 0.060002032 9634.501619593 0.971975731 
0.004313634 0.060002032 9634.462272409 0.971974767 
0.004318920 0.060002032 9634.420911799 0.971973840 
0.004324205 0.060002032 9634.377643266 0.971972949 
0.004329491 0.060002032 9634.332573641 0.971972095 
0.004334776 0.060002032 9634.285810880 0.971971280 
0.004340061 0.060002032 9634.237463865 0.971970503 
0.004345347 0.060002032 9634.187642201 0.971969766 
0.004350632 0.060002032 9634.136456020 0.971969069 
0.004355918 0.060002032 9634.084015787 0.971968412 
0.004361203 0.060002032 9634.030432107 0.971967796 
0.004366488 0.060002032 9633.975815537 0.971967222 
0.004371774 0.060002032 9633.920276401 0.971966688 
0.004377059 0.060002032 9633.863924611 0.971966197 
0.004382345 0.060002032 9633.806869485 0.971965746 
0.004387630 0.060002032 9633.749219577 0.971965338 
0.004392915 0.060002032 9633.691082507 0.971964971 
0.004398201 0.060002032 9633.632564797 0.971964645 
0.004403486 0.060002032 9633.573771712 0.971964361 
0.004408772 0.060002032 9633.514807105 0.971964117 
0.004414057 0.060002032 9633.455773267 0.971963915 
0.004419343 0.060002032 9633.396770783 0.971963752 
0.004424628 0.060002032 9633.337898393 0.971963630 
0.004429914 0.060002032 9633.279252863 0.971963547 
0.004435199 0.060002032 9633.220928848 0.971963503 
0.004440485 0.060002032 9633.163018781 0.971963496 
0.004445770 0.060002032 9633.105612751 0.971963528 
0.004451056 0.060002032 9633.048798392 0.971963596 
0.004456341 0.060002032 9632.992660784 0.971963700 
0.004461627 0.060002032 9632.937282353 0.971963839 
0.004466912 0.060002032 9632.882742778 0.971964013 
0.004472198 0.060002032 9632.829118907 0.971964220 
0.004477483 0.060002032 9632.776484681 0.971964460 
0.004482769 0.060002032 9632.724911056 0.971964731 
0.004488054 0.060002032 9632.674465937 0.971965033 
0.004493340 0.060002032 9632.625214125 0.971965364 
0.004498625 0.060002032 9632.577217252 0.971965723 
0.004503911 0.060002032 9632.530533745 0.971966110 
0.004509196 0.060002032 9632.485218775 0.971966523 
0.004514482 0.060002032 9632.441324227 0.971966961 
0.004519767 0.060002032 9632.398898670 0.971967422 
0.004525053 0.060002032 9632.357987333 0.971967906 
0.004530339 0.060002032 9632.318632092 0.971968412 
0.004535624 0.060002032 9632.280871453 0.971968937 
0.004540910 0.060002032 9632.244740550 0.971969482 
0.004546195 0.060002032 9632.210271149 0.971970044 
0.004551481 0.060002032 9632.177491648 0.971970622 
0.004556766 0.060002032 9632.146427094 0.971971216 
0.004562052 0.060002032 9632.117099198 0.971971824 
0.004567338 0.060002032 9632.089526359 0.971972444 
0.004572623 0.060002032 9632.063723690 0.971973075 
0.004577909 0.060002032 9632.039703053 0.971973716 
0.004583194 0.060002032 9632.017473097 0.971974366 
0.004588480 0.060002032 9631.997039300 0.971975024 
0.004593766 0.060002032 9631.978404015 0.971975688 
0.004599051 0.060002032 9631.961566523 0.971976357 
0.004604337 0.060002032 9631.946523090 0.971977030 
0.004609622 0.060002032 9631.933267024 0.971977705 
0.004614908 0.060002032 9631.921788745 0.971978382 
0.004620194 0.060002032 9631.912075845 0.971979060 
0.004625479 0.060002032 9631.904113164 0.971979736 
0.004630765 0.060002032 9631.897882865 0.971980410 
0.004636050 0.060002032 9631.893364511 0.971981081 
0.004641336 0.060002032 9631.890535144 0.971981749 
0.004646622 0.060002032 9631.889369373 0.971982410 
0.004651907 0.060002032 9631.889839456 0.971983066 
0.004657193 0.060002032 9631.891915393 0.971983715 
0.004662478 0.060002032 9631.895565012 0.971984355 
0.004667764 0.060002032 9631.900754068 0.971984986 
0.004673050 0.060002032 9631.907446332 0.971985607 
0.004678335 0.060002032 9631.915603691 0.971986217 
0.004683621 0.060002032 9631.925186248 0.971986815 
0.004688906 0.060002032 9631.936152416 0.971987401 
0.004694192 0.060002032 9631.948459021 0.971987974 
0.004699478 0.060002032 9631.962061404 0.971988533 
0.004704763 0.060002032 9631.976913523 0.971989076 
0.004710049 0.060002032 9631.992968052 0.971989605 
0.004715335 0.060002032 9632.010176490 0.971990117 
0.004720620 0.060002032 9632.028489255 0.971990613 
0.004725906 0.060002032 9632.047855797 0.971991092 
0.004731191 0.060002032 9632.068224691 0.971991553 
0.004736477 0.060002032 9632.089543747 0.971991997 
0.004741763 0.060002032 9632.111760107 0.971992421 
0.004747048 0.060002032 9632.134820348 0.971992827 
0.004752334 0.060002032 9632.158670580 0.971993214 
0.004757619 0.060002032 9632.183256547 0.971993581 
0.004762905 0.060002032 9632.208523726 0.971993928 
0.004768190 0.060002032 9632.234417420 0.971994255 
0.004773476 0.060002032 9632.260882856 0.971994562 
0.004778762 0.060002032 9632.287865278 0.971994849 
0.004784047 0.060002032 9632.315310038 0.971995115 
0.004789333 0.060002032 9632.343162686 0.971995361 
0.004794618 0.060002032 9632.371369060 0.971995586 
0.004799904 0.060002032 9632.399875371 0.971995790 
0.004805190 0.060002032 9632.428628285 0.971995974 
0.004810475 0.060002032 9632.457575005 0.971996137 
0.004815761 0.060002032 9632.486663355 0.971996280 
0.004821046 0.060002032 9632.515841850 0.971996402 
0.004826332 0.060002032 9632.545059773 0.971996504 
0.004831617 0.060002032 9632.574267249 0.971996586 
0.004836903 0.060002032 9632.603415309 0.971996649 
0.004842188 0.060002032 9632.632455959 0.971996692 
0.004847474 0.060002032 9632.661342245 0.971996715 
0.004852760 0.060002032 9632.690028310 0.971996720 
0.004858045 0.060002032 9632.718469453 0.971996706 
0.004863331 0.060002032 9632.746622183 0.971996674 
0.004868616 0.060002032 9632.774444270 0.971996624 
0.004873902 0.060002032 9632.801894797 0.971996557 
0.004879187 0.060002032 9632.828934201 0.971996472 
0.004884473 0.060002032 9632.855524318 0.971996371 
0.004889758 0.060002032 9632.881628419 0.971996254 
0.004895044 0.060002032 9632.907211251 0.971996121 
0.004900329 0.060002032 9632.932239067 0.971995973 
0.004905615 0.060002032 9632.956679656 0.971995811 
0.004910900 0.060002032 9632.980502368 0.971995634 
0.004916186 0.060002032 9633.003678142 0.971995444 
0.004921472 0.060002032 9633.026179525 0.971995240 
0.004926757 0.060002032 9633.047980685 0.971995025 
0.004932043 0.060002032 9633.069057434 0.971994797 
0.004937328 0.060002032 9633.089387229 0.971994559 
0.004942614 0.060002032 9633.108949192 0.971994309 
0.004947899 0.060002032 9633.127724105 0.971994050 
0.004953185 0.060002032 9633.145694418 0.971993781 
0.004958470 0.060002032 9633.162844251 0.971993504 
0.004963756 0.060002032 9633.179159385 0.971993218 
0.004969041 0.060002032 9633.194627259 0.971992925 
0.004974327 0.060002032 9633.209236964 0.971992625 
0.004979612 0.060002032 9633.222979228 0.971992319 
0.004984898 0.060002032 9633.235846403 0.971992007 
0.004990183 0.060002032 9633.247832454 0.971991690 
0.004995469 0.060002032 9633.258932932 0.971991368 
0.004999961 0.060002032 9633.267669864 0.971991092 
