Sim: 4
Label: rocket
Time: 0.002000035202291553
Description: Test run of cold flow MSSE simulation with Ma 0.1 initialisation
Variables: 17
vel_x Ma p T rho u massf_H2 massf_O2 massf_OH massf_H2O massf_H massf_O dx dV A_c A_s pos_x
354.029534333 0.219284104 21659517.461647835 3572.217322986 9.906176587 -3257435.877308163 0.036970882 0.004957984 0.045355855 0.908467093 0.001893894 0.002354292 0.002500000 0.000397608 0.159043128 0.003534292 0.001250000 
354.748131545 0.219730998 21650231.292852901 3572.157097804 9.902096416 -3257627.742996111 0.036970882 0.004957984 0.045355855 0.908467093 0.001893894 0.002354292 0.002500000 0.000397608 0.159043128 0.003534292 0.003750000 
354.892040941 0.219820332 21648497.414330550 3572.150528122 9.901321607 -3257648.672685183 0.036970882 0.004957984 0.045355855 0.908467093 0.001893894 0.002354292 0.002500000 0.000397608 0.159043128 0.003534292 0.006250000 
354.922081461 0.219838818 21648268.438397154 3572.154600577 9.901205593 -3257635.698661215 0.036970882 0.004957984 0.045355855 0.908467093 0.001893894 0.002354292 0.002500000 0.000397608 0.159043128 0.003534292 0.008750000 
354.931116704 0.219844234 21648324.542238947 3572.160634244 9.901214529 -3257616.476602185 0.036970882 0.004957984 0.045355855 0.908467093 0.001893894 0.002354292 0.002500000 0.000397608 0.159043128 0.003534292 0.011250000 
354.937868877 0.219848229 21648419.804931104 3572.166880601 9.901240786 -3257596.576951057 0.036970882 0.004957984 0.045355855 0.908467093 0.001893894 0.002354292 0.002500000 0.000397608 0.159043128 0.003534292 0.013750000 
354.946106614 0.219853149 21648504.779723603 3572.172989308 9.901262718 -3257577.115819004 0.036970882 0.004957984 0.045355855 0.908467093 0.001893894 0.002354292 0.002500000 0.000397608 0.159043128 0.003534292 0.016250000 
354.956581619 0.219859461 21648569.661071021 3572.178891405 9.901276033 -3257558.312898645 0.036970882 0.004957984 0.045355855 0.908467093 0.001893894 0.002354292 0.002500000 0.000397608 0.159043128 0.003534292 0.018750000 
354.969436605 0.219867253 21648612.645212386 3572.184573966 9.901279942 -3257540.209370429 0.036970882 0.004957984 0.045355855 0.908467093 0.001893894 0.002354292 0.002500000 0.000397608 0.159043128 0.003534292 0.021250000 
354.984691084 0.219876539 21648633.546884183 3572.190034624 9.901274366 -3257522.812779162 0.036970882 0.004957984 0.045355855 0.908467093 0.001893894 0.002354292 0.002500000 0.000397608 0.159043128 0.003534292 0.023750000 
355.002339381 0.219887313 21648632.511368245 3572.195272384 9.901259374 -3257506.126292122 0.036970882 0.004957984 0.045355855 0.908467093 0.001893894 0.002354292 0.002500000 0.000397608 0.159043128 0.003534292 0.026250000 
355.022370418 0.219899571 21648609.754570398 3572.200285764 9.901235070 -3257490.154633085 0.036970882 0.004957984 0.045355855 0.908467093 0.001893894 0.002354292 0.002500000 0.000397608 0.159043128 0.003534292 0.028750000 
355.044771703 0.219913303 21648565.510528617 3572.205072405 9.901201568 -3257474.905316168 0.036970882 0.004957984 0.045355855 0.908467093 0.001893894 0.002354292 0.002500000 0.000397608 0.159043128 0.003534292 0.031250000 
355.069530140 0.219928502 21648500.020777512 3572.209628982 9.901158986 -3257460.388937511 0.036970882 0.004957984 0.045355855 0.908467093 0.001893894 0.002354292 0.002500000 0.000397608 0.159043128 0.003534292 0.033750000 
355.096632195 0.219945159 21648413.532158397 3572.213951167 9.901107449 -3257446.619281686 0.036970882 0.004957984 0.045355855 0.908467093 0.001893894 0.002354292 0.002500000 0.000397608 0.159043128 0.003534292 0.036250000 
355.126063931 0.219963267 21648306.296331983 3572.218033611 9.901047089 -3257433.613394103 0.036970882 0.004957984 0.045355855 0.908467093 0.001893894 0.002354292 0.002500000 0.000397608 0.159043128 0.003534292 0.038750000 
355.157811019 0.219982816 21648178.569633059 3572.221869918 9.900978039 -3257421.391647200 0.036970882 0.004957984 0.045355855 0.908467093 0.001893894 0.002354292 0.002500000 0.000397608 0.159043128 0.003534292 0.041250000 
355.191858742 0.220003798 21648030.612992279 3572.225452631 9.900900440 -3257409.977803335 0.036970882 0.004957984 0.045355855 0.908467093 0.001893894 0.002354292 0.002500000 0.000397608 0.159043128 0.003534292 0.043750000 
355.228192000 0.220026203 21647862.691869736 3572.228773208 9.900814436 -3257399.399071644 0.036970882 0.004957984 0.045355855 0.908467093 0.001893894 0.002354292 0.002500000 0.000397608 0.159043128 0.003534292 0.046250000 
355.266795310 0.220050023 21647675.076189090 3572.231822012 9.900720179 -3257389.686154528 0.036970882 0.004957984 0.045355855 0.908467093 0.001893894 0.002354292 0.002500000 0.000397608 0.159043128 0.003534292 0.048750000 
355.307652817 0.220075247 21647468.040269792 3572.234588300 9.900617823 -3257380.873279496 0.036970882 0.004957984 0.045355855 0.908467093 0.001893894 0.002354292 0.002500000 0.000397608 0.159043128 0.003534292 0.051250000 
355.350748292 0.220101866 21647241.862757456 3572.237060218 9.900507528 -3257372.998211440 0.036970882 0.004957984 0.045355855 0.908467093 0.001893894 0.002354292 0.002500000 0.000397608 0.159043128 0.003534292 0.053750000 
355.396065138 0.220129870 21646996.826551694 3572.239224806 9.900389460 -3257366.102240888 0.036970882 0.004957984 0.045355855 0.908467093 0.001893894 0.002354292 0.002500000 0.000397608 0.159043128 0.003534292 0.056250000 
355.443586395 0.220159249 21646733.218732003 3572.241068008 9.900263789 -3257360.230143879 0.036970882 0.004957984 0.045355855 0.908467093 0.001893894 0.002354292 0.002500000 0.000397608 0.159043128 0.003534292 0.058750000 
355.493294747 0.220189993 21646451.330481272 3572.242574698 9.900130690 -3257355.430109602 0.036970882 0.004957984 0.045355855 0.908467093 0.001893894 0.002354292 0.002500000 0.000397608 0.159043128 0.003534292 0.061250000 
355.545172520 0.220222091 21646151.457007304 3572.243728713 9.899990343 -3257351.753632527 0.036970882 0.004957984 0.045355855 0.908467093 0.001893894 0.002354292 0.002500000 0.000397608 0.159043128 0.003534292 0.063750000 
355.599201694 0.220255533 21645833.897462159 3572.244512897 9.899842932 -3257349.255366414 0.036970882 0.004957984 0.045355855 0.908467093 0.001893894 0.002354292 0.002500000 0.000397608 0.159043128 0.003534292 0.066250000 
355.655363904 0.220290308 21645498.954859447 3572.244909163 9.899688646 -3257347.992938439 0.036970882 0.004957984 0.045355855 0.908467093 0.001893894 0.002354292 0.002500000 0.000397608 0.159043128 0.003534292 0.068750000 
355.713640447 0.220326404 21645146.935989540 3572.244898558 9.899527677 -3257348.026722567 0.036970882 0.004957984 0.045355855 0.908467093 0.001893894 0.002354292 0.002500000 0.000397608 0.159043128 0.003534292 0.071250000 
355.774012285 0.220363811 21644778.151333142 3572.244461355 9.899360223 -3257349.419572292 0.036970882 0.004957984 0.045355855 0.908467093 0.001893894 0.002354292 0.002500000 0.000397608 0.159043128 0.003534292 0.073750000 
355.836460053 0.220402517 21644392.914972432 3572.243577140 9.899186484 -3257352.236513687 0.036970882 0.004957984 0.045355855 0.908467093 0.001893894 0.002354292 0.002500000 0.000397608 0.159043128 0.003534292 0.076250000 
355.900964064 0.220442511 21643991.544500921 3572.242224931 9.899006662 -3257356.544400834 0.036970882 0.004957984 0.045355855 0.908467093 0.001893894 0.002354292 0.002500000 0.000397608 0.159043128 0.003534292 0.078750000 
355.967504313 0.220483781 21643574.360931199 3572.240383287 9.898820964 -3257362.411536531 0.036970882 0.004957984 0.045355855 0.908467093 0.001893894 0.002354292 0.002500000 0.000397608 0.159043128 0.003534292 0.081250000 
356.036060485 0.220526315 21643141.688600942 3572.238030441 9.898629598 -3257369.907262025 0.036970882 0.004957984 0.045355855 0.908467093 0.001893894 0.002354292 0.002500000 0.000397608 0.159043128 0.003534292 0.083750000 
356.106611960 0.220570100 21642693.855077542 3572.235144441 9.898432775 -3257379.101520408 0.036970882 0.004957984 0.045355855 0.908467093 0.001893894 0.002354292 0.002500000 0.000397608 0.159043128 0.003534292 0.086250000 
356.179137819 0.220615126 21642231.191060845 3572.231703284 9.898230708 -3257390.064398776 0.036970882 0.004957984 0.045355855 0.908467093 0.001893894 0.002354292 0.002500000 0.000397608 0.159043128 0.003534292 0.088750000 
356.253616849 0.220661378 21641754.030284502 3572.227685075 9.898023609 -3257402.865655072 0.036970882 0.004957984 0.045355855 0.908467093 0.001893894 0.002354292 0.002500000 0.000397608 0.159043128 0.003534292 0.091250000 
356.330027552 0.220708845 21641262.709415920 3572.223068172 9.897811692 -3257417.574235712 0.036970882 0.004957984 0.045355855 0.908467093 0.001893894 0.002354292 0.002500000 0.000397608 0.159043128 0.003534292 0.093750000 
356.408348149 0.220757514 21640757.567954697 3572.217831340 9.897595171 -3257434.257790467 0.036970882 0.004957984 0.045355855 0.908467093 0.001893894 0.002354292 0.002500000 0.000397608 0.159043128 0.003534292 0.096250000 
356.488556588 0.220807371 21640238.948129766 3572.211953901 9.897374260 -3257452.982191205 0.036970882 0.004957984 0.045355855 0.908467093 0.001893894 0.002354292 0.002500000 0.000397608 0.159043128 0.003534292 0.098750000 
356.570630549 0.220858403 21639707.194795344 3572.205415884 9.897149171 -3257473.811061034 0.036970882 0.004957984 0.045355855 0.908467093 0.001893894 0.002354292 0.002500000 0.000397608 0.159043128 0.003534292 0.101250000 
356.654547452 0.220910598 21639162.655325659 3572.198198165 9.896920117 -3257496.805320134 0.036970882 0.004957984 0.045355855 0.908467093 0.001893894 0.002354292 0.002500000 0.000397608 0.159043128 0.003534292 0.103750000 
356.740284464 0.220963941 21638605.679508541 3572.190282607 9.896687308 -3257522.022754444 0.036970882 0.004957984 0.045355855 0.908467093 0.001893894 0.002354292 0.002500000 0.000397608 0.159043128 0.003534292 0.106250000 
356.827818504 0.221018419 21638036.619437911 3572.181652179 9.896450951 -3257549.517612696 0.036970882 0.004957984 0.045355855 0.908467093 0.001893894 0.002354292 0.002500000 0.000397608 0.159043128 0.003534292 0.108750000 
356.917126251 0.221074017 21637455.829405431 3572.172291079 9.896211252 -3257579.340236781 0.036970882 0.004957984 0.045355855 0.908467093 0.001893894 0.002354292 0.002500000 0.000397608 0.159043128 0.003534292 0.111250000 
357.008184150 0.221130722 21636863.665791102 3572.162184834 9.895968415 -3257611.536729901 0.036970882 0.004957984 0.045355855 0.908467093 0.001893894 0.002354292 0.002500000 0.000397608 0.159043128 0.003534292 0.113750000 
357.100968423 0.221188519 21636260.486952998 3572.151320394 9.895722638 -3257646.148665938 0.036970882 0.004957984 0.045355855 0.908467093 0.001893894 0.002354292 0.002500000 0.000397608 0.159043128 0.003534292 0.116250000 
357.195455070 0.221247395 21635646.653116379 3572.139686206 9.895474119 -3257683.212842880 0.036970882 0.004957984 0.045355855 0.908467093 0.001893894 0.002354292 0.002500000 0.000397608 0.159043128 0.003534292 0.118750000 
357.291619880 0.221307333 21635022.526261885 3572.127272281 9.895223051 -3257722.761082108 0.036970882 0.004957984 0.045355855 0.908467093 0.001893894 0.002354292 0.002500000 0.000397608 0.159043128 0.003534292 0.121250000 
357.389438438 0.221368319 21634388.470013168 3572.114070239 9.894969622 -3257764.820074571 0.036970882 0.004957984 0.045355855 0.908467093 0.001893894 0.002354292 0.002500000 0.000397608 0.159043128 0.003534292 0.123750000 
357.488886131 0.221430339 21633744.849523950 3572.100073345 9.894714020 -3257809.411273780 0.036970882 0.004957984 0.045355855 0.908467093 0.001893894 0.002354292 0.002500000 0.000397608 0.159043128 0.003534292 0.126250000 
357.589938156 0.221493377 21633092.031364568 3572.085276525 9.894456424 -3257856.550834885 0.036970882 0.004957984 0.045355855 0.908467093 0.001893894 0.002354292 0.002500000 0.000397608 0.159043128 0.003534292 0.128750000 
357.692569525 0.221557417 21632430.383407909 3572.069676376 9.894197012 -3257906.249598014 0.036970882 0.004957984 0.045355855 0.908467093 0.001893894 0.002354292 0.002500000 0.000397608 0.159043128 0.003534292 0.131250000 
357.796755079 0.221622445 21631760.274715271 3572.053271153 9.893935958 -3257958.513113280 0.036970882 0.004957984 0.045355855 0.908467093 0.001893894 0.002354292 0.002500000 0.000397608 0.159043128 0.003534292 0.133750000 
357.902469487 0.221688444 21631082.075421520 3572.036060753 9.893673432 -3258013.341704222 0.036970882 0.004957984 0.045355855 0.908467093 0.001893894 0.002354292 0.002500000 0.000397608 0.159043128 0.003534292 0.136250000 
358.009687259 0.221755399 21630396.156620305 3572.018046683 9.893409598 -3258070.730565491 0.036970882 0.004957984 0.045355855 0.908467093 0.001893894 0.002354292 0.002500000 0.000397608 0.159043128 0.003534292 0.138750000 
358.118382750 0.221823294 21629702.890248906 3571.999232017 9.893144618 -3258130.669890206 0.036970882 0.004957984 0.045355855 0.908467093 0.001893894 0.002354292 0.002500000 0.000397608 0.159043128 0.003534292 0.141250000 
358.228530171 0.221892113 21629002.648973010 3571.979621356 9.892878650 -3258193.145021772 0.036970882 0.004957984 0.045355855 0.908467093 0.001893894 0.002354292 0.002500000 0.000397608 0.159043128 0.003534292 0.143750000 
358.340103593 0.221961839 21628295.806071445 3571.959220765 9.892611847 -3258258.136624538 0.036970882 0.004957984 0.045355855 0.908467093 0.001893894 0.002354292 0.002500000 0.000397608 0.159043128 0.003534292 0.146250000 
358.453076957 0.222032456 21627582.735320956 3571.938037724 9.892344359 -3258325.620867449 0.036970882 0.004957984 0.045355855 0.908467093 0.001893894 0.002354292 0.002500000 0.000397608 0.159043128 0.003534292 0.148750000 
358.567424079 0.222103948 21626863.810880989 3571.916081060 9.892076333 -3258395.569614543 0.036970882 0.004957984 0.045355855 0.908467093 0.001893894 0.002354292 0.002500000 0.000397608 0.159043128 0.003534292 0.151250000 
358.683118660 0.222176298 21626139.407178637 3571.893360895 9.891807913 -3258467.950616164 0.036970882 0.004957984 0.045355855 0.908467093 0.001893894 0.002354292 0.002500000 0.000397608 0.159043128 0.003534292 0.153750000 
358.800134291 0.222249489 21625409.898793980 3571.869888583 9.891539236 -3258542.727694746 0.036970882 0.004957984 0.045355855 0.908467093 0.001893894 0.002354292 0.002500000 0.000397608 0.159043128 0.003534292 0.156250000 
358.918444463 0.222323505 21624675.660345439 3571.845676654 9.891270441 -3258619.860919341 0.036970882 0.004957984 0.045355855 0.908467093 0.001893894 0.002354292 0.002500000 0.000397608 0.159043128 0.003534292 0.158750000 
359.038022570 0.222398329 21623937.066375803 3571.820738770 9.891001660 -3258699.306763071 0.036970882 0.004957984 0.045355855 0.908467093 0.001893894 0.002354292 0.002500000 0.000397608 0.159043128 0.003534292 0.161250000 
359.158841921 0.222473944 21623194.491238359 3571.795089677 9.890733024 -3258781.018238421 0.036970882 0.004957984 0.045355855 0.908467093 0.001893894 0.002354292 0.002500000 0.000397608 0.159043128 0.003534292 0.163750000 
359.280875747 0.222550333 21622448.308983881 3571.768745173 9.890464659 -3258864.945005572 0.036970882 0.004957984 0.045355855 0.908467093 0.001893894 0.002354292 0.002500000 0.000397608 0.159043128 0.003534292 0.166250000 
359.404097204 0.222627479 21621698.893247917 3571.741722086 9.890196691 -3258951.033449671 0.036970882 0.004957984 0.045355855 0.908467093 0.001893894 0.002354292 0.002500000 0.000397608 0.159043128 0.003534292 0.168750000 
359.528479383 0.222705364 21620946.617138941 3571.714038257 9.889929240 -3259039.226723622 0.036970882 0.004957984 0.045355855 0.908467093 0.001893894 0.002354292 0.002500000 0.000397608 0.159043128 0.003534292 0.171250000 
359.653995319 0.222783971 21620191.853127047 3571.685712541 9.889662423 -3259129.464753861 0.036970882 0.004957984 0.045355855 0.908467093 0.001893894 0.002354292 0.002500000 0.000397608 0.159043128 0.003534292 0.173750000 
359.780617995 0.222863284 21619434.972933583 3571.656764815 9.889396357 -3259221.684207293 0.036970882 0.004957984 0.045355855 0.908467093 0.001893894 0.002354292 0.002500000 0.000397608 0.159043128 0.003534292 0.176250000 
359.908320349 0.222943284 21618676.347421501 3571.627216003 9.889131153 -3259315.818418628 0.036970882 0.004957984 0.045355855 0.908467093 0.001893894 0.002354292 0.002500000 0.000397608 0.159043128 0.003534292 0.178750000 
360.037075285 0.223023954 21617916.346486837 3571.597088110 9.888866918 -3259411.797278300 0.036970882 0.004957984 0.045355855 0.908467093 0.001893894 0.002354292 0.002500000 0.000397608 0.159043128 0.003534292 0.181250000 
360.166855675 0.223105278 21617155.338950925 3571.566404268 9.888603758 -3259509.547082085 0.036970882 0.004957984 0.045355855 0.908467093 0.001893894 0.002354292 0.002500000 0.000397608 0.159043128 0.003534292 0.183750000 
360.297634368 0.223187236 21616393.692453910 3571.535188799 9.888341772 -3259608.990344695 0.036970882 0.004957984 0.045355855 0.908467093 0.001893894 0.002354292 0.002500000 0.000397608 0.159043128 0.003534292 0.186250000 
360.429384197 0.223269812 21615631.773349263 3571.503467279 9.888081059 -3259710.045580526 0.036970882 0.004957984 0.045355855 0.908467093 0.001893894 0.002354292 0.002500000 0.000397608 0.159043128 0.003534292 0.188750000 
360.562077987 0.223352988 21614869.946599510 3571.471266617 9.887821709 -3259812.627055780 0.036970882 0.004957984 0.045355855 0.908467093 0.001893894 0.002354292 0.002500000 0.000397608 0.159043128 0.003534292 0.191250000 
360.695688557 0.223436746 21614108.575673021 3571.438615141 9.887563812 -3259916.644517190 0.036970882 0.004957984 0.045355855 0.908467093 0.001893894 0.002354292 0.002500000 0.000397608 0.159043128 0.003534292 0.193750000 
360.830188731 0.223521069 21613348.022442549 3571.405542691 9.887307449 -3260022.002903402 0.036970882 0.004957984 0.045355855 0.908467093 0.001893894 0.002354292 0.002500000 0.000397608 0.159043128 0.003534292 0.196250000 
360.965551344 0.223605939 21612588.647084560 3571.372080706 9.887052699 -3260128.602046000 0.036970882 0.004957984 0.045355855 0.908467093 0.001893894 0.002354292 0.002500000 0.000397608 0.159043128 0.003534292 0.198750000 
361.101749247 0.223691338 21611830.807980366 3571.338262327 9.886799633 -3260236.336367730 0.036970882 0.004957984 0.045355855 0.908467093 0.001893894 0.002354292 0.002500000 0.000397608 0.159043128 0.003534292 0.201250000 
361.238755311 0.223777248 21611074.861618508 3571.304122484 9.886548318 -3260345.094586268 0.036970882 0.004957984 0.045355855 0.908467093 0.001893894 0.002354292 0.002500000 0.000397608 0.159043128 0.003534292 0.203750000 
361.376542439 0.223863652 21610321.162498601 3571.269697986 9.886298815 -3260454.759432197 0.036970882 0.004957984 0.045355855 0.908467093 0.001893894 0.002354292 0.002500000 0.000397608 0.159043128 0.003534292 0.206250000 
361.515083567 0.223950530 21609570.063036941 3571.235027606 9.886051177 -3260565.207390171 0.036970882 0.004957984 0.045355855 0.908467093 0.001893894 0.002354292 0.002500000 0.000397608 0.159043128 0.003534292 0.208750000 
361.654351672 0.224037867 21608821.913473271 3571.200152145 9.885805451 -3260676.308472482 0.036970882 0.004957984 0.045355855 0.908467093 0.001893894 0.002354292 0.002500000 0.000397608 0.159043128 0.003534292 0.211250000 
361.794319778 0.224125642 21608077.061779488 3571.165114496 9.885561679 -3260787.926033933 0.036970882 0.004957984 0.045355855 0.908467093 0.001893894 0.002354292 0.002500000 0.000397608 0.159043128 0.003534292 0.213750000 
361.934960960 0.224213839 21607335.853569847 3571.129959686 9.885319892 -3260899.916636859 0.036970882 0.004957984 0.045355855 0.908467093 0.001893894 0.002354292 0.002500000 0.000397608 0.159043128 0.003534292 0.216250000 
362.076248351 0.224302440 21606598.632012710 3571.094734897 9.885080119 -3261012.129974418 0.036970882 0.004957984 0.045355855 0.908467093 0.001893894 0.002354292 0.002500000 0.000397608 0.159043128 0.003534292 0.218750000 
362.218155149 0.224391425 21605865.737744089 3571.059489469 9.884842377 -3261124.408859669 0.036970882 0.004957984 0.045355855 0.908467093 0.001893894 0.002354292 0.002500000 0.000397608 0.159043128 0.003534292 0.221250000 
362.360654619 0.224480778 21605137.508782778 3571.024274887 9.884606680 -3261236.589286758 0.036970882 0.004957984 0.045355855 0.908467093 0.001893894 0.002354292 0.002500000 0.000397608 0.159043128 0.003534292 0.223750000 
362.503720100 0.224570479 21604414.280447200 3570.989144731 9.884373033 -3261348.500569613 0.036970882 0.004957984 0.045355855 0.908467093 0.001893894 0.002354292 0.002500000 0.000397608 0.159043128 0.003534292 0.226250000 
362.647325011 0.224660512 21603696.385273986 3570.954154610 9.884141433 -3261459.965561800 0.036970882 0.004957984 0.045355855 0.908467093 0.001893894 0.002354292 0.002500000 0.000397608 0.159043128 0.003534292 0.228750000 
362.791442854 0.224750856 21602984.152938224 3570.919362065 9.883911873 -3261570.800959830 0.036970882 0.004957984 0.045355855 0.908467093 0.001893894 0.002354292 0.002500000 0.000397608 0.159043128 0.003534292 0.231250000 
362.936047220 0.224841496 21602277.910175350 3570.884826451 9.883684338 -3261680.817690251 0.036970882 0.004957984 0.045355855 0.908467093 0.001893894 0.002354292 0.002500000 0.000397608 0.159043128 0.003534292 0.233750000 
363.081111795 0.224932411 21601577.980704907 3570.850608784 9.883458807 -3261789.821379167 0.036970882 0.004957984 0.045355855 0.908467093 0.001893894 0.002354292 0.002500000 0.000397608 0.159043128 0.003534292 0.236250000 
363.226610363 0.225023585 21600884.685155999 3570.816771576 9.883235253 -3261897.612900649 0.036970882 0.004957984 0.045355855 0.908467093 0.001893894 0.002354292 0.002500000 0.000397608 0.159043128 0.003534292 0.238750000 
363.372516812 0.225114998 21600198.341034338 3570.783378632 9.883013647 -3262003.988999605 0.036970882 0.004957984 0.045355855 0.908467093 0.001893894 0.002354292 0.002500000 0.000397608 0.159043128 0.003534292 0.241250000 
363.518805756 0.225206634 21599519.270880669 3570.750494782 9.882793955 -3262108.743162413 0.036970882 0.004957984 0.045355855 0.908467093 0.001893894 0.002354292 0.002500000 0.000397608 0.159043128 0.003534292 0.243750000 
363.665577485 0.225298552 21598849.482189104 3570.718173864 9.882576948 -3262211.703895004 0.036970882 0.004957984 0.045355855 0.908467093 0.001893894 0.002354292 0.002500000 0.000397608 0.159043128 0.003534292 0.246250000 
363.838291482 0.225406599 21598532.113025822 3570.684058922 9.882526154 -3262320.379448167 0.036970882 0.004957984 0.045355855 0.908467093 0.001893894 0.002354292 0.002500000 0.000397608 0.159043128 0.003534292 0.248750000 
368.572645660 0.228354334 21660171.373821523 3570.211221905 9.912042106 -3263826.616178896 0.036970882 0.004957984 0.045355855 0.908467093 0.001893894 0.002354292 0.002500000 0.000391317 0.156510139 0.006122753 0.251250000 
379.679573445 0.235271302 21639997.838123206 3569.101779278 9.905888626 -3267360.640896866 0.036970882 0.004957984 0.045355855 0.908467093 0.001893894 0.002354292 0.002500000 0.000378998 0.151583142 0.005940656 0.253750000 
392.389514527 0.243190352 21600949.390029158 3567.795436764 9.891634355 -3271521.622349759 0.036970882 0.004957984 0.045355855 0.908467093 0.001893894 0.002354292 0.002500000 0.000367133 0.146837275 0.005763911 0.256250000 
405.758672026 0.251524701 21555563.659066554 3566.376987490 9.874776970 -3276039.382462891 0.036970882 0.004957984 0.045355855 0.908467093 0.001893894 0.002354292 0.002500000 0.000355708 0.142267615 0.005592428 0.258750000 
419.599529995 0.260158226 21506308.118392918 3564.860150992 9.856404696 -3280870.153729489 0.036970882 0.004957984 0.045355855 0.908467093 0.001893894 0.002354292 0.002500000 0.000344711 0.137869348 0.005426120 0.261250000 
433.878116458 0.269070443 21453556.285898197 3563.243612322 9.836688967 -3286018.052367841 0.036970882 0.004957984 0.045355855 0.908467093 0.001893894 0.002354292 0.002500000 0.000334132 0.133637763 0.005264897 0.263750000 
448.592576121 0.278260932 21397222.963504471 3561.522611184 9.815600336 -3291498.158867745 0.036970882 0.004957984 0.045355855 0.908467093 0.001893894 0.002354292 0.002500000 0.000323957 0.129568259 0.005108674 0.266250000 
463.747851411 0.287733578 21337111.337616835 3559.691431076 9.793060349 -3297328.587756571 0.036970882 0.004957984 0.045355855 0.908467093 0.001893894 0.002354292 0.002500000 0.000314177 0.125656343 0.004957364 0.268750000 
479.350210923 0.297493165 21272989.066292271 3557.743952304 9.768974779 -3303528.724765290 0.036970882 0.004957984 0.045355855 0.908467093 0.001893894 0.002354292 0.002500000 0.000304779 0.121897626 0.004810883 0.271250000 
495.406026931 0.307544615 21204605.387094278 3555.673777626 9.743241032 -3310118.825151233 0.036970882 0.004957984 0.045355855 0.908467093 0.001893894 0.002354292 0.002500000 0.000295754 0.118287829 0.004669148 0.273750000 
511.921499338 0.317892828 21131695.008688156 3553.474259705 9.715749762 -3317119.924614192 0.036970882 0.004957984 0.045355855 0.908467093 0.001893894 0.002354292 0.002500000 0.000287090 0.114822776 0.004532077 0.276250000 
528.902602520 0.328542648 21053979.019547407 3551.138504553 9.686385185 -3324553.826551596 0.036970882 0.004957984 0.045355855 0.908467093 0.001893894 0.002354292 0.002500000 0.000278779 0.111498403 0.004399589 0.278750000 
546.355091443 0.339498878 20971165.197148919 3548.659368025 9.655025120 -3332443.111245514 0.036970882 0.004957984 0.045355855 0.908467093 0.001893894 0.002354292 0.002500000 0.000270809 0.108310749 0.004271606 0.281250000 
564.284529012 0.350766299 20882948.309838768 3546.029449212 9.621541027 -3340811.154747747 0.036970882 0.004957984 0.045355855 0.908467093 0.001893894 0.002354292 0.002500000 0.000263171 0.105255962 0.004148051 0.283750000 
582.696325740 0.362349702 20789010.582526825 3543.241081375 9.585798117 -3349682.155387306 0.036970882 0.004957984 0.045355855 0.908467093 0.001893894 0.002354292 0.002500000 0.000255857 0.102330297 0.004028847 0.286250000 
601.595789601 0.374253929 20689022.396007951 3540.286320255 9.547655566 -3359081.168377438 0.036970882 0.004957984 0.045355855 0.908467093 0.001893894 0.002354292 0.002500000 0.000248856 0.099530115 0.003913920 0.288750000 
620.988185458 0.386483914 20582643.264907431 3537.156929407 9.506966847 -3369034.149660511 0.036970882 0.004957984 0.045355855 0.908467093 0.001893894 0.002354292 0.002500000 0.000242159 0.096851885 0.003803199 0.291250000 
640.878803640 0.399044740 20469523.132896226 3533.844362123 9.463580211 -3379568.010272571 0.036970882 0.004957984 0.045355855 0.908467093 0.001893894 0.002354292 0.002500000 0.000235760 0.094292182 0.003696613 0.293750000 
661.273037038 0.411941690 20349304.021553405 3530.339739564 9.417339330 -3390710.682469745 0.036970882 0.004957984 0.045355855 0.908467093 0.001893894 0.002354292 0.002500000 0.000229648 0.091847689 0.003594094 0.296250000 
682.176465779 0.425180316 20221622.067403402 3526.633824723 9.368084110 -3402491.198710265 0.036970882 0.004957984 0.045355855 0.908467093 0.001893894 0.002354292 0.002500000 0.000223816 0.089515196 0.003495575 0.298750000 
703.594948124 0.438766507 20086109.979286052 3522.716991947 9.315651704 -3414939.784335462 0.036970882 0.004957984 0.045355855 0.908467093 0.001893894 0.002354292 0.002500000 0.000218256 0.087291599 0.003400993 0.301250000 
725.534715792 0.452706558 19942399.945140500 3518.579191840 9.259877733 -3428087.964424799 0.036970882 0.004957984 0.045355855 0.908467093 0.001893894 0.002354292 0.002500000 0.000212962 0.085173902 0.003310286 0.303750000 
748.002471335 0.467007253 19790127.013565641 3514.209911544 9.200597729 -3441968.684786562 0.036970882 0.004957984 0.045355855 0.908467093 0.001893894 0.002354292 0.002500000 0.000207925 0.083159215 0.003223394 0.306250000 
771.005484577 0.481675935 19628932.971333921 3509.598130599 9.137648806 -3456616.446348206 0.036970882 0.004957984 0.045355855 0.908467093 0.001893894 0.002354292 0.002500000 0.000203138 0.081244756 0.003140262 0.308750000 
794.551684312 0.496720588 19458470.733631495 3504.732272870 9.070871577 -3472067.451274273 0.036970882 0.004957984 0.045355855 0.908467093 0.001893894 0.002354292 0.002500000 0.000198595 0.079427851 0.003060833 0.311250000 
818.649740511 0.512149906 19278409.259465028 3499.600155446 9.000112313 -3488359.757891855 0.036970882 0.004957984 0.045355855 0.908467093 0.001893894 0.002354292 0.002500000 0.000194290 0.077705929 0.002985057 0.313750000 
843.309131061 0.527973361 19088439.000717670 3494.188935893 8.925225361 -3505533.439842831 0.036970882 0.004957984 0.045355855 0.908467093 0.001893894 0.002354292 0.002500000 0.000190216 0.076076531 0.002912885 0.316250000 
868.540185514 0.544201254 18888277.890027773 3488.485059990 8.846075807 -3523630.742673331 0.036970882 0.004957984 0.045355855 0.908467093 0.001893894 0.002354292 0.002500000 0.000186368 0.074537302 0.002844269 0.318750000 
894.354096368 0.560844753 18677677.870183930 3482.474212950 8.762542397 -3542696.228135007 0.036970882 0.004957984 0.045355855 0.908467093 0.001893894 0.002354292 0.002500000 0.000182739 0.073085995 0.002779168 0.321250000 
920.762885835 0.577915902 18456431.966075588 3476.141278408 8.674520702 -3562776.892577857 0.036970882 0.004957984 0.045355855 0.908467093 0.001893894 0.002354292 0.002500000 0.000179325 0.071720469 0.002717538 0.323750000 
947.779312873 0.595427590 18224381.899093978 3469.470311051 8.581926540 -3583922.240665548 0.036970882 0.004957984 0.045355855 0.908467093 0.001893894 0.002354292 0.002500000 0.000176120 0.070438692 0.002659343 0.326250000 
975.416701158 0.613393484 17981426.242435202 3462.444530948 8.484699621 -3606184.288884423 0.036970882 0.004957984 0.045355855 0.908467093 0.001893894 0.002354292 0.002500000 0.000173120 0.069238736 0.002604548 0.328750000 
1003.688663625 0.631827880 17727529.112477396 3455.046350415 8.382807435 -3629617.464531305 0.036970882 0.004957984 0.045355855 0.908467093 0.001893894 0.002354292 0.002500000 0.000170320 0.068118783 0.002553119 0.331250000 
1032.608693066 0.650745476 17462729.383722000 3447.257447867 8.276249333 -3654278.354615737 0.036970882 0.004957984 0.045355855 0.908467093 0.001893894 0.002354292 0.002500000 0.000167715 0.067077121 0.002505028 0.333750000 
1062.189581123 0.670161030 17187150.398813393 3439.058907606 8.165060800 -3680225.245011154 0.036970882 0.004957984 0.045355855 0.908467093 0.001893894 0.002354292 0.002500000 0.000165302 0.066112144 0.002460247 0.336250000 
1092.442620012 0.690088867 16901010.115500465 3430.431450060 8.049317848 -3707517.373042724 0.036970882 0.004957984 0.045355855 0.908467093 0.001893894 0.002354292 0.002500000 0.000163078 0.065222354 0.002418752 0.338750000 
1123.376533283 0.710542194 16604631.582595775 3421.355783386 7.929141465 -3736213.796740724 0.036970882 0.004957984 0.045355855 0.908467093 0.001893894 0.002354292 0.002500000 0.000161038 0.064406360 0.002380521 0.341250000 
1154.996074891 0.731532184 16298453.561366303 3411.813114508 7.804702005 -3766371.762208349 0.036970882 0.004957984 0.045355855 0.908467093 0.001893894 0.002354292 0.002500000 0.000159179 0.063662878 0.002345535 0.343750000 
1187.300231788 0.753066766 15983041.008388016 3401.785864724 7.676223341 -3798044.428978175 0.036970882 0.004957984 0.045355855 0.908467093 0.001893894 0.002354292 0.002500000 0.000157498 0.062990731 0.002313777 0.346250000 
1220.279965815 0.775149064 15659095.034059813 3391.258641314 7.543986577 -3831277.794588835 0.036970882 0.004957984 0.045355855 0.908467093 0.001893894 0.002354292 0.002500000 0.000155993 0.062388848 0.002285232 0.348750000 
1253.915434665 0.797775434 15327461.933865970 3380.219521856 7.408333099 -3866106.644436714 0.036970882 0.004957984 0.045355855 0.908467093 0.001893894 0.002354292 0.002500000 0.000154662 0.061856267 0.002259888 0.351250000 
1288.172624978 0.820933027 14989141.214315973 3368.661716435 7.269666884 -3902549.328006526 0.036970882 0.004957984 0.045355855 0.908467093 0.001893894 0.002354292 0.002500000 0.000153501 0.061392131 0.002237733 0.353750000 
1322.999253352 0.844596750 14645293.944824368 3356.585706091 7.128456645 -3940601.060332542 0.036970882 0.004957984 0.045355855 0.908467093 0.001893894 0.002354292 0.002500000 0.000152510 0.060995691 0.002218759 0.356250000 
1358.319425816 0.868725246 14297257.528540699 3344.002098103 6.985240434 -3980225.002747648 0.036970882 0.004957984 0.045355855 0.908467093 0.001893894 0.002354292 0.002500000 0.000151686 0.060666306 0.002202957 0.358750000 
1394.025080513 0.893254475 13946588.988492029 3330.936018314 6.840642151 -4021338.559653095 0.036970882 0.004957984 0.045355855 0.908467093 0.001893894 0.002354292 0.002500000 0.000151029 0.060403440 0.002190323 0.361250000 
1429.956149672 0.918083201 13595219.743460210 3317.436324833 6.695434973 -4063784.600625379 0.036970882 0.004957984 0.045355855 0.908467093 0.001893894 0.002354292 0.002500000 0.000150537 0.060206665 0.002180851 0.363750000 
1465.830539209 0.943022889 13246103.330531273 3303.605584005 6.550811573 -4107237.636943334 0.036970882 0.004957984 0.045355855 0.908467093 0.001893894 0.002354292 0.002500000 0.000150210 0.060075660 0.002174539 0.366250000 
1500.843438485 0.967513640 12906997.777794205 3289.766405004 6.409960224 -4150682.590865688 0.036970882 0.004957984 0.045355855 0.908467093 0.001893894 0.002354292 0.002500000 0.000150046 0.060010211 0.002171383 0.368750000 
1577.964038204 1.022005904 12164377.147367567 3258.098738447 6.099873035 -4249964.398248818 0.036970882 0.004957984 0.045355855 0.908467093 0.001893894 0.002354292 0.002500000 0.000150034 0.060007862 0.002171177 0.371250000 
1604.949849302 1.041258848 11905009.614778645 3246.639329164 5.990883382 -4285845.351070696 0.036970882 0.004957984 0.045355855 0.908467093 0.001893894 0.002354292 0.002500000 0.000150151 0.060054497 0.002173021 0.373750000 
1633.508346427 1.061743914 11630898.514730422 3234.291676274 5.875289133 -4324480.090501161 0.036970882 0.004957984 0.045355855 0.908467093 0.001893894 0.002354292 0.002500000 0.000150384 0.060147769 0.002176705 0.376250000 
1662.511737412 1.082667069 11353126.174070686 3221.520117754 5.757709872 -4364411.055799375 0.036970882 0.004957984 0.045355855 0.908467093 0.001893894 0.002354292 0.002500000 0.000150734 0.060287677 0.002182219 0.378750000 
1691.697537959 1.103846251 11074437.482174175 3208.432434944 5.639283631 -4405298.372311550 0.036970882 0.004957984 0.045355855 0.908467093 0.001893894 0.002354292 0.002500000 0.000151200 0.060474220 0.002189550 0.381250000 
1720.961134981 1.125210795 10796050.575104306 3195.071962361 5.520512871 -4447004.217827400 0.036970882 0.004957984 0.045355855 0.908467093 0.001893894 0.002354292 0.002500000 0.000151783 0.060707400 0.002198679 0.383750000 
1750.244206499 1.146722473 10518729.833019672 3181.463651556 5.401712871 -4489448.441137165 0.036970882 0.004957984 0.045355855 0.908467093 0.001893894 0.002354292 0.002500000 0.000152482 0.060987215 0.002209585 0.386250000 
1779.506267692 1.168355345 10243058.360316364 3167.625803703 5.283125600 -4532571.795509752 0.036970882 0.004957984 0.045355855 0.908467093 0.001893894 0.002354292 0.002500000 0.000153299 0.061313666 0.002222240 0.388750000 
1808.715154761 1.190089021 9969528.161969587 3153.573976226 5.164957378 -4576323.703266406 0.036970882 0.004957984 0.045355855 0.908467093 0.001893894 0.002354292 0.002500000 0.000154231 0.061686753 0.002236615 0.391250000 
1837.843243420 1.211905972 9698575.227717672 3139.322516000 5.047393504 -4620657.459721568 0.036970882 0.004957984 0.045355855 0.908467093 0.001893894 0.002354292 0.002500000 0.000155280 0.062106476 0.002252678 0.393750000 
1866.865760493 1.233790337 9430594.631092865 3124.885223387 4.930604497 -4665528.160964879 0.036970882 0.004957984 0.045355855 0.908467093 0.001893894 0.002354292 0.002500000 0.000156446 0.062572835 0.002270392 0.396250000 
1895.759966982 1.255727337 9165947.431225715 3110.275652205 4.814748894 -4710891.772045332 0.036970882 0.004957984 0.045355855 0.908467093 0.001893894 0.002354292 0.002500000 0.000157729 0.063085830 0.002289720 0.398750000 
1924.504740373 1.277702983 8904963.937231073 3095.507241291 4.699974496 -4756704.722177907 0.036970882 0.004957984 0.045355855 0.908467093 0.001893894 0.002354292 0.002500000 0.000159128 0.063645460 0.002310620 0.401250000 
1953.080352956 1.299703921 8647945.297348382 3080.593362246 4.586418907 -4802923.761677188 0.036970882 0.004957984 0.045355855 0.908467093 0.001893894 0.002354292 0.002500000 0.000160643 0.064251727 0.002333050 0.403750000 
1981.468350943 1.321717353 8395164.328378504 3065.547323369 4.474209723 -4849505.955188507 0.036970882 0.004957984 0.045355855 0.908467093 0.001893894 0.002354292 0.002500000 0.000162275 0.064904629 0.002356967 0.406250000 
2009.651486668 1.343730996 8146866.038471285 3050.382350151 4.363464593 -4896408.747324700 0.036970882 0.004957984 0.045355855 0.908467093 0.001893894 0.002354292 0.002500000 0.000164024 0.065604167 0.002382326 0.408750000 
2037.613678662 1.365733068 7903268.075572311 3035.111553392 4.254291225 -4943590.066017087 0.036970882 0.004957984 0.045355855 0.908467093 0.001893894 0.002354292 0.002500000 0.000165889 0.066350341 0.002409082 0.411250000 
2065.339985709 1.387712275 7664561.221317942 3019.747891283 4.146787411 -4991008.443683663 0.036970882 0.004957984 0.045355855 0.908467093 0.001893894 0.002354292 0.002500000 0.000167871 0.067143151 0.002437188 0.413750000 
2092.816587038 1.409657818 7430909.989513484 3004.304129288 4.041041091 -5038623.144269585 0.036970882 0.004957984 0.045355855 0.908467093 0.001893894 0.002354292 0.002500000 0.000169970 0.067982597 0.002466598 0.416250000 
2120.030764129 1.431559391 7202453.354103873 2988.792800188 3.937130467 -5086394.288733639 0.036970882 0.004957984 0.045355855 0.908467093 0.001893894 0.002354292 0.002500000 0.000172185 0.068868679 0.002497267 0.418750000 
2146.970881586 1.453407188 6979305.611582994 2973.226165826 3.835124174 -5134282.974262726 0.036970882 0.004957984 0.045355855 0.908467093 0.001893894 0.002354292 0.002500000 0.000174517 0.069801396 0.002529147 0.421250000 
2173.626365688 1.475191902 6761557.370955611 2957.616181521 3.735081514 -5182251.384205843 0.036970882 0.004957984 0.045355855 0.908467093 0.001893894 0.002354292 0.002500000 0.000176965 0.070780750 0.002562195 0.423750000 
2199.987679926 1.496904728 6549276.657415522 2941.974463778 3.637052737 -5230262.886851370 0.036970882 0.004957984 0.045355855 0.908467093 0.001893894 0.002354292 0.002500000 0.000179530 0.071806739 0.002596366 0.426250000 
2226.046297323 1.518537363 6342510.112027380 2926.312261670 3.541079375 -5278282.121955460 0.036970882 0.004957984 0.045355855 0.908467093 0.001893894 0.002354292 0.002500000 0.000182211 0.072879365 0.002631616 0.428750000 
2251.794669584 1.540082001 6141284.267839490 2910.640432081 3.447194619 -5326275.074491546 0.036970882 0.004957984 0.045355855 0.908467093 0.001893894 0.002354292 0.002500000 0.000185009 0.073998626 0.002667901 0.431250000 
2277.226193306 1.561531331 5945606.882353948 2894.969418881 3.355423724 -5374209.135505393 0.036970882 0.004957984 0.045355855 0.908467093 0.001893894 0.002354292 0.002500000 0.000187924 0.075164523 0.002705181 0.433750000 
2302.335173614 1.582878530 5755468.306711683 2879.309235992 3.265784451 -5422053.150270174 0.036970882 0.004957984 0.045355855 0.908467093 0.001893894 0.002354292 0.002500000 0.000190955 0.076377056 0.002743415 0.436250000 
2327.116785596 1.604117251 5570842.873017804 2863.669454248 3.178287521 -5469777.454169014 0.036970882 0.004957984 0.045355855 0.908467093 0.001893894 0.002354292 0.002500000 0.000194103 0.077636224 0.002782564 0.438750000 
2351.567034000 1.625241618 5391690.282724446 2848.059191861 3.092937088 -5517353.896906564 0.036970882 0.004957984 0.045355855 0.908467093 0.001893894 0.002354292 0.002500000 0.000197367 0.078942029 0.002822589 0.441250000 
2375.682711601 1.646246209 5217956.980746151 2832.487108316 3.009731218 -5564755.855777183 0.036970882 0.004957984 0.045355855 0.908467093 0.001893894 0.002354292 0.002500000 0.000200748 0.080294470 0.002863454 0.443750000 
2399.461356676 1.667126049 5049577.501885258 2816.961401430 2.928662367 -5611958.238805743 0.036970882 0.004957984 0.045355855 0.908467093 0.001893894 0.002354292 0.002500000 0.000204246 0.081693546 0.002905123 0.446250000 
2422.901209990 1.687876591 4886475.778099470 2801.489807343 2.849717860 -5658937.478633052 0.036970882 0.004957984 0.045355855 0.908467093 0.001893894 0.002354292 0.002500000 0.000207860 0.083139258 0.002947562 0.448750000 
2446.001171651 1.708493700 4728566.397079815 2786.079603149 2.772880358 -5705671.518047932 0.036970882 0.004957984 0.045355855 0.908467093 0.001893894 0.002354292 0.002500000 0.000211591 0.084631606 0.002990739 0.451250000 
2468.760758191 1.728973644 4575755.804470737 2770.737611921 2.698128316 -5752139.788076228 0.036970882 0.004957984 0.045355855 0.908467093 0.001893894 0.002354292 0.002500000 0.000215438 0.086170591 0.003034622 0.453750000 
2491.180060160 1.749313068 4427943.443816723 2755.470209837 2.625436421 -5798323.179527560 0.036970882 0.004957984 0.045355855 0.908467093 0.001893894 0.002354292 0.002500000 0.000219402 0.087756210 0.003079180 0.456250000 
2513.259700499 1.769508987 4285022.829934803 2740.283335158 2.554776020 -5844204.008876435 0.036970882 0.004957984 0.045355855 0.908467093 0.001893894 0.002354292 0.002500000 0.000223483 0.089388466 0.003124386 0.458750000 
2535.000793932 1.789558761 4146882.552871608 2725.182498784 2.486115521 -5889765.979319603 0.036970882 0.004957984 0.045355855 0.908467093 0.001893894 0.002354292 0.002500000 0.000227680 0.091067358 0.003170210 0.461250000 
2556.404907542 1.809460080 4013407.210900121 2710.172796166 2.419420775 -5934994.137807504 0.036970882 0.004957984 0.045355855 0.908467093 0.001893894 0.002354292 0.002500000 0.000231993 0.092792886 0.003216628 0.463750000 
2577.474022726 1.829210952 3884478.272141294 2695.258920320 2.354655439 -5979874.828797646 0.036970882 0.004957984 0.045355855 0.908467093 0.001893894 0.002354292 0.002500000 0.000236424 0.094565049 0.003263612 0.466250000 
2598.210498609 1.848809677 3759974.865362869 2680.445175754 2.291781311 -6024395.645423705 0.036970882 0.004957984 0.045355855 0.908467093 0.001893894 0.002354292 0.002500000 0.000240971 0.096383848 0.003311140 0.468750000 
2618.617037057 1.868254837 3639774.501319005 2665.735493079 2.230758643 -6068545.378717132 0.036970882 0.004957984 0.045355855 0.908467093 0.001893894 0.002354292 0.002500000 0.000245634 0.098249284 0.003359189 0.471250000 
2638.696649322 1.887545277 3523753.726658550 2651.133444158 2.171546434 -6112313.965460476 0.036970882 0.004957984 0.045355855 0.908467093 0.001893894 0.002354292 0.002500000 0.000250414 0.100161355 0.003407735 0.473750000 
2658.452624392 1.906680089 3411788.712959589 2636.642257601 2.114102698 -6155692.435194034 0.036970882 0.004957984 0.045355855 0.908467093 0.001893894 0.002354292 0.002500000 0.000255311 0.102120062 0.003456759 0.476250000 
2677.888499046 1.925658595 3303755.783855395 2622.264834470 2.058384705 -6198672.856840935 0.036970882 0.004957984 0.045355855 0.908467093 0.001893894 0.002354292 0.002500000 0.000260324 0.104125405 0.003506240 0.478750000 
2697.008029641 1.944480336 3199531.883515275 2608.003764070 2.004349209 -6241248.285361357 0.036970882 0.004957984 0.045355855 0.908467093 0.001893894 0.002354292 0.002500000 0.000265454 0.106177383 0.003556159 0.481250000 
2715.815165607 1.963145051 3098994.989946847 2593.861339692 1.951952650 -6283412.708794646 0.036970882 0.004957984 0.045355855 0.908467093 0.001893894 0.002354292 0.002500000 0.000270700 0.108275998 0.003606498 0.483750000 
2734.314024630 1.981652670 3002024.476706579 2579.839574235 1.901151336 -6325160.995999220 0.036970882 0.004957984 0.045355855 0.908467093 0.001893894 0.002354292 0.002500000 0.000276063 0.110421248 0.003657240 0.486250000 
2752.508869482 2.000003293 2908501.426655372 2565.940215589 1.851901606 -6366488.845354285 0.036970882 0.004957984 0.045355855 0.908467093 0.001893894 0.002354292 0.002500000 0.000281543 0.112613135 0.003708367 0.488750000 
2770.404086471 2.018197183 2818308.901387143 2552.164761735 1.804159979 -6407392.734645422 0.036970882 0.004957984 0.045355855 0.908467093 0.001893894 0.002354292 0.002500000 0.000287139 0.114851657 0.003759865 0.491250000 
2788.004165432 2.036234751 2731332.169901267 2538.514475484 1.757883283 -6447869.872317079 0.036970882 0.004957984 0.045355855 0.908467093 0.001893894 0.002354292 0.002500000 0.000292852 0.117136815 0.003811719 0.493750000 
2805.313681226 2.054116544 2647458.899993960 2524.990398802 1.713028767 -6487918.150240143 0.036970882 0.004957984 0.045355855 0.908467093 0.001893894 0.002354292 0.002500000 0.000298681 0.119468609 0.003863913 0.496250000 
2822.337276664 2.071843236 2566579.315717403 2511.593366702 1.669554203 -6527536.098110706 0.036970882 0.004957984 0.045355855 0.908467093 0.001893894 0.002354292 0.002500000 0.000304627 0.121847039 0.003916435 0.498750000 
2839.079646802 2.089415613 2488586.324106526 2498.324020639 1.627417970 -6566722.839568135 0.036970882 0.004957984 0.045355855 0.908467093 0.001893894 0.002354292 0.002500000 0.000310690 0.124272105 0.003969271 0.501250000 
2855.545524546 2.106834567 2413375.614207972 2485.182821413 1.586579132 -6605478.050095074 0.036970882 0.004957984 0.045355855 0.908467093 0.001893894 0.002354292 0.002500000 0.000316869 0.126743807 0.004022409 0.503750000 
2871.739667470 2.124101087 2340845.731269555 2472.170061553 1.546997498 -6643801.916739924 0.036970882 0.004957984 0.045355855 0.908467093 0.001893894 0.002354292 0.002500000 0.000323165 0.129262144 0.004075837 0.506250000 
2887.666845818 2.141216247 2270898.128765772 2459.285877156 1.508633674 -6681695.099683136 0.036970882 0.004957984 0.045355855 0.908467093 0.001893894 0.002354292 0.002500000 0.000329577 0.131827118 0.004129545 0.508750000 
2903.331831582 2.158181198 2203437.200750379 2446.530259213 1.471449109 -6719158.695651673 0.036970882 0.004957984 0.045355855 0.908467093 0.001893894 0.002354292 0.002500000 0.000336106 0.134438727 0.004183520 0.511250000 
2918.739388620 2.174997163 2138370.296842586 2433.903064376 1.435406129 -6756194.203171815 0.036970882 0.004957984 0.045355855 0.908467093 0.001893894 0.002354292 0.002500000 0.000342752 0.137096972 0.004237753 0.513750000 
2933.894263731 2.191665427 2075607.721972676 2421.404025205 1.400467963 -6792803.489638367 0.036970882 0.004957984 0.045355855 0.908467093 0.001893894 0.002354292 0.002500000 0.000349514 0.139801853 0.004292235 0.516250000 
2948.801178624 2.208187332 2015062.722837340 2409.032759889 1.366598764 -6828988.760167935 0.036970882 0.004957984 0.045355855 0.908467093 0.001893894 0.002354292 0.002500000 0.000356392 0.142553370 0.004346955 0.518750000 
2963.464822729 2.224564269 1956651.462846033 2396.788781444 1.333763626 -6864752.528195852 0.036970882 0.004957984 0.045355855 0.908467093 0.001893894 0.002354292 0.002500000 0.000363388 0.145351523 0.004401905 0.521250000 
2977.889846779 2.240797673 1900292.987178896 2384.671506408 1.301928589 -6900097.587769165 0.036970882 0.004957984 0.045355855 0.908467093 0.001893894 0.002354292 0.002500000 0.000370500 0.148196312 0.004457077 0.523750000 
2992.080857116 2.256889015 1845909.179424310 2372.680263053 1.271060646 -6935026.987483116 0.036970882 0.004957984 0.045355855 0.908467093 0.001893894 0.002354292 0.002500000 0.000377728 0.151087736 0.004512462 0.526250000 
3006.042410662 2.272839803 1793424.711121109 2360.814299107 1.241127742 -6969544.006003952 0.036970882 0.004957984 0.045355855 0.908467093 0.001893894 0.002354292 0.002500000 0.000385073 0.154025797 0.004568052 0.528750000 
3019.779010502 2.288651570 1742766.985396438 2349.072789031 1.212098770 -7003652.129118267 0.036970882 0.004957984 0.045355855 0.908467093 0.001893894 0.002354292 0.002500000 0.000392535 0.157010493 0.004623840 0.531250000 
3033.295102035 2.304325873 1693866.075765931 2337.454840843 1.183943566 -7037355.028246671 0.036970882 0.004957984 0.045355855 0.908467093 0.001893894 0.002354292 0.002500000 0.000400113 0.160041825 0.004679820 0.533750000 
3046.595069646 2.319864291 1646654.661047633 2325.959502527 1.156632895 -7070656.540358390 0.036970882 0.004957984 0.045355855 0.908467093 0.001893894 0.002354292 0.002500000 0.000407808 0.163119793 0.004735984 0.536250000 
3059.683233856 2.335268415 1601067.957234972 2314.585768026 1.130138443 -7103560.649222836 0.036970882 0.004957984 0.045355855 0.908467093 0.001893894 0.002354292 0.002500000 0.000415619 0.166244397 0.004792325 0.538750000 
3072.563848907 2.350539852 1557043.647076753 2303.332582855 1.104432801 -7136071.467934188 0.036970882 0.004957984 0.045355855 0.908467093 0.001893894 0.002354292 0.002500000 0.000423547 0.169415637 0.004848839 0.541250000 
3085.241100748 2.365680216 1514521.808023149 2292.198849340 1.079489448 -7168193.222645401 0.036970882 0.004957984 0.045355855 0.908467093 0.001893894 0.002354292 0.002500000 0.000431592 0.172633513 0.004905517 0.543750000 
3097.719105384 2.380691127 1473444.839115564 2281.183431511 1.055282737 -7199930.237449223 0.036970882 0.004957984 0.045355855 0.908467093 0.001893894 0.002354292 0.002500000 0.000439753 0.175898025 0.004962356 0.546250000 
3110.001907559 2.395574211 1433757.387324773 2270.285159650 1.031787872 -7231286.920344859 0.036970882 0.004957984 0.045355855 0.908467093 0.001893894 0.002354292 0.002500000 0.000448031 0.179209172 0.005019349 0.548750000 
3122.093479738 2.410331091 1395406.273775148 2259.502834537 1.008980891 -7262267.750230498 0.036970882 0.004957984 0.045355855 0.908467093 0.001893894 0.002354292 0.002500000 0.000456425 0.182566955 0.005076492 0.551250000 
3133.997721359 2.424963392 1358340.420232772 2248.835231388 0.986838645 -7292877.264863720 0.036970882 0.004957984 0.045355855 0.908467093 0.001893894 0.002354292 0.002500000 0.000464936 0.185971375 0.005133779 0.553750000 
3145.718458339 2.439472735 1322510.776181291 2238.281103511 0.965338777 -7323120.049733835 0.036970882 0.004957984 0.045355855 0.908467093 0.001893894 0.002354292 0.002500000 0.000473564 0.189422430 0.005191206 0.556250000 
3157.259442791 2.453860733 1287870.246761095 2227.839185697 0.944459701 -7353000.727791985 0.036970882 0.004957984 0.045355855 0.908467093 0.001893894 0.002354292 0.002500000 0.000482308 0.192920121 0.005248767 0.558750000 
3168.624352952 2.468128996 1254373.621804119 2217.508197364 0.924180582 -7382523.949987172 0.036970882 0.004957984 0.045355855 0.908467093 0.001893894 0.002354292 0.002500000 0.000491169 0.196464448 0.005306459 0.561250000 
3179.816793284 2.482279122 1221977.506158168 2207.286845455 0.904481310 -7411694.386558611 0.036970882 0.004957984 0.045355855 0.908467093 0.001893894 0.002354292 0.002500000 0.000500146 0.200055411 0.005364278 0.563750000 
3190.840294731 2.496312702 1190640.251460445 2197.173827123 0.885342482 -7440516.719036864 0.036970882 0.004957984 0.045355855 0.908467093 0.001893894 0.002354292 0.002500000 0.000509240 0.203693009 0.005422219 0.566250000 
3201.698315129 2.510231313 1160321.889489805 2187.167832204 0.866745381 -7468995.632908566 0.036970882 0.004957984 0.045355855 0.908467093 0.001893894 0.002354292 0.002500000 0.000518451 0.207377244 0.005480278 0.568750000 
3212.394239732 2.524036521 1130984.067200485 2177.267545494 0.848671950 -7497135.810901738 0.036970882 0.004957984 0.045355855 0.908467093 0.001893894 0.002354292 0.002500000 0.000527778 0.211108114 0.005538452 0.571250000 
3222.931381856 2.537729880 1102589.983516699 2167.471648845 0.831104776 -7524941.926850840 0.036970882 0.004957984 0.045355855 0.908467093 0.001893894 0.002354292 0.002500000 0.000537222 0.214885621 0.005596737 0.573750000 
3233.312983618 2.551312926 1075104.327946896 2157.778823086 0.814027064 -7552418.640102893 0.036970882 0.004957984 0.045355855 0.908467093 0.001893894 0.002354292 0.002500000 0.000546782 0.218709763 0.005655130 0.576250000 
3243.542216763 2.564787184 1048493.221058564 2148.187749788 0.797422622 -7579570.590428122 0.036970882 0.004957984 0.045355855 0.908467093 0.001893894 0.002354292 0.002500000 0.000556459 0.222580541 0.005713628 0.578750000 
3253.622183564 2.578154160 1022724.156838922 2138.697112876 0.781275835 -7606402.393400435 0.036970882 0.004957984 0.045355855 0.908467093 0.001893894 0.002354292 0.002500000 0.000566252 0.226497955 0.005772226 0.581250000 
3263.555917786 2.591415345 997765.946953349 2129.305600104 0.765571649 -7632918.636215322 0.036970882 0.004957984 0.045355855 0.908467093 0.001893894 0.002354292 0.002500000 0.000576162 0.230462005 0.005830923 0.583750000 
3273.346385707 2.604572214 973588.666901868 2120.011904396 0.750295550 -7659123.873914281 0.036970882 0.004957984 0.045355855 0.908467093 0.001893894 0.002354292 0.002500000 0.000586189 0.234472690 0.005889715 0.586250000 
3282.996487183 2.617626221 950163.604064026 2110.814725070 0.735433547 -7685022.625987049 0.036970882 0.004957984 0.045355855 0.908467093 0.001893894 0.002354292 0.002500000 0.000596332 0.238530012 0.005948600 0.588750000 
3292.509056754 2.630578807 927463.207614248 2101.712768945 0.720972148 -7710619.373324323 0.036970882 0.004957984 0.045355855 0.908467093 0.001893894 0.002354292 0.002500000 0.000606592 0.242633970 0.006007574 0.591250000 
3301.886864781 2.643431391 905461.040282492 2092.704751346 0.706898351 -7735918.555495699 0.036970882 0.004957984 0.045355855 0.908467093 0.001893894 0.002354292 0.002500000 0.000616969 0.246784563 0.006066635 0.593750000 
3311.132618610 2.656185376 884131.731929288 2083.789397006 0.693199618 -7760924.568328672 0.036970882 0.004957984 0.045355855 0.908467093 0.001893894 0.002354292 0.002500000 0.000627462 0.250981792 0.006125781 0.596250000 
3320.248963750 2.668842143 863450.934899286 2074.965440885 0.679863862 -7785641.761766513 0.036970882 0.004957984 0.045355855 0.908467093 0.001893894 0.002354292 0.002500000 0.000638071 0.255225657 0.006185009 0.598750000 
3329.238485077 2.681403058 843395.281113490 2066.231628898 0.666879431 -7810074.437983945 0.036970882 0.004957984 0.045355855 0.908467093 0.001893894 0.002354292 0.002500000 0.000648798 0.259516158 0.006244317 0.601250000 
3338.103708035 2.693869466 823942.340857220 2057.586718566 0.654235090 -7834226.849741013 0.036970882 0.004957984 0.045355855 0.908467093 0.001893894 0.002354292 0.002500000 0.000659640 0.263853295 0.006303702 0.603750000 
3346.847099854 2.706242694 805070.583218393 2049.029479598 0.641920007 -7858103.198956900 0.036970882 0.004957984 0.045355855 0.908467093 0.001893894 0.002354292 0.002500000 0.000670600 0.268237068 0.006363163 0.606250000 
3355.471070764 2.718524047 786759.338128798 2040.558694398 0.629923739 -7881707.635486466 0.036970882 0.004957984 0.045355855 0.908467093 0.001893894 0.002354292 0.002500000 0.000681676 0.272667477 0.006422697 0.608750000 
3363.977975211 2.730714814 768988.759959819 2032.173158524 0.618236215 -7905044.256083609 0.036970882 0.004957984 0.045355855 0.908467093 0.001893894 0.002354292 0.002500000 0.000692868 0.277144521 0.006482302 0.611250000 
3372.370113067 2.742816264 751739.792623150 2023.871681071 0.606847723 -7928117.103536529 0.036970882 0.004957984 0.045355855 0.908467093 0.001893894 0.002354292 0.002500000 0.000704177 0.281668202 0.006541977 0.613750000 
3380.649730837 2.754829646 734994.136126549 2015.653085017 0.595748897 -7950930.165960970 0.036970882 0.004957984 0.045355855 0.908467093 0.001893894 0.002354292 0.002500000 0.000715603 0.286238518 0.006601719 0.616250000 
3388.819022851 2.766756191 718734.214534630 2007.516207510 0.584930705 -7973487.376238550 0.036970882 0.004957984 0.045355855 0.908467093 0.001893894 0.002354292 0.002500000 0.000727146 0.290855470 0.006661527 0.618750000 
3396.880132455 2.778597111 702943.145284779 1999.459900116 0.574384434 -7995792.611588234 0.036970882 0.004957984 0.045355855 0.908467093 0.001893894 0.002354292 0.002500000 0.000738804 0.295519058 0.006721398 0.621250000 
3404.835153178 2.790353598 687604.709808764 1991.483029019 0.564101681 -8017849.693259511 0.036970882 0.004957984 0.045355855 0.908467093 0.001893894 0.002354292 0.002500000 0.000750580 0.300229282 0.006781332 0.623750000 
3412.686129895 2.802026825 672703.325411156 1983.584475191 0.554074336 -8039662.386337119 0.036970882 0.004957984 0.045355855 0.908467093 0.001893894 0.002354292 0.002500000 0.000762472 0.304986142 0.006841326 0.626250000 
3420.435059968 2.813617949 658224.018356498 1975.763134519 0.544294578 -8061234.399647512 0.036970882 0.004957984 0.045355855 0.908467093 0.001893894 0.002354292 0.002500000 0.000774481 0.309789637 0.006901380 0.628750000 
3428.083894374 2.825128107 644152.398118096 1968.017917904 0.534754860 -8082569.385758082 0.036970882 0.004957984 0.045355855 0.908467093 0.001893894 0.002354292 0.002500000 0.000786606 0.314639769 0.006961490 0.631250000 
3435.634538812 2.836558417 630474.632742315 1960.347751328 0.525447898 -8103670.941060912 0.036970882 0.004957984 0.045355855 0.908467093 0.001893894 0.002354292 0.002500000 0.000798848 0.319536536 0.007021657 0.633750000 
3443.088854799 2.847909979 617177.425283433 1952.751575898 0.516366663 -8124542.605933180 0.036970882 0.004957984 0.045355855 0.908467093 0.001893894 0.002354292 0.002500000 0.000811207 0.324479940 0.007081878 0.636250000 
3450.448660736 2.859183877 604247.991265285 1945.228347859 0.507504370 -8145187.864967206 0.036970882 0.004957984 0.045355855 0.908467093 0.001893894 0.002354292 0.002500000 0.000823682 0.329469979 0.007142153 0.638750000 
3457.715732965 2.870381175 591674.037127200 1937.777038589 0.498854470 -8165610.147263294 0.036970882 0.004957984 0.045355855 0.908467093 0.001893894 0.002354292 0.002500000 0.000836273 0.334506654 0.007202479 0.641250000 
3464.891806798 2.881502921 579443.739613025 1930.396634574 0.490410640 -8185812.826779558 0.036970882 0.004957984 0.045355855 0.908467093 0.001893894 0.002354292 0.002500000 0.000848981 0.339589965 0.007262856 0.643750000 
3471.978577531 2.892550146 567545.726063376 1923.086137358 0.482166775 -8205799.222732604 0.036970882 0.004957984 0.045355855 0.908467093 0.001893894 0.002354292 0.002500000 0.000861806 0.344719912 0.007323282 0.646250000 
3478.977701437 2.903523863 555969.055572559 1915.844563484 0.474116980 -8225572.600044245 0.036970882 0.004957984 0.045355855 0.908467093 0.001893894 0.002354292 0.002500000 0.000874748 0.349896495 0.007383756 0.648750000 
3485.890796732 2.914425067 544703.200972968 1908.670944412 0.466255562 -8245136.169829057 0.036970882 0.004957984 0.045355855 0.908467093 0.001893894 0.002354292 0.002500000 0.000887806 0.355119713 0.007444277 0.651250000 
3492.719444530 2.925254740 533738.031611118 1901.564326431 0.458577021 -8264493.089918479 0.036970882 0.004957984 0.045355855 0.908467093 0.001893894 0.002354292 0.002500000 0.000900980 0.360389568 0.007504844 0.653750000 
3499.465189769 2.936013844 523063.796880768 1894.523770549 0.451076045 -8283646.465417230 0.036970882 0.004957984 0.045355855 0.908467093 0.001893894 0.002354292 0.002500000 0.000914272 0.365706058 0.007565455 0.656250000 
3506.129542120 2.946703327 512671.110479919 1887.548352380 0.443747501 -8302599.349288319 0.036970882 0.004957984 0.045355855 0.908467093 0.001893894 0.002354292 0.002500000 0.000927679 0.371069184 0.007626110 0.658750000 
3512.713976874 2.957324122 502550.935359795 1880.637162017 0.436586430 -8321354.742962867 0.036970882 0.004957984 0.045355855 0.908467093 0.001893894 0.002354292 0.002500000 0.000941204 0.376478947 0.007686808 0.661250000 
3519.219935809 2.967877143 492694.569335098 1873.789303895 0.429588039 -8339915.596971955 0.036970882 0.004957984 0.045355855 0.908467093 0.001893894 0.002354292 0.002500000 0.000954845 0.381935345 0.007747547 0.663750000 
3525.648828038 2.978363291 483093.631326175 1867.003896648 0.422747695 -8358284.811596952 0.036970882 0.004957984 0.045355855 0.908467093 0.001893894 0.002354292 0.002500000 0.000968602 0.387438378 0.007808327 0.666250000 
3532.002030830 2.988783453 473740.048204842 1860.280072959 0.416060921 -8376465.237536108 0.036970882 0.004957984 0.045355855 0.908467093 0.001893894 0.002354292 0.002500000 0.000982476 0.392988048 0.007869147 0.668750000 
3538.280890424 2.999138498 464626.042216868 1853.616979401 0.409523388 -8394459.676584510 0.036970882 0.004957984 0.045355855 0.908467093 0.001893894 0.002354292 0.002500000 0.000996467 0.398584354 0.007930005 0.671250000 
3544.486722806 3.009429284 455744.118955196 1847.013776277 0.403130910 -8412270.882325293 0.036970882 0.004957984 0.045355855 0.908467093 0.001893894 0.002354292 0.002500000 0.001010575 0.404227295 0.007990901 0.673750000 
3550.620814483 3.019656650 447087.055859131 1840.469637447 0.396879439 -8429901.560829876 0.036970882 0.004957984 0.045355855 0.908467093 0.001893894 0.002354292 0.002500000 0.001024798 0.409916873 0.008051834 0.676250000 
3556.684423226 3.029821426 438647.891215769 1833.983750166 0.390765059 -8447354.371365376 0.036970882 0.004957984 0.045355855 0.908467093 0.001893894 0.002354292 0.002500000 0.001039139 0.415653086 0.008112804 0.678750000 
