Sim: 4
Label: rocket
Time: 0.004000048461748602
Description: Test run of cold flow MSSE simulation with Ma 0.1 initialisation
Variables: 17
vel_x Ma p T rho u massf_H2 massf_O2 massf_OH massf_H2O massf_H massf_O dx dV A_c A_s pos_x
367.220447896 0.227493485 21607749.112457722 3570.956812692 9.885988282 -3261451.497946737 0.036970882 0.004957984 0.045355855 0.908467093 0.001893894 0.002354292 0.002500000 0.000397608 0.159043128 0.003534292 0.001250000 
367.915806806 0.227926390 21598376.120350733 3570.888136034 9.881889994 -3261670.274682912 0.036970882 0.004957984 0.045355855 0.908467093 0.001893894 0.002354292 0.002500000 0.000397608 0.159043128 0.003534292 0.003750000 
368.062787234 0.228017930 21596368.138669722 3570.872519253 9.881014497 -3261720.023481640 0.036970882 0.004957984 0.045355855 0.908467093 0.001893894 0.002354292 0.002500000 0.000397608 0.159043128 0.003534292 0.006250000 
368.094620031 0.228037789 21595907.566992074 3570.868061804 9.880816105 -3261734.223117311 0.036970882 0.004957984 0.045355855 0.908467093 0.001893894 0.002354292 0.002500000 0.000397608 0.159043128 0.003534292 0.008750000 
368.102210702 0.228042557 21595772.600122254 3570.865957478 9.880760176 -3261740.926652576 0.036970882 0.004957984 0.045355855 0.908467093 0.001893894 0.002354292 0.002500000 0.000397608 0.159043128 0.003534292 0.011250000 
368.104647416 0.228044116 21595706.638569988 3570.864356894 9.880734425 -3261746.025465611 0.036970882 0.004957984 0.045355855 0.908467093 0.001893894 0.002354292 0.002500000 0.000397608 0.159043128 0.003534292 0.013750000 
368.105938807 0.228044962 21595655.793576993 3570.862872002 9.880715271 -3261750.755734632 0.036970882 0.004957984 0.045355855 0.908467093 0.001893894 0.002354292 0.002500000 0.000397608 0.159043128 0.003534292 0.016250000 
368.106926714 0.228045619 21595608.748895671 3570.861421674 9.880697760 -3261755.375891865 0.036970882 0.004957984 0.045355855 0.908467093 0.001893894 0.002354292 0.002500000 0.000397608 0.159043128 0.003534292 0.018750000 
368.107787922 0.228046197 21595563.128977451 3570.859989265 9.880680851 -3261759.939057796 0.036970882 0.004957984 0.045355855 0.908467093 0.001893894 0.002354292 0.002500000 0.000397608 0.159043128 0.003534292 0.021250000 
368.108559557 0.228046719 21595518.435759414 3570.858571688 9.880664324 -3261764.454794497 0.036970882 0.004957984 0.045355855 0.908467093 0.001893894 0.002354292 0.002500000 0.000397608 0.159043128 0.003534292 0.023750000 
368.109249433 0.228047190 21595474.565290160 3570.857168724 9.880648134 -3261768.924069381 0.036970882 0.004957984 0.045355855 0.908467093 0.001893894 0.002354292 0.002500000 0.000397608 0.159043128 0.003534292 0.026250000 
368.109859218 0.228047611 21595431.496203851 3570.855780775 9.880632269 -3261773.345512951 0.036970882 0.004957984 0.045355855 0.908467093 0.001893894 0.002354292 0.002500000 0.000397608 0.159043128 0.003534292 0.028750000 
368.110389306 0.228047982 21595389.224297926 3570.854408391 9.880616726 -3261777.717372905 0.036970882 0.004957984 0.045355855 0.908467093 0.001893894 0.002354292 0.002500000 0.000397608 0.159043128 0.003534292 0.031250000 
368.110839835 0.228048303 21595347.748795010 3570.853052170 9.880601502 -3261782.037742959 0.036970882 0.004957984 0.045355855 0.908467093 0.001893894 0.002354292 0.002500000 0.000397608 0.159043128 0.003534292 0.033750000 
368.111210905 0.228048574 21595307.069459364 3570.851712737 9.880586596 -3261786.304632433 0.036970882 0.004957984 0.045355855 0.908467093 0.001893894 0.002354292 0.002500000 0.000397608 0.159043128 0.003534292 0.036250000 
368.111502621 0.228048796 21595267.185992729 3570.850390739 9.880572006 -3261790.515983939 0.036970882 0.004957984 0.045355855 0.908467093 0.001893894 0.002354292 0.002500000 0.000397608 0.159043128 0.003534292 0.038750000 
368.111715102 0.228048968 21595228.097908888 3570.849086839 9.880557730 -3261794.669680303 0.036970882 0.004957984 0.045355855 0.908467093 0.001893894 0.002354292 0.002500000 0.000397608 0.159043128 0.003534292 0.041250000 
368.111848483 0.228049090 21595189.804508902 3570.847801719 9.880543765 -3261798.763549527 0.036970882 0.004957984 0.045355855 0.908467093 0.001893894 0.002354292 0.002500000 0.000397608 0.159043128 0.003534292 0.043750000 
368.111902917 0.228049163 21595152.304877449 3570.846536077 9.880530110 -3261802.795369522 0.036970882 0.004957984 0.045355855 0.908467093 0.001893894 0.002354292 0.002500000 0.000397608 0.159043128 0.003534292 0.046250000 
368.111878573 0.228049187 21595115.597883660 3570.845290625 9.880516761 -3261806.762873083 0.036970882 0.004957984 0.045355855 0.908467093 0.001893894 0.002354292 0.002500000 0.000397608 0.159043128 0.003534292 0.048750000 
368.111775637 0.228049161 21595079.682182875 3570.844066087 9.880503717 -3261810.663753074 0.036970882 0.004957984 0.045355855 0.908467093 0.001893894 0.002354292 0.002500000 0.000397608 0.159043128 0.003534292 0.051250000 
368.111594313 0.228049086 21595044.556218777 3570.842863198 9.880490974 -3261814.495667916 0.036970882 0.004957984 0.045355855 0.908467093 0.001893894 0.002354292 0.002500000 0.000397608 0.159043128 0.003534292 0.053750000 
368.111334818 0.228048962 21595010.218225371 3570.841682702 9.880478529 -3261818.256247334 0.036970882 0.004957984 0.045355855 0.908467093 0.001893894 0.002354292 0.002500000 0.000397608 0.159043128 0.003534292 0.056250000 
368.110997387 0.228048789 21594976.666229356 3570.840525350 9.880466381 -3261821.943098363 0.036970882 0.004957984 0.045355855 0.908467093 0.001893894 0.002354292 0.002500000 0.000397608 0.159043128 0.003534292 0.058750000 
368.110582273 0.228048567 21594943.898052201 3570.839391899 9.880454524 -3261825.553811602 0.036970882 0.004957984 0.045355855 0.908467093 0.001893894 0.002354292 0.002500000 0.000397608 0.159043128 0.003534292 0.061250000 
368.110089742 0.228048296 21594911.911312480 3570.838283108 9.880442957 -3261829.085967678 0.036970882 0.004957984 0.045355855 0.908467093 0.001893894 0.002354292 0.002500000 0.000397608 0.159043128 0.003534292 0.063750000 
368.109520078 0.228047977 21594880.703428157 3570.837199738 9.880431676 -3261832.537143980 0.036970882 0.004957984 0.045355855 0.908467093 0.001893894 0.002354292 0.002500000 0.000397608 0.159043128 0.003534292 0.066250000 
368.108873580 0.228047609 21594850.271618977 3570.836142547 9.880420678 -3261835.904921551 0.036970882 0.004957984 0.045355855 0.908467093 0.001893894 0.002354292 0.002500000 0.000397608 0.159043128 0.003534292 0.068750000 
368.108150561 0.228047193 21594820.612908803 3570.835112293 9.880409958 -3261839.186892219 0.036970882 0.004957984 0.045355855 0.908467093 0.001893894 0.002354292 0.002500000 0.000397608 0.159043128 0.003534292 0.071250000 
368.107351352 0.228046729 21594791.724128060 3570.834109724 9.880399515 -3261842.380665857 0.036970882 0.004957984 0.045355855 0.908467093 0.001893894 0.002354292 0.002500000 0.000397608 0.159043128 0.003534292 0.073750000 
368.106476299 0.228046217 21594763.601916235 3570.833135584 9.880389343 -3261845.483877853 0.036970882 0.004957984 0.045355855 0.908467093 0.001893894 0.002354292 0.002500000 0.000397608 0.159043128 0.003534292 0.076250000 
368.105525760 0.228045658 21594736.242724299 3570.832190605 9.880379440 -3261848.494196692 0.036970882 0.004957984 0.045355855 0.908467093 0.001893894 0.002354292 0.002500000 0.000397608 0.159043128 0.003534292 0.078750000 
368.104500112 0.228045051 21594709.642817333 3570.831275504 9.880369802 -3261851.409331652 0.036970882 0.004957984 0.045355855 0.908467093 0.001893894 0.002354292 0.002500000 0.000397608 0.159043128 0.003534292 0.081250000 
368.103399744 0.228044397 21594683.798277058 3570.830390988 9.880360425 -3261854.227040648 0.036970882 0.004957984 0.045355855 0.908467093 0.001893894 0.002354292 0.002500000 0.000397608 0.159043128 0.003534292 0.083750000 
368.102225061 0.228043695 21594658.705004424 3570.829537740 9.880351304 -3261856.945138117 0.036970882 0.004957984 0.045355855 0.908467093 0.001893894 0.002354292 0.002500000 0.000397608 0.159043128 0.003534292 0.086250000 
368.100976482 0.228042947 21594634.358722258 3570.828716428 9.880342438 -3261859.561502969 0.036970882 0.004957984 0.045355855 0.908467093 0.001893894 0.002354292 0.002500000 0.000397608 0.159043128 0.003534292 0.088750000 
368.099654440 0.228042153 21594610.754977975 3570.827927694 9.880333820 -3261862.074086616 0.036970882 0.004957984 0.045355855 0.908467093 0.001893894 0.002354292 0.002500000 0.000397608 0.159043128 0.003534292 0.091250000 
368.098259384 0.228041312 21594587.889146224 3570.827172156 9.880325449 -3261864.480920936 0.036970882 0.004957984 0.045355855 0.908467093 0.001893894 0.002354292 0.002500000 0.000397608 0.159043128 0.003534292 0.093750000 
368.096791773 0.228040425 21594565.756431662 3570.826450404 9.880317319 -3261866.780126333 0.036970882 0.004957984 0.045355855 0.908467093 0.001893894 0.002354292 0.002500000 0.000397608 0.159043128 0.003534292 0.096250000 
368.095252083 0.228039492 21594544.351871632 3570.825762998 9.880309428 -3261868.969919684 0.036970882 0.004957984 0.045355855 0.908467093 0.001893894 0.002354292 0.002500000 0.000397608 0.159043128 0.003534292 0.098750000 
368.093640804 0.228038515 21594523.670339093 3570.825110465 9.880301771 -3261871.048622230 0.036970882 0.004957984 0.045355855 0.908467093 0.001893894 0.002354292 0.002500000 0.000397608 0.159043128 0.003534292 0.101250000 
368.091958437 0.228037491 21594503.706545345 3570.824493297 9.880294345 -3261873.014667438 0.036970882 0.004957984 0.045355855 0.908467093 0.001893894 0.002354292 0.002500000 0.000397608 0.159043128 0.003534292 0.103750000 
368.090205497 0.228036423 21594484.455042802 3570.823911947 9.880287145 -3261874.866608691 0.036970882 0.004957984 0.045355855 0.908467093 0.001893894 0.002354292 0.002500000 0.000397608 0.159043128 0.003534292 0.106250000 
368.088382514 0.228035311 21594465.910228018 3570.823366831 9.880280168 -3261876.603126868 0.036970882 0.004957984 0.045355855 0.908467093 0.001893894 0.002354292 0.002500000 0.000397608 0.159043128 0.003534292 0.108750000 
368.086490028 0.228034154 21594448.066344507 3570.822858319 9.880273411 -3261878.223037764 0.036970882 0.004957984 0.045355855 0.908467093 0.001893894 0.002354292 0.002500000 0.000397608 0.159043128 0.003534292 0.111250000 
368.084528593 0.228032954 21594430.917485621 3570.822386738 9.880266870 -3261879.725299280 0.036970882 0.004957984 0.045355855 0.908467093 0.001893894 0.002354292 0.002500000 0.000397608 0.159043128 0.003534292 0.113750000 
368.082498776 0.228031710 21594414.457597513 3570.821952370 9.880260540 -3261881.109018459 0.036970882 0.004957984 0.045355855 0.908467093 0.001893894 0.002354292 0.002500000 0.000397608 0.159043128 0.003534292 0.116250000 
368.080401156 0.228030423 21594398.680482145 3570.821555445 9.880254420 -3261882.373458193 0.036970882 0.004957984 0.045355855 0.908467093 0.001893894 0.002354292 0.002500000 0.000397608 0.159043128 0.003534292 0.118750000 
368.078236324 0.228029093 21594383.579800203 3570.821196144 9.880248505 -3261883.518043732 0.036970882 0.004957984 0.045355855 0.908467093 0.001893894 0.002354292 0.002500000 0.000397608 0.159043128 0.003534292 0.121250000 
368.076004881 0.228027720 21594369.149074119 3570.820874594 9.880242792 -3261884.542368852 0.036970882 0.004957984 0.045355855 0.908467093 0.001893894 0.002354292 0.002500000 0.000397608 0.159043128 0.003534292 0.123750000 
368.073707444 0.228026306 21594355.381691128 3570.820590869 9.880237278 -3261885.446201681 0.036970882 0.004957984 0.045355855 0.908467093 0.001893894 0.002354292 0.002500000 0.000397608 0.159043128 0.003534292 0.126250000 
368.071344638 0.228024850 21594342.270906221 3570.820344984 9.880231960 -3261886.229490233 0.036970882 0.004957984 0.045355855 0.908467093 0.001893894 0.002354292 0.002500000 0.000397608 0.159043128 0.003534292 0.128750000 
368.068917100 0.228023352 21594329.809845313 3570.820136898 9.880226834 -3261886.892367506 0.036970882 0.004957984 0.045355855 0.908467093 0.001893894 0.002354292 0.002500000 0.000397608 0.159043128 0.003534292 0.131250000 
368.066425479 0.228021814 21594317.991508186 3570.819966509 9.880221898 -3261887.435156224 0.036970882 0.004957984 0.045355855 0.908467093 0.001893894 0.002354292 0.002500000 0.000397608 0.159043128 0.003534292 0.133750000 
368.063870434 0.228020235 21594306.808771688 3570.819833655 9.880217149 -3261887.858373095 0.036970882 0.004957984 0.045355855 0.908467093 0.001893894 0.002354292 0.002500000 0.000397608 0.159043128 0.003534292 0.136250000 
368.061252636 0.228018616 21594296.254392758 3570.819738113 9.880212585 -3261888.162732702 0.036970882 0.004957984 0.045355855 0.908467093 0.001893894 0.002354292 0.002500000 0.000397608 0.159043128 0.003534292 0.138750000 
368.058572765 0.228016958 21594286.321011581 3570.819679594 9.880208202 -3261888.349150858 0.036970882 0.004957984 0.045355855 0.908467093 0.001893894 0.002354292 0.002500000 0.000397608 0.159043128 0.003534292 0.141250000 
368.055831512 0.228015260 21594277.001154657 3570.819657746 9.880203998 -3261888.418747535 0.036970882 0.004957984 0.045355855 0.908467093 0.001893894 0.002354292 0.002500000 0.000397608 0.159043128 0.003534292 0.143750000 
368.053029579 0.228013524 21594268.287238006 3570.819672154 9.880199971 -3261888.372849214 0.036970882 0.004957984 0.045355855 0.908467093 0.001893894 0.002354292 0.002500000 0.000397608 0.159043128 0.003534292 0.146250000 
368.050167675 0.228011750 21594260.171570282 3570.819722336 9.880196119 -3261888.212990763 0.036970882 0.004957984 0.045355855 0.908467093 0.001893894 0.002354292 0.002500000 0.000397608 0.159043128 0.003534292 0.148750000 
368.047246523 0.228009937 21594252.646355901 3570.819807744 9.880192440 -3261887.940916782 0.036970882 0.004957984 0.045355855 0.908467093 0.001893894 0.002354292 0.002500000 0.000397608 0.159043128 0.003534292 0.151250000 
368.044266853 0.228008088 21594245.703698255 3570.819927764 9.880188931 -3261887.558582329 0.036970882 0.004957984 0.045355855 0.908467093 0.001893894 0.002354292 0.002500000 0.000397608 0.159043128 0.003534292 0.153750000 
368.041229403 0.228006201 21594239.335602876 3570.820081716 9.880185591 -3261887.068153150 0.036970882 0.004957984 0.045355855 0.908467093 0.001893894 0.002354292 0.002500000 0.000397608 0.159043128 0.003534292 0.156250000 
368.038134922 0.228004278 21594233.533980515 3570.820268855 9.880182419 -3261886.472005287 0.036970882 0.004957984 0.045355855 0.908467093 0.001893894 0.002354292 0.002500000 0.000397608 0.159043128 0.003534292 0.158750000 
368.034984169 0.228002319 21594228.290650506 3570.820488369 9.880179413 -3261885.772724087 0.036970882 0.004957984 0.045355855 0.908467093 0.001893894 0.002354292 0.002500000 0.000397608 0.159043128 0.003534292 0.161250000 
368.031777909 0.228000325 21594223.597343780 3570.820739381 9.880176571 -3261884.973102630 0.036970882 0.004957984 0.045355855 0.908467093 0.001893894 0.002354292 0.002500000 0.000397608 0.159043128 0.003534292 0.163750000 
368.028516916 0.227998296 21594219.445706166 3570.821020950 9.880173892 -3261884.076139546 0.036970882 0.004957984 0.045355855 0.908467093 0.001893894 0.002354292 0.002500000 0.000397608 0.159043128 0.003534292 0.166250000 
368.025201974 0.227996233 21594215.827301562 3570.821332071 9.880171376 -3261883.085036175 0.036970882 0.004957984 0.045355855 0.908467093 0.001893894 0.002354292 0.002500000 0.000397608 0.159043128 0.003534292 0.168750000 
368.021833873 0.227994136 21594212.733615082 3570.821671676 9.880169021 -3261882.003193196 0.036970882 0.004957984 0.045355855 0.908467093 0.001893894 0.002354292 0.002500000 0.000397608 0.159043128 0.003534292 0.171250000 
368.018413412 0.227992006 21594210.156056318 3570.822038637 9.880166826 -3261880.834206533 0.036970882 0.004957984 0.045355855 0.908467093 0.001893894 0.002354292 0.002500000 0.000397608 0.159043128 0.003534292 0.173750000 
368.014941397 0.227989842 21594208.085962519 3570.822431765 9.880164791 -3261879.581862686 0.036970882 0.004957984 0.045355855 0.908467093 0.001893894 0.002354292 0.002500000 0.000397608 0.159043128 0.003534292 0.176250000 
368.011418642 0.227987647 21594206.514601760 3570.822849813 9.880162915 -3261878.250133433 0.036970882 0.004957984 0.045355855 0.908467093 0.001893894 0.002354292 0.002500000 0.000397608 0.159043128 0.003534292 0.178750000 
368.007845968 0.227985420 21594205.433176182 3570.823291478 9.880161199 -3261876.843169938 0.036970882 0.004957984 0.045355855 0.908467093 0.001893894 0.002354292 0.002500000 0.000397608 0.159043128 0.003534292 0.181250000 
368.004224202 0.227983162 21594204.832825162 3570.823755403 9.880159640 -3261875.365296157 0.036970882 0.004957984 0.045355855 0.908467093 0.001893894 0.002354292 0.002500000 0.000397608 0.159043128 0.003534292 0.183750000 
368.000554179 0.227980873 21594204.704628475 3570.824240178 9.880158240 -3261873.821001745 0.036970882 0.004957984 0.045355855 0.908467093 0.001893894 0.002354292 0.002500000 0.000397608 0.159043128 0.003534292 0.186250000 
367.996836740 0.227978555 21594205.039609559 3570.824744344 9.880156999 -3261872.214934264 0.036970882 0.004957984 0.045355855 0.908467093 0.001893894 0.002354292 0.002500000 0.000397608 0.159043128 0.003534292 0.188750000 
367.993072733 0.227976207 21594205.828738604 3570.825266396 9.880155915 -3261870.551890839 0.036970882 0.004957984 0.045355855 0.908467093 0.001893894 0.002354292 0.002500000 0.000397608 0.159043128 0.003534292 0.191250000 
367.989263010 0.227973830 21594207.062935814 3570.825804783 9.880154990 -3261868.836809244 0.036970882 0.004957984 0.045355855 0.908467093 0.001893894 0.002354292 0.002500000 0.000397608 0.159043128 0.003534292 0.193750000 
367.985408431 0.227971425 21594208.733074479 3570.826357915 9.880154224 -3261867.074758386 0.036970882 0.004957984 0.045355855 0.908467093 0.001893894 0.002354292 0.002500000 0.000397608 0.159043128 0.003534292 0.196250000 
367.981509862 0.227968992 21594210.829984274 3570.826924162 9.880153617 -3261865.270928232 0.036970882 0.004957984 0.045355855 0.908467093 0.001893894 0.002354292 0.002500000 0.000397608 0.159043128 0.003534292 0.198750000 
367.977568172 0.227966532 21594213.344454248 3570.827501860 9.880153169 -3261863.430619253 0.036970882 0.004957984 0.045355855 0.908467093 0.001893894 0.002354292 0.002500000 0.000397608 0.159043128 0.003534292 0.201250000 
367.973584238 0.227964046 21594216.267236106 3570.828089314 9.880152880 -3261861.559231263 0.036970882 0.004957984 0.045355855 0.908467093 0.001893894 0.002354292 0.002500000 0.000397608 0.159043128 0.003534292 0.203750000 
367.969558939 0.227961533 21594219.589047257 3570.828684801 9.880152753 -3261859.662251838 0.036970882 0.004957984 0.045355855 0.908467093 0.001893894 0.002354292 0.002500000 0.000397608 0.159043128 0.003534292 0.206250000 
367.965493163 0.227958996 21594223.300574008 3570.829286576 9.880152786 -3261857.745244231 0.036970882 0.004957984 0.045355855 0.908467093 0.001893894 0.002354292 0.002500000 0.000397608 0.159043128 0.003534292 0.208750000 
367.961387798 0.227956434 21594227.392474610 3570.829892871 9.880152980 -3261855.813834816 0.036970882 0.004957984 0.045355855 0.908467093 0.001893894 0.002354292 0.002500000 0.000397608 0.159043128 0.003534292 0.211250000 
367.957243740 0.227953848 21594231.855382405 3570.830501906 9.880153337 -3261853.873700114 0.036970882 0.004957984 0.045355855 0.908467093 0.001893894 0.002354292 0.002500000 0.000397608 0.159043128 0.003534292 0.213750000 
367.953061888 0.227951238 21594236.679908819 3570.831111886 9.880153857 -3261851.930553489 0.036970882 0.004957984 0.045355855 0.908467093 0.001893894 0.002354292 0.002500000 0.000397608 0.159043128 0.003534292 0.216250000 
367.948843143 0.227948606 21594241.856646679 3570.831721011 9.880154540 -3261849.990131374 0.036970882 0.004957984 0.045355855 0.908467093 0.001893894 0.002354292 0.002500000 0.000397608 0.159043128 0.003534292 0.218750000 
367.944588413 0.227945951 21594247.376172945 3570.832327476 9.880155387 -3261848.058179258 0.036970882 0.004957984 0.045355855 0.908467093 0.001893894 0.002354292 0.002500000 0.000397608 0.159043128 0.003534292 0.221250000 
367.940298608 0.227943275 21594253.229052026 3570.832929481 9.880156400 -3261846.140437311 0.036970882 0.004957984 0.045355855 0.908467093 0.001893894 0.002354292 0.002500000 0.000397608 0.159043128 0.003534292 0.223750000 
367.935974642 0.227940577 21594259.405838609 3570.833525230 9.880157577 -3261844.242625785 0.036970882 0.004957984 0.045355855 0.908467093 0.001893894 0.002354292 0.002500000 0.000397608 0.159043128 0.003534292 0.226250000 
367.931617430 0.227937860 21594265.897080839 3570.834112937 9.880158921 -3261842.370430174 0.036970882 0.004957984 0.045355855 0.908467093 0.001893894 0.002354292 0.002500000 0.000397608 0.159043128 0.003534292 0.228750000 
367.927227892 0.227935123 21594272.693323188 3570.834690834 9.880160432 -3261840.529486204 0.036970882 0.004957984 0.045355855 0.908467093 0.001893894 0.002354292 0.002500000 0.000397608 0.159043128 0.003534292 0.231250000 
367.922806951 0.227932366 21594279.785109501 3570.835257172 9.880162109 -3261838.725364666 0.036970882 0.004957984 0.045355855 0.908467093 0.001893894 0.002354292 0.002500000 0.000397608 0.159043128 0.003534292 0.233750000 
367.918355531 0.227929591 21594287.162985936 3570.835810228 9.880163955 -3261836.963556129 0.036970882 0.004957984 0.045355855 0.908467093 0.001893894 0.002354292 0.002500000 0.000397608 0.159043128 0.003534292 0.236250000 
367.913874560 0.227926799 21594294.817504484 3570.836348307 9.880165968 -3261835.249455669 0.036970882 0.004957984 0.045355855 0.908467093 0.001893894 0.002354292 0.002500000 0.000397608 0.159043128 0.003534292 0.238750000 
367.909364973 0.227923989 21594302.739321481 3570.836869750 9.880168150 -3261833.588349628 0.036970882 0.004957984 0.045355855 0.908467093 0.001893894 0.002354292 0.002500000 0.000397608 0.159043128 0.003534292 0.241250000 
367.904828860 0.227921163 21594310.934792090 3570.837372827 9.880170508 -3261831.985752788 0.036970882 0.004957984 0.045355855 0.908467093 0.001893894 0.002354292 0.002500000 0.000397608 0.159043128 0.003534292 0.243750000 
367.900455979 0.227918440 21594321.969353095 3570.837837683 9.880174270 -3261830.504909911 0.036970882 0.004957984 0.045355855 0.908467093 0.001893894 0.002354292 0.002500000 0.000397608 0.159043128 0.003534292 0.246250000 
367.927035371 0.227934985 21594755.682871822 3570.835281208 9.880379783 -3261838.648797691 0.036970882 0.004957984 0.045355855 0.908467093 0.001893894 0.002354292 0.002500000 0.000397608 0.159043128 0.003534292 0.248750000 
372.542101458 0.230808197 21658333.714177776 3570.385365350 9.910717751 -3263271.881032133 0.036970882 0.004957984 0.045355855 0.908467093 0.001893894 0.002354292 0.002500000 0.000391317 0.156510139 0.006122753 0.251250000 
383.599798599 0.237694589 21638538.641755313 3569.284473676 9.904713666 -3266778.698516182 0.036970882 0.004957984 0.045355855 0.908467093 0.001893894 0.002354292 0.002500000 0.000378998 0.151583142 0.005940656 0.253750000 
396.289498414 0.245601220 21599334.493609235 3567.981332185 9.890379526 -3270929.521968726 0.036970882 0.004957984 0.045355855 0.908467093 0.001893894 0.002354292 0.002500000 0.000367133 0.146837275 0.005763911 0.256250000 
409.647066146 0.253928611 21553622.807588831 3566.563685441 9.873370985 -3275444.767779977 0.036970882 0.004957984 0.045355855 0.908467093 0.001893894 0.002354292 0.002500000 0.000355708 0.142267615 0.005592428 0.258750000 
423.478398453 0.262556532 21503978.332226373 3565.046119762 9.854822849 -3280277.906053997 0.036970882 0.004957984 0.045355855 0.908467093 0.001893894 0.002354292 0.002500000 0.000344711 0.137869348 0.005426120 0.261250000 
437.747627619 0.271463321 21450804.052371971 3563.427575206 9.834919282 -3285432.239875424 0.036970882 0.004957984 0.045355855 0.908467093 0.001893894 0.002354292 0.002500000 0.000334132 0.133637763 0.005264897 0.263750000 
452.452378582 0.280648240 21394022.451085635 3561.703377757 9.813634062 -3290922.574062606 0.036970882 0.004957984 0.045355855 0.908467093 0.001893894 0.002354292 0.002500000 0.000323957 0.129568259 0.005108674 0.266250000 
467.597459412 0.290115094 21333438.485792540 3559.867852148 9.790889382 -3296766.890892992 0.036970882 0.004957984 0.045355855 0.908467093 0.001893894 0.002354292 0.002500000 0.000314177 0.125656343 0.004957364 0.268750000 
483.189113668 0.299868657 21268820.019486241 3557.914908159 9.766590969 -3302984.481206043 0.036970882 0.004957984 0.045355855 0.908467093 0.001893894 0.002354292 0.002500000 0.000304779 0.121897626 0.004810883 0.271250000 
499.233723010 0.309913863 21199916.112746909 3555.838174855 9.740636011 -3309595.515341769 0.036970882 0.004957984 0.045355855 0.908467093 0.001893894 0.002354292 0.002500000 0.000295754 0.118287829 0.004669148 0.273750000 
515.737511131 0.320255631 21126461.247306924 3553.631029967 9.712914919 -3316620.947918107 0.036970882 0.004957984 0.045355855 0.908467093 0.001893894 0.002354292 0.002500000 0.000287090 0.114822776 0.004532077 0.276250000 
532.706485416 0.330898834 21048176.337576095 3551.286603465 9.683311684 -3324082.504655937 0.036970882 0.004957984 0.045355855 0.908467093 0.001893894 0.002354292 0.002500000 0.000278779 0.111498403 0.004399589 0.278750000 
550.146441855 0.341848306 20964769.081248943 3548.797773711 9.651703940 -3332002.692639299 0.036970882 0.004957984 0.045355855 0.908467093 0.001893894 0.002354292 0.002500000 0.000270809 0.108310749 0.004271606 0.281250000 
568.062992243 0.353108863 20875934.286596462 3546.157160403 9.617963015 -3340404.820630068 0.036970882 0.004957984 0.045355855 0.908467093 0.001893894 0.002354292 0.002500000 0.000263171 0.105255962 0.004148051 0.283750000 
586.461603897 0.364685341 20781354.359958295 3543.357115036 9.581954050 -3349313.027043276 0.036970882 0.004957984 0.045355855 0.908467093 0.001893894 0.002354292 0.002500000 0.000255857 0.102330297 0.004028847 0.286250000 
605.347649547 0.376582628 20680700.026518881 3540.389708771 9.543536221 -3358752.315967427 0.036970882 0.004957984 0.045355855 0.908467093 0.001893894 0.002354292 0.002500000 0.000248856 0.099530115 0.003913920 0.288750000 
624.726466686 0.388805713 20573631.330101602 3537.246717340 9.502563087 -3368748.602334643 0.036970882 0.004957984 0.045355855 0.908467093 0.001893894 0.002354292 0.002500000 0.000242159 0.096851885 0.003803199 0.291250000 
644.603425927 0.401359735 20459798.950612385 3533.919602583 9.458883082 -3379328.767501746 0.036970882 0.004957984 0.045355855 0.908467093 0.001893894 0.002354292 0.002500000 0.000235760 0.094292182 0.003696613 0.293750000 
664.984007717 0.414250044 20338845.875264820 3530.399490230 9.412340161 -3390520.726462478 0.036970882 0.004957984 0.045355855 0.908467093 0.001893894 0.002354292 0.002500000 0.000229648 0.091847689 0.003594094 0.296250000 
685.873886425 0.427482259 20210409.457798172 3526.677143562 9.362774631 -3402353.507757133 0.036970882 0.004957984 0.045355855 0.908467093 0.001893894 0.002354292 0.002500000 0.000223816 0.089515196 0.003495575 0.298750000 
707.279020450 0.441062342 20074123.897521041 3522.742932692 9.310024172 -3414857.346887114 0.036970882 0.004957984 0.045355855 0.908467093 0.001893894 0.002354292 0.002500000 0.000218256 0.087291599 0.003400993 0.301250000 
729.205746508 0.454996667 19929623.166967150 3518.586799302 9.253925069 -3428063.793663278 0.036970882 0.004957984 0.045355855 0.908467093 0.001893894 0.002354292 0.002500000 0.000212962 0.085173902 0.003310286 0.303750000 
751.660875696 0.469292097 19776544.413290996 3514.198216849 9.194313660 -3442005.833390084 0.036970882 0.004957984 0.045355855 0.908467093 0.001893894 0.002354292 0.002500000 0.000207925 0.083159215 0.003223394 0.306250000 
774.651788292 0.483956059 19614531.854436960 3509.566146465 9.131028021 -3456718.021072112 0.036970882 0.004957984 0.045355855 0.908467093 0.001893894 0.002354292 0.002500000 0.000203138 0.081244756 0.003140262 0.308750000 
798.186523444 0.498996621 19443241.186831526 3504.678989079 9.063909886 -3472236.626869988 0.036970882 0.004957984 0.045355855 0.908467093 0.001893894 0.002354292 0.002500000 0.000198595 0.079427851 0.003060833 0.311250000 
822.273858898 0.514422562 19262344.517165843 3499.524534693 8.992806819 -3488599.789752935 0.036970882 0.004957984 0.045355855 0.908467093 0.001893894 0.002354292 0.002500000 0.000194290 0.077705929 0.002985057 0.313750000 
846.923374698 0.530243437 19071535.827055190 3494.089910267 8.917574630 -3505847.674591283 0.036970882 0.004957984 0.045355855 0.908467093 0.001893894 0.002354292 0.002500000 0.000190216 0.076076531 0.002912885 0.316250000 
872.145493181 0.546469625 18870536.976257712 3488.361528402 8.838080052 -3524022.625665247 0.036970882 0.004957984 0.045355855 0.908467093 0.001893894 0.002354292 0.002500000 0.000186368 0.074537302 0.002844269 0.318750000 
897.951485596 0.563112365 18659104.247884527 3482.325039927 8.754203661 -3543169.306552100 0.036970882 0.004957984 0.045355855 0.908467093 0.001893894 0.002354292 0.002500000 0.000182739 0.073085995 0.002779168 0.321250000 
924.353433048 0.580183761 18437035.437639356 3475.965294808 8.665843055 -3563334.812353136 0.036970882 0.004957984 0.045355855 0.908467093 0.001893894 0.002354292 0.002500000 0.000179325 0.071720469 0.002717538 0.323750000 
951.364126213 0.597696749 18204177.488282513 3469.266317428 8.572916270 -3584568.734932501 0.036970882 0.004957984 0.045355855 0.908467093 0.001893894 0.002354292 0.002500000 0.000176120 0.070438692 0.002659343 0.326250000 
978.996884028 0.615665018 17960434.669445056 3462.211304541 8.475365448 -3606923.154891740 0.036970882 0.004957984 0.045355855 0.908467093 0.001893894 0.002354292 0.002500000 0.000173120 0.069238736 0.002604548 0.328750000 
1007.265266424 0.634102857 17705777.300156068 3454.782657039 8.373160716 -3630452.524966224 0.036970882 0.004957984 0.045355855 0.908467093 0.001893894 0.002354292 0.002500000 0.000170320 0.068118783 0.002553119 0.331250000 
1036.182649800 0.653024920 17440251.004587311 3446.962060436 8.266304297 -3655213.397941238 0.036970882 0.004957984 0.045355855 0.908467093 0.001893894 0.002354292 0.002500000 0.000167715 0.067077121 0.002505028 0.333750000 
1065.761626547 0.672445864 17163986.477018293 3438.730633574 8.154834785 -3681263.937618128 0.036970882 0.004957984 0.045355855 0.908467093 0.001893894 0.002354292 0.002500000 0.000165302 0.066112144 0.002460247 0.336250000 
1096.013181523 0.692379842 16877209.705253374 3430.069170876 8.038831565 -3708663.133548142 0.036970882 0.004957984 0.045355855 0.908467093 0.001893894 0.002354292 0.002500000 0.000163078 0.065222354 0.002418752 0.338750000 
1126.945589727 0.712839797 16580252.557814686 3420.958510173 7.918419303 -3737469.619274371 0.036970882 0.004957984 0.045355855 0.908467093 0.001893894 0.002354292 0.002500000 0.000161038 0.064406360 0.002380521 0.341250000 
1158.562971210 0.733836507 16273563.577065611 3411.380065846 7.793772384 -3767739.970330961 0.036970882 0.004957984 0.045355855 0.908467093 0.001893894 0.002354292 0.002500000 0.000159179 0.063662878 0.002345535 0.343750000 
1190.863432856 0.755377334 15957718.746885113 3401.316575134 7.665119175 -3799526.333453600 0.036970882 0.004957984 0.045355855 0.908467093 0.001893894 0.002354292 0.002500000 0.000157498 0.062990731 0.002313777 0.346250000 
1223.836721999 0.777464601 15633431.961071385 3390.753113890 7.532745925 -3832873.213044622 0.036970882 0.004957984 0.045355855 0.908467093 0.001893894 0.002354292 0.002500000 0.000155993 0.062388848 0.002285232 0.348750000 
1257.461308655 0.800093521 15301565.037289474 3379.678448371 7.397000206 -3867813.210138886 0.036970882 0.004957984 0.045355855 0.908467093 0.001893894 0.002354292 0.002500000 0.000154662 0.061856267 0.002259888 0.351250000 
1291.700775686 0.823249587 14963137.771744287 3368.086810507 7.258294052 -3904361.445175629 0.036970882 0.004957984 0.045355855 0.908467093 0.001893894 0.002354292 0.002500000 0.000153501 0.061392131 0.002237733 0.353750000 
1326.499236824 0.846905184 14619340.776031232 3355.980250777 7.117107960 -3942508.188683184 0.036970882 0.004957984 0.045355855 0.908467093 0.001893894 0.002354292 0.002500000 0.000152510 0.060995691 0.002218759 0.356250000 
1361.774897071 0.871014784 14271560.974603614 3343.371963509 6.973999978 -3982208.470269200 0.036970882 0.004957984 0.045355855 0.908467093 0.001893894 0.002354292 0.002500000 0.000151686 0.060666306 0.002202957 0.358750000 
1397.408608710 0.895506481 13921453.385150377 3330.291887133 6.829634129 -4023364.590286659 0.036970882 0.004957984 0.045355855 0.908467093 0.001893894 0.002354292 0.002500000 0.000151029 0.060403440 0.002190323 0.361250000 
1433.215017711 0.920261097 13571184.321691696 3316.799656454 6.684880834 -4065785.622710162 0.036970882 0.004957984 0.045355855 0.908467093 0.001893894 0.002354292 0.002500000 0.000150537 0.060206665 0.002180851 0.363750000 
1468.836327384 0.945036463 13224430.937496737 3303.029557865 6.541234120 -4109046.631969742 0.036970882 0.004957984 0.045355855 0.908467093 0.001893894 0.002354292 0.002500000 0.000150210 0.060075660 0.002174539 0.366250000 
1503.118264307 0.969025370 12892326.698352693 3289.449150291 6.403291687 -4151678.132032664 0.036970882 0.004957984 0.045355855 0.908467093 0.001893894 0.002354292 0.002500000 0.000150046 0.060010211 0.002171383 0.368750000 
1582.026097557 1.024809661 12132004.817931885 3256.963893833 6.085759569 -4253518.837835687 0.036970882 0.004957984 0.045355855 0.908467093 0.001893894 0.002354292 0.002500000 0.000150034 0.060007862 0.002171177 0.371250000 
1608.670067244 1.043833182 11875590.752263391 3245.606882664 5.977980138 -4289076.879433564 0.036970882 0.004957984 0.045355855 0.908467093 0.001893894 0.002354292 0.002500000 0.000150151 0.060054497 0.002173021 0.373750000 
1637.042866611 1.064199685 11602964.749246523 3233.297245515 5.862981193 -4327590.334844632 0.036970882 0.004957984 0.045355855 0.908467093 0.001893894 0.002354292 0.002500000 0.000150384 0.060147769 0.002176705 0.376250000 
1665.936699007 1.085058525 11325978.070068723 3220.532377705 5.745703450 -4367497.995079749 0.036970882 0.004957984 0.045355855 0.908467093 0.001893894 0.002354292 0.002500000 0.000150734 0.060287677 0.002182219 0.378750000 
1695.047759017 1.106198379 11047771.002498230 3207.437137099 5.627450335 -4408406.455513895 0.036970882 0.004957984 0.045355855 0.908467093 0.001893894 0.002354292 0.002500000 0.000151200 0.060474220 0.002189550 0.381250000 
1724.254530496 1.127536600 10769722.408588639 3194.061851812 5.508791664 -4450155.971766452 0.036970882 0.004957984 0.045355855 0.908467093 0.001893894 0.002354292 0.002500000 0.000151783 0.060707400 0.002198679 0.383750000 
1753.490932834 1.149029455 10492669.688123712 3180.434691204 5.390073409 -4492656.305664883 0.036970882 0.004957984 0.045355855 0.908467093 0.001893894 0.002354292 0.002500000 0.000152482 0.060987215 0.002209585 0.386250000 
1782.712526245 1.170648195 10217232.540588941 3166.575603483 5.271552997 -4535843.046817321 0.036970882 0.004957984 0.045355855 0.908467093 0.001893894 0.002354292 0.002500000 0.000153299 0.061313666 0.002222240 0.388750000 
1811.884958295 1.192370869 9943922.667018160 3152.501063330 5.153445138 -4579662.741228973 0.036970882 0.004957984 0.045355855 0.908467093 0.001893894 0.002354292 0.002500000 0.000154231 0.061686753 0.002236615 0.391250000 
1840.979312994 1.214179026 9673187.172117524 3138.225963886 5.035939925 -4624066.970748221 0.036970882 0.004957984 0.045355855 0.908467093 0.001893894 0.002354292 0.002500000 0.000155280 0.062106476 0.002252678 0.393750000 
1869.970014562 1.236056229 9405427.560620150 3123.764449066 4.919210709 -4669009.753501316 0.036970882 0.004957984 0.045355855 0.908467093 0.001893894 0.002354292 0.002500000 0.000156446 0.062572835 0.002270392 0.396250000 
1898.833803849 1.257987321 9141008.613132851 3109.130298770 4.803417718 -4714446.344979629 0.036970882 0.004957984 0.045355855 0.908467093 0.001893894 0.002354292 0.002500000 0.000157729 0.063085830 0.002289720 0.398750000 
1927.549209161 1.279958059 8880262.716966931 3094.337106420 4.688709756 -4760332.689175770 0.036970882 0.004957984 0.045355855 0.908467093 0.001893894 0.002354292 0.002500000 0.000159128 0.063645460 0.002310620 0.401250000 
1956.096261216 1.301954911 8623492.063617079 3079.398352839 4.575224988 -4806625.193642853 0.036970882 0.004957984 0.045355855 0.908467093 0.001893894 0.002354292 0.002500000 0.000160643 0.064251727 0.002333050 0.403750000 
1984.456334639 1.323964949 8370969.841883105 3064.327425704 4.463091285 -4853280.674105669 0.036970882 0.004957984 0.045355855 0.908467093 0.001893894 0.002354292 0.002500000 0.000162275 0.064904629 0.002356967 0.406250000 
2012.612056992 1.345975795 8122940.987236756 3049.137609610 4.352426380 -4900256.390118049 0.036970882 0.004957984 0.045355855 0.908467093 0.001893894 0.002354292 0.002500000 0.000164024 0.065604167 0.002382326 0.408750000 
2040.547254111 1.367975592 7879622.776722493 3033.842060274 4.243337931 -4947510.129313443 0.036970882 0.004957984 0.045355855 0.908467093 0.001893894 0.002354292 0.002500000 0.000165889 0.066350341 0.002409082 0.411250000 
2068.246914527 1.389952990 7641205.420700662 3018.453770625 4.135923592 -4995000.316046686 0.036970882 0.004957984 0.045355855 0.908467093 0.001893894 0.002354292 0.002500000 0.000167871 0.067143151 0.002437188 0.413750000 
2095.697163209 1.411897144 7407852.728668954 3002.985533362 4.030271100 -5042686.130002777 0.036970882 0.004957984 0.045355855 0.908467093 0.001893894 0.002354292 0.002500000 0.000169970 0.067982597 0.002466598 0.416250000 
2122.885238959 1.433797709 7179702.884814882 2987.449902861 3.926458410 -5090527.625871195 0.036970882 0.004957984 0.045355855 0.908467093 0.001893894 0.002354292 0.002500000 0.000172185 0.068868679 0.002497267 0.418750000 
2149.799472218 1.455644849 6956869.344814160 2971.859158211 3.824553884 -5138485.848463900 0.036970882 0.004957984 0.045355855 0.908467093 0.001893894 0.002354292 0.002500000 0.000174517 0.069801396 0.002529147 0.421250000 
2176.429261436 1.477429227 6739441.851114217 2956.225268573 3.724616529 -5186522.939700774 0.036970882 0.004957984 0.045355855 0.908467093 0.001893894 0.002354292 0.002500000 0.000176965 0.070780750 0.002562195 0.423750000 
2202.765047056 1.499142016 6527487.555524664 2940.559861573 3.626696292 -5234602.235221381 0.036970882 0.004957984 0.045355855 0.908467093 0.001893894 0.002354292 0.002500000 0.000179530 0.071806739 0.002596366 0.426250000 
2228.798282693 1.520774892 6321052.233157532 2924.874195198 3.530834396 -5282688.349291344 0.036970882 0.004957984 0.045355855 0.908467093 0.001893894 0.002354292 0.002500000 0.000182211 0.072879365 0.002631616 0.428750000 
2254.521403446 1.542320029 6120161.569331987 2909.179133422 3.437063724 -5330747.247313621 0.036970882 0.004957984 0.045355855 0.908467093 0.001893894 0.002354292 0.002500000 0.000185009 0.073998626 0.002667901 0.431250000 
2279.927791492 1.563770098 5924822.500193561 2893.485125694 3.345409227 -5378746.305720353 0.036970882 0.004957984 0.045355855 0.908467093 0.001893894 0.002354292 0.002500000 0.000187924 0.075164523 0.002705181 0.433750000 
2305.011739251 1.585118260 5735024.587991591 2877.802190232 3.255888367 -5426654.359365067 0.036970882 0.004957984 0.045355855 0.908467093 0.001893894 0.002354292 0.002500000 0.000190955 0.076377056 0.002743415 0.436250000 
2329.768410472 1.606358153 5550741.412868011 2862.139901077 3.168511576 -5474441.736790493 0.036970882 0.004957984 0.045355855 0.908467093 0.001893894 0.002354292 0.002500000 0.000194103 0.077636224 0.002782564 0.438750000 
2354.193799657 1.627483886 5371931.964395769 2846.507378716 3.083282730 -5522080.283936365 0.036970882 0.004957984 0.045355855 0.908467093 0.001893894 0.002354292 0.002500000 0.000197367 0.078942029 0.002822589 0.441250000 
2378.284690227 1.648490025 5198542.017788528 2830.913284101 3.000199627 -5569543.376988593 0.036970882 0.004957984 0.045355855 0.908467093 0.001893894 0.002354292 0.002500000 0.000200748 0.080294470 0.002863454 0.443750000 
2402.038611835 1.669371580 5030505.481553837 2815.365815822 2.919254471 -5616805.925166541 0.036970882 0.004957984 0.045355855 0.908467093 0.001893894 0.002354292 0.002500000 0.000204246 0.081693546 0.002905123 0.446250000 
2425.453797230 1.690123992 4867745.705278803 2799.872710180 2.840434345 -5663844.364306416 0.036970882 0.004957984 0.045355855 0.908467093 0.001893894 0.002354292 0.002500000 0.000207860 0.083139258 0.002947562 0.448750000 
2448.529139018 1.710743116 4710176.738145289 2784.441243907 2.763721683 -5710636.642132506 0.036970882 0.004957984 0.045355855 0.908467093 0.001893894 0.002354292 0.002500000 0.000211591 0.084631606 0.002990739 0.451250000 
2471.264146662 1.731225206 4557704.530613856 2769.078239250 2.689094726 -5757162.196118821 0.036970882 0.004957984 0.045355855 0.908467093 0.001893894 0.002354292 0.002500000 0.000215438 0.086170591 0.003034622 0.453750000 
2493.658904024 1.751566898 4410228.073451792 2753.790071163 2.616527962 -5803401.924835924 0.036970882 0.004957984 0.045355855 0.908467093 0.001893894 0.002354292 0.002500000 0.000219402 0.087756210 0.003079180 0.456250000 
2515.714027688 1.771765196 4267640.469881578 2738.582676333 2.545992552 -5849338.153655352 0.036970882 0.004957984 0.045355855 0.908467093 0.001893894 0.002354292 0.002500000 0.000223483 0.089388466 0.003124386 0.458750000 
2537.430626313 1.791817448 4129829.938074735 2723.461563784 2.477456732 -5894954.595649881 0.036970882 0.004957984 0.045355855 0.908467093 0.001893894 0.002354292 0.002500000 0.000227680 0.091067358 0.003170210 0.461250000 
2558.810261185 1.811721337 3996680.742502952 2708.431826831 2.410886194 -5940236.308484707 0.036970882 0.004957984 0.045355855 0.908467093 0.001893894 0.002354292 0.002500000 0.000231993 0.092792886 0.003216628 0.463750000 
2579.854908142 1.831474859 3868074.053780164 2693.498156130 2.346244448 -5985169.648045366 0.036970882 0.004957984 0.045355855 0.908467093 0.001893894 0.002354292 0.002500000 0.000236424 0.094565049 0.003263612 0.466250000 
2600.566920975 1.851076306 3743888.737589647 2678.664853636 2.283493159 -6029742.219494250 0.036970882 0.004957984 0.045355855 0.908467093 0.001893894 0.002354292 0.002500000 0.000240971 0.096383848 0.003311140 0.468750000 
2620.948996419 1.870524251 3624002.074095115 2663.935847248 2.222592457 -6073942.826391137 0.036970882 0.004957984 0.045355855 0.908467093 0.001893894 0.002354292 0.002500000 0.000245634 0.098249284 0.003359189 0.471250000 
2641.004140791 1.889817530 3508290.409893554 2649.314705979 2.163501231 -6117761.418455810 0.036970882 0.004957984 0.045355855 0.908467093 0.001893894 0.002354292 0.002500000 0.000250414 0.100161355 0.003407735 0.473750000 
2660.735638326 1.908955227 3396629.745092898 2634.804655479 2.106177393 -6161189.038493101 0.036970882 0.004957984 0.045355855 0.908467093 0.001893894 0.002354292 0.002500000 0.000255311 0.102120062 0.003456759 0.476250000 
2680.147021223 1.927936656 3288896.258500189 2620.408593762 2.050578126 -6204217.768944755 0.036970882 0.004957984 0.045355855 0.908467093 0.001893894 0.002354292 0.002500000 0.000260324 0.104125405 0.003506240 0.478750000 
2699.242041427 1.946761349 3184966.774201117 2606.129107008 1.996660103 -6246840.678478116 0.036970882 0.004957984 0.045355855 0.908467093 0.001893894 0.002354292 0.002500000 0.000265454 0.106177383 0.003556159 0.481250000 
2718.024644113 1.965429040 3084719.173011310 2591.968485337 1.944379692 -6289051.768969438 0.036970882 0.004957984 0.045355855 0.908467093 0.001893894 0.002354292 0.002500000 0.000270700 0.108275998 0.003606498 0.483750000 
2736.498942866 1.983939649 2988032.752396954 2577.928738431 1.893693141 -6330845.923191342 0.036970882 0.004957984 0.045355855 0.908467093 0.001893894 0.002354292 0.002500000 0.000276063 0.110421248 0.003657240 0.486250000 
2754.669196509 2.002293270 2894788.538510094 2564.011610941 1.844556734 -6372218.853467823 0.036970882 0.004957984 0.045355855 0.908467093 0.001893894 0.002354292 0.002500000 0.000281543 0.112613135 0.003708367 0.488750000 
2772.539787540 2.020490160 2804869.553972684 2550.218597599 1.796926942 -6413167.051518218 0.036970882 0.004957984 0.045355855 0.908467093 0.001893894 0.002354292 0.002500000 0.000287139 0.114851657 0.003759865 0.491250000 
2790.115202129 2.038530723 2718161.044984535 2536.550957959 1.750760555 -6453687.739672985 0.036970882 0.004957984 0.045355855 0.908467093 0.001893894 0.002354292 0.002500000 0.000292852 0.117136815 0.003811719 0.493750000 
2807.400011600 2.056415500 2634550.671232993 2523.009730744 1.706014786 -6493778.823608754 0.036970882 0.004957984 0.045355855 0.908467093 0.001893894 0.002354292 0.002500000 0.000298681 0.119468609 0.003863913 0.496250000 
2824.398855364 2.074145157 2553928.661954373 2509.595747733 1.662647382 -6533438.846718675 0.036970882 0.004957984 0.045355855 0.908467093 0.001893894 0.002354292 0.002500000 0.000304627 0.121847039 0.003916435 0.498750000 
2841.116425205 2.091720476 2476187.941347389 2496.309647176 1.620616700 -6572666.946205563 0.036970882 0.004957984 0.045355855 0.908467093 0.001893894 0.002354292 0.002500000 0.000310690 0.124272105 0.003969271 0.501250000 
2857.557450879 2.109142344 2401224.226372238 2483.151886696 1.579881786 -6611462.810960250 0.036970882 0.004957984 0.045355855 0.908467093 0.001893894 0.002354292 0.002500000 0.000316869 0.126743807 0.004022409 0.503750000 
2873.726686933 2.126411742 2328936.099792165 2470.122755678 1.540402436 -6649826.641265440 0.036970882 0.004957984 0.045355855 0.908467093 0.001893894 0.002354292 0.002500000 0.000323165 0.129262144 0.004075837 0.506250000 
2889.628900700 2.143529740 2259225.061130951 2457.222387121 1.502139250 -6687759.110346015 0.036970882 0.004957984 0.045355855 0.908467093 0.001893894 0.002354292 0.002500000 0.000329577 0.131827118 0.004129545 0.508750000 
2905.268861377 2.160497485 2191995.558034682 2444.450768954 1.465053672 -6725261.327769991 0.036970882 0.004957984 0.045355855 0.908467093 0.001893894 0.002354292 0.002500000 0.000336106 0.134438727 0.004183520 0.511250000 
2920.651330140 2.177316194 2127155.000341355 2431.807754820 1.429108027 -6762334.804690007 0.036970882 0.004957984 0.045355855 0.908467093 0.001893894 0.002354292 0.002500000 0.000342752 0.137096972 0.004237753 0.513750000 
2935.781051209 2.193987148 2064613.758980964 2419.293074323 1.394265546 -6798981.420903198 0.036970882 0.004957984 0.045355855 0.908467093 0.001893894 0.002354292 0.002500000 0.000349514 0.139801853 0.004292235 0.516250000 
2950.662743826 2.210511683 2004285.151652804 2406.906342745 1.360490390 -6835203.393696943 0.036970882 0.004957984 0.045355855 0.908467093 0.001893894 0.002354292 0.002500000 0.000356392 0.142553370 0.004346955 0.518750000 
2965.301095053 2.226891186 1946085.417057881 2394.647070250 1.327747658 -6871003.248439831 0.036970882 0.004957984 0.045355855 0.908467093 0.001893894 0.002354292 0.002500000 0.000363388 0.145351523 0.004401905 0.521250000 
2979.700753354 2.243127088 1889933.679303269 2382.514670584 1.296003402 -6906383.790870196 0.036970882 0.004957984 0.045355855 0.908467093 0.001893894 0.002354292 0.002500000 0.000370500 0.148196312 0.004457077 0.523750000 
2993.866322901 2.259220858 1835751.903943025 2370.508469282 1.265224627 -6941348.081029294 0.036970882 0.004957984 0.045355855 0.908467093 0.001893894 0.002354292 0.002500000 0.000377728 0.151087736 0.004512462 0.526250000 
3007.802358538 2.275173996 1783464.846976941 2358.627711396 1.235379293 -6975899.408782159 0.036970882 0.004957984 0.045355855 0.908467093 0.001893894 0.002354292 0.002500000 0.000385073 0.154025797 0.004568052 0.528750000 
3021.513361364 2.290988034 1732999.997994852 2346.871568769 1.206436308 -7010041.270865833 0.036970882 0.004957984 0.045355855 0.908467093 0.001893894 0.002354292 0.002500000 0.000392535 0.157010493 0.004623840 0.531250000 
3035.003774880 2.306664526 1684287.518529676 2335.239146862 1.178365526 -7043777.349402855 0.036970882 0.004957984 0.045355855 0.908467093 0.001893894 0.002354292 0.002500000 0.000400113 0.160041825 0.004679820 0.533750000 
3048.277981660 2.322205044 1637260.176567334 2323.729491160 1.151137732 -7077111.491816564 0.036970882 0.004957984 0.045355855 0.908467093 0.001893894 0.002354292 0.002500000 0.000407808 0.163119793 0.004735984 0.536250000 
3061.340300495 2.337611179 1591853.278055808 2312.341593167 1.124724630 -7110047.692083983 0.036970882 0.004957984 0.045355855 0.908467093 0.001893894 0.002354292 0.002500000 0.000415619 0.166244397 0.004792325 0.538750000 
3074.194983979 2.352884534 1548004.596158220 2301.074396020 1.099098832 -7142590.073262303 0.036970882 0.004957984 0.045355855 0.908467093 0.001893894 0.002354292 0.002500000 0.000423547 0.169415637 0.004848839 0.541250000 
3086.846216492 2.368026718 1505654.298906130 2289.926799726 1.074233840 -7174742.871225421 0.036970882 0.004957984 0.045355855 0.908467093 0.001893894 0.002354292 0.002500000 0.000431592 0.172633513 0.004905517 0.543750000 
3099.298112545 2.383039351 1464744.875828217 2278.897666051 1.050104028 -7206510.419547854 0.036970882 0.004957984 0.045355855 0.908467093 0.001893894 0.002354292 0.002500000 0.000439753 0.175898025 0.004962356 0.546250000 
3111.554715460 2.397924053 1425221.064056204 2267.985823075 1.026684623 -7237897.135474728 0.036970882 0.004957984 0.045355855 0.908467093 0.001893894 0.002354292 0.002500000 0.000448031 0.179209172 0.005019349 0.548750000 
3123.619996354 2.412682446 1387029.774343451 2257.190069431 1.003951686 -7268907.506917948 0.036970882 0.004957984 0.045355855 0.908467093 0.001893894 0.002354292 0.002500000 0.000456425 0.182566955 0.005076492 0.551250000 
3135.497853384 2.427316152 1350120.017371784 2246.509178242 0.981882093 -7299546.080420578 0.036970882 0.004957984 0.045355855 0.908467093 0.001893894 0.002354292 0.002500000 0.000464936 0.185971375 0.005133779 0.553750000 
3147.192111252 2.441826789 1314442.830668351 2235.941900781 0.960453510 -7329817.450033305 0.036970882 0.004957984 0.045355855 0.908467093 0.001893894 0.002354292 0.002500000 0.000473564 0.189422430 0.005191206 0.556250000 
3158.706520923 2.456215968 1279951.206406082 2225.486969858 0.939644376 -7359726.247048880 0.036970882 0.004957984 0.045355855 0.908467093 0.001893894 0.002354292 0.002500000 0.000482308 0.192920121 0.005248767 0.558750000 
3170.044759548 2.470485295 1246600.020318290 2215.143102961 0.919433879 -7389277.130542713 0.036970882 0.004957984 0.045355855 0.908467093 0.001893894 0.002354292 0.002500000 0.000491169 0.196464448 0.005306459 0.561250000 
3181.210430561 2.484636368 1214345.961919607 2204.909005154 0.899801934 -7418474.778669816 0.036970882 0.004957984 0.045355855 0.908467093 0.001893894 0.002354292 0.002500000 0.000500146 0.200055411 0.005364278 0.563750000 
3192.207063940 2.498670774 1183147.466191420 2194.783371767 0.880729164 -7447323.880670640 0.036970882 0.004957984 0.045355855 0.908467093 0.001893894 0.002354292 0.002500000 0.000509240 0.203693009 0.005422219 0.566250000 
3203.038116608 2.512590089 1152964.646859806 2184.764890857 0.862196873 -7475829.129540599 0.036970882 0.004957984 0.045355855 0.908467093 0.001893894 0.002354292 0.002500000 0.000518451 0.207377244 0.005480278 0.568750000 
3213.706972966 2.526395876 1123759.231367493 2174.852245492 0.844187030 -7503995.215320196 0.036970882 0.004957984 0.045355855 0.908467093 0.001893894 0.002354292 0.002500000 0.000527778 0.211108114 0.005538452 0.571250000 
3224.216945526 2.540089686 1095494.497617923 2165.044115842 0.826682246 -7531826.818964903 0.036970882 0.004957984 0.045355855 0.908467093 0.001893894 0.002354292 0.002500000 0.000537222 0.214885621 0.005596737 0.573750000 
3234.571275653 2.553673056 1068135.212549161 2155.339181102 0.809665751 -7559328.606756109 0.036970882 0.004957984 0.045355855 0.908467093 0.001893894 0.002354292 0.002500000 0.000546782 0.218709763 0.005655130 0.576250000 
3244.773134393 2.567147506 1041647.572577447 2145.736121252 0.793121375 -7586505.225216577 0.036970882 0.004957984 0.045355855 0.908467093 0.001893894 0.002354292 0.002500000 0.000556459 0.222580541 0.005713628 0.578750000 
3254.825623363 2.580514543 1015999.145934827 2136.233618671 0.777033527 -7613361.296495710 0.036970882 0.004957984 0.045355855 0.908467093 0.001893894 0.002354292 0.002500000 0.000566252 0.226497955 0.005772226 0.581250000 
3264.731775723 2.593775654 991158.816911815 2126.830359607 0.761387177 -7639901.414192172 0.036970882 0.004957984 0.045355855 0.908467093 0.001893894 0.002354292 0.002500000 0.000576162 0.230462005 0.005830923 0.583750000 
3274.494557189 2.606932312 967096.732004624 2117.525035524 0.746167833 -7666130.139583025 0.036970882 0.004957984 0.045355855 0.908467093 0.001893894 0.002354292 0.002500000 0.000586189 0.234472690 0.005889715 0.586250000 
3284.116867100 2.619985972 943784.247956603 2108.316344315 0.731361525 -7692051.998230571 0.036970882 0.004957984 0.045355855 0.908467093 0.001893894 0.002354292 0.002500000 0.000596332 0.238530012 0.005948600 0.588750000 
3293.601539521 2.632938071 921193.881675261 2099.202991418 0.716954787 -7717671.476939594 0.036970882 0.004957984 0.045355855 0.908467093 0.001893894 0.002354292 0.002500000 0.000606592 0.242633970 0.006007574 0.591250000 
3302.951344379 2.645790027 899299.261999126 2090.183690810 0.702934636 -7742993.021039829 0.036970882 0.004957984 0.045355855 0.908467093 0.001893894 0.002354292 0.002500000 0.000616969 0.246784563 0.006066635 0.593750000 
3312.168988623 2.658543241 878075.083282997 2081.257165917 0.689288556 -7768021.031969305 0.036970882 0.004957984 0.045355855 0.908467093 0.001893894 0.002354292 0.002500000 0.000627462 0.250981792 0.006125781 0.596250000 
3321.257117409 2.671199095 857497.060765173 2072.422150427 0.676004482 -7792759.865136546 0.036970882 0.004957984 0.045355855 0.908467093 0.001893894 0.002354292 0.002500000 0.000638071 0.255225657 0.006185009 0.598750000 
3330.218315292 2.683758952 837541.887676406 2063.677389014 0.663070782 -7817213.828040461 0.036970882 0.004957984 0.045355855 0.908467093 0.001893894 0.002354292 0.002500000 0.000648798 0.259516158 0.006244317 0.601250000 
3339.055107433 2.696224155 818187.194047243 2055.021637997 0.650476242 -7841387.178628342 0.036970882 0.004957984 0.045355855 0.908467093 0.001893894 0.002354292 0.002500000 0.000659640 0.263853295 0.006303702 0.603750000 
3347.769960815 2.708596029 799411.507167923 2046.453665911 0.638210052 -7865284.123873704 0.036970882 0.004957984 0.045355855 0.908467093 0.001893894 0.002354292 0.002500000 0.000670600 0.268237068 0.006363163 0.606250000 
3356.365285454 2.720875881 781194.213653233 2037.972254023 0.626261785 -7888908.818556737 0.036970882 0.004957984 0.045355855 0.908467093 0.001893894 0.002354292 0.002500000 0.000681676 0.272667477 0.006422697 0.608750000 
3364.843435614 2.733064996 763515.523063430 2029.576196780 0.614621391 -7912265.364231524 0.036970882 0.004957984 0.045355855 0.908467093 0.001893894 0.002354292 0.002500000 0.000692868 0.277144521 0.006482302 0.611250000 
3373.206711019 2.745164643 746356.433031516 2021.264302197 0.603279177 -7935357.808364994 0.036970882 0.004957984 0.045355855 0.908467093 0.001893894 0.002354292 0.002500000 0.000704177 0.281668202 0.006541977 0.613750000 
3381.457358052 2.757176070 729698.695846684 2013.035392202 0.592225796 -7958190.143633859 0.036970882 0.004957984 0.045355855 0.908467093 0.001893894 0.002354292 0.002500000 0.000715603 0.286238518 0.006601719 0.616250000 
3389.597570957 2.769100506 713524.786443698 2004.888302921 0.581452233 -7980766.307366520 0.036970882 0.004957984 0.045355855 0.908467093 0.001893894 0.002354292 0.002500000 0.000727146 0.290855470 0.006661527 0.618750000 
3397.629493019 2.780939162 697817.871748148 1996.821884924 0.570949794 -8003090.181117803 0.036970882 0.004957984 0.045355855 0.908467093 0.001893894 0.002354292 0.002500000 0.000738804 0.295519058 0.006721398 0.621250000 
3405.555217735 2.792693230 682561.781327864 1988.835003425 0.560710092 -8025165.590365698 0.036970882 0.004957984 0.045355855 0.908467093 0.001893894 0.002354292 0.002500000 0.000750580 0.300229282 0.006781332 0.623750000 
3413.376789976 2.804363882 667740.979301599 1980.926538454 0.550725036 -8046996.304319188 0.036970882 0.004957984 0.045355855 0.908467093 0.001893894 0.002354292 0.002500000 0.000762472 0.304986142 0.006841326 0.626250000 
3421.096207125 2.815952274 653340.537456652 1973.095384978 0.540986821 -8068586.035827927 0.036970882 0.004957984 0.045355855 0.908467093 0.001893894 0.002354292 0.002500000 0.000774481 0.309789637 0.006901380 0.628750000 
3428.715420206 2.827459541 639346.109528262 1965.340453001 0.531487915 -8089938.441384529 0.036970882 0.004957984 0.045355855 0.908467093 0.001893894 0.002354292 0.002500000 0.000786606 0.314639769 0.006961490 0.631250000 
3436.236334991 2.838886800 625743.906594519 1957.660667636 0.522221051 -8111057.121211287 0.036970882 0.004957984 0.045355855 0.908467093 0.001893894 0.002354292 0.002500000 0.000798848 0.319536536 0.007021657 0.633750000 
3443.660813094 2.850235153 612520.673541746 1950.054969139 0.513179215 -8131945.619423465 0.036970882 0.004957984 0.045355855 0.908467093 0.001893894 0.002354292 0.002500000 0.000811207 0.324479940 0.007081878 0.636250000 
3450.990673034 2.861505680 599663.666556514 1942.522312927 0.504355638 -8152607.424262074 0.036970882 0.004957984 0.045355855 0.908467093 0.001893894 0.002354292 0.002500000 0.000823682 0.329469979 0.007142153 0.638750000 
3458.227691297 2.872699446 587160.631601702 1935.061669571 0.495743786 -8173045.968389569 0.036970882 0.004957984 0.045355855 0.908467093 0.001893894 0.002354292 0.002500000 0.000836273 0.334506654 0.007202479 0.641250000 
3465.373603359 2.883817498 574999.783835363 1927.672024771 0.487337350 -8193264.629242156 0.036970882 0.004957984 0.045355855 0.908467093 0.001893894 0.002354292 0.002500000 0.000848981 0.339589965 0.007262856 0.643750000 
3472.430104703 2.894860865 563169.787932445 1920.352379305 0.479130239 -8213266.729433119 0.036970882 0.004957984 0.045355855 0.908467093 0.001893894 0.002354292 0.002500000 0.000861806 0.344719912 0.007323282 0.646250000 
3479.398851806 2.905830560 551659.739270787 1913.101748966 0.471116572 -8233055.537201922 0.036970882 0.004957984 0.045355855 0.908467093 0.001893894 0.002354292 0.002500000 0.000874748 0.349896495 0.007383756 0.648750000 
3486.281463115 2.916727579 540459.145944142 1905.919164487 0.463290670 -8252634.266904220 0.036970882 0.004957984 0.045355855 0.908467093 0.001893894 0.002354292 0.002500000 0.000887806 0.355119713 0.007444277 0.651250000 
3493.079519988 2.927552901 529557.911566372 1898.803671444 0.455647045 -8272006.079538223 0.036970882 0.004957984 0.045355855 0.908467093 0.001893894 0.002354292 0.002500000 0.000900980 0.360389568 0.007504844 0.653750000 
3499.794567630 2.938307489 518946.318832205 1891.754330152 0.448180400 -8291174.083303418 0.036970882 0.004957984 0.045355855 0.908467093 0.001893894 0.002354292 0.002500000 0.000914272 0.365706058 0.007565455 0.656250000 
3506.428115996 2.948992290 508615.013801370 1884.770215548 0.440885612 -8310141.334187636 0.036970882 0.004957984 0.045355855 0.908467093 0.001893894 0.002354292 0.002500000 0.000927679 0.371069184 0.007626110 0.658750000 
3512.981640680 2.959608236 498554.990874132 1877.850417063 0.433757736 -8328910.836579069 0.036970882 0.004957984 0.045355855 0.908467093 0.001893894 0.002354292 0.002500000 0.000941204 0.376478947 0.007686808 0.661250000 
3519.456583781 2.970156240 488757.578427562 1870.994038488 0.426791991 -8347485.543900106 0.036970882 0.004957984 0.045355855 0.908467093 0.001893894 0.002354292 0.002500000 0.000954845 0.381935345 0.007747547 0.663750000 
3525.854354746 2.980637205 479214.425083133 1864.200197827 0.419983756 -8365868.359259639 0.036970882 0.004957984 0.045355855 0.908467093 0.001893894 0.002354292 0.002500000 0.000968602 0.387438378 0.007808327 0.666250000 
3532.176331202 2.991052014 469917.486577405 1857.468027148 0.413328565 -8384062.136121548 0.036970882 0.004957984 0.045355855 0.908467093 0.001893894 0.002354292 0.002500000 0.000982476 0.392988048 0.007869147 0.668750000 
3538.423859755 3.001401538 460859.013208757 1850.796672424 0.406822099 -8402069.678986505 0.036970882 0.004957984 0.045355855 0.908467093 0.001893894 0.002354292 0.002500000 0.000996467 0.398584354 0.007930005 0.671250000 
3544.598256778 3.011686633 452031.537834298 1844.185293368 0.400460184 -8419893.744084923 0.036970882 0.004957984 0.045355855 0.908467093 0.001893894 0.002354292 0.002500000 0.001010575 0.404227295 0.007990901 0.673750000 
3550.700809178 3.021908139 443427.864392116 1837.633063272 0.394238782 -8437537.040078992 0.036970882 0.004957984 0.045355855 0.908467093 0.001893894 0.002354292 0.002500000 0.001024798 0.409916873 0.008051834 0.676250000 
3556.732775143 3.032066885 435041.056925216 1831.139168825 0.388153989 -8455002.228771683 0.036970882 0.004957984 0.045355855 0.908467093 0.001893894 0.002354292 0.002500000 0.001039139 0.415653086 0.008112804 0.678750000 
