Sim: 4
ID: 0
Description: Test run of cold flow MSSE simulation with Ma 0.1 initialisation
Variables: 4
time A mass_flux Ma
0.000003139 0.053014376 4106.910261504 0.232179206 
0.000012276 0.053014376 4111.901901808 0.233973235 
0.000020803 0.053014376 4113.387679556 0.234280088 
0.000029201 0.053014376 4112.760440255 0.234312604 
0.000037545 0.053014376 4112.364916056 0.234313900 
0.000045824 0.053014376 4112.152837299 0.234310252 
0.000054047 0.053014376 4112.027289557 0.234306019 
0.000062243 0.053014376 4111.942701638 0.234302128 
0.000070432 0.053014376 4111.879537983 0.234298742 
0.000078622 0.053014376 4111.829066313 0.234295831 
0.000086812 0.053014376 4111.787011759 0.234293322 
0.000094998 0.053014376 4111.750970572 0.234291139 
0.000103175 0.053014376 4111.718565318 0.234289164 
0.000111338 0.053014376 4111.679750889 0.234286799 
0.000119485 0.053014376 4111.576409548 0.234280530 
0.000127613 0.053014376 4111.156200022 0.234255062 
0.000135719 0.053014376 4109.618615850 0.234161789 
0.000143802 0.053014376 4105.060184860 0.233884972 
0.000151857 0.053014376 4094.022263868 0.233214131 
0.000159881 0.053014376 4071.701497271 0.231857141 
0.000167870 0.053014376 4033.230690046 0.229519270 
0.000175817 0.053014376 3975.793111104 0.226033144 
0.000183719 0.053014376 3900.576096887 0.221476999 
0.000191573 0.053014376 3813.315451755 0.216203881 
0.000199382 0.053014376 3722.850468414 0.210748979 
0.000207153 0.053014376 3638.368804694 0.205661183 
0.000214890 0.053014376 3566.800480929 0.201349089 
0.000222599 0.053014376 3511.503699533 0.198007382 
0.000230281 0.053014376 3472.448020373 0.195631613 
0.000237933 0.053014376 3447.334559583 0.194085920 
0.000245556 0.053014376 3432.902197686 0.193179576 
0.000253145 0.053014376 3425.928444833 0.192724653 
0.000260699 0.053014376 3423.776435382 0.192567063 
0.000268214 0.053014376 3424.546961585 0.192594848 
0.000275685 0.053014376 3426.967157413 0.192731520 
0.000283063 0.053014376 3430.140145561 0.192921556 
0.000290312 0.053014376 3433.357627806 0.193119834 
0.000297452 0.053014376 3436.025948084 0.193288080 
0.000304494 0.053014376 3437.648760252 0.193394249 
0.000311443 0.053014376 3437.911811354 0.193417719 
0.000318299 0.053014376 3436.767297299 0.193354374 
0.000325064 0.053014376 3434.441489890 0.193217053 
0.000331742 0.053014376 3431.354412487 0.193030708 
0.000338335 0.053014376 3427.993250175 0.192824770 
0.000344846 0.053014376 3424.795245348 0.192626044 
0.000351280 0.053014376 3422.077807491 0.192454400 
0.000357640 0.053014376 3420.023371247 0.192321727 
0.000363928 0.053014376 3418.703765617 0.192233264 
0.000370150 0.053014376 3418.121933746 0.192190000 
0.000376307 0.053014376 3418.253615651 0.192191130 
0.000382403 0.053014376 3419.080123216 0.192235998 
0.000388442 0.053014376 3420.610417368 0.192325433 
0.000394426 0.053014376 3422.894362368 0.192462570 
0.000400359 0.053014376 3426.030008593 0.192653306 
0.000406244 0.053014376 3430.167124393 0.192906524 
0.000412083 0.053014376 3435.508104234 0.193234163 
0.000417879 0.053014376 3442.306166977 0.193651105 
0.000423635 0.053014376 3450.859972214 0.194174869 
0.000429353 0.053014376 3461.503524174 0.194825019 
0.000435035 0.053014376 3474.590654413 0.195622276 
0.000440684 0.053014376 3490.474396873 0.196587331 
0.000446302 0.053014376 3509.482872396 0.197739469 
0.000451890 0.053014376 3531.894443425 0.199095149 
0.000457450 0.053014376 3557.915550724 0.200666738 
0.000462984 0.053014376 3587.665866089 0.202461654 
0.000468495 0.053014376 3621.178340701 0.204482389 
0.000473986 0.053014376 3658.393892899 0.206726167 
0.000479461 0.053014376 3699.164139840 0.209185068 
0.000484921 0.053014376 3743.262468414 0.211846631 
0.000490368 0.053014376 3790.399048891 0.214694689 
0.000495804 0.053014376 3840.237716245 0.217710311 
0.000501229 0.053014376 3892.412846397 0.220872749 
0.000506645 0.053014376 3946.544803041 0.224160311 
0.000512052 0.053014376 4002.253057219 0.227551109 
0.000517450 0.053014376 4059.166570849 0.231023650 
0.000522841 0.053014376 4116.931430295 0.234557282 
0.000528224 0.053014376 4175.215977212 0.238132493 
0.000533600 0.053014376 4233.713825432 0.241731094 
0.000538969 0.053014376 4292.145217659 0.245336308 
0.000544331 0.053014376 4350.257162491 0.248932794 
0.000549687 0.053014376 4407.822731634 0.252506616 
0.000555038 0.053014376 4464.639828108 0.256045183 
0.000560382 0.053014376 4520.529667383 0.259537184 
0.000565722 0.053014376 4575.335145866 0.262972498 
0.000571057 0.053014376 4628.919225922 0.266342119 
0.000576388 0.053014376 4681.163435719 0.269638085 
0.000581715 0.053014376 4731.966541080 0.272853412 
0.000587039 0.053014376 4781.243412000 0.275982043 
0.000592360 0.053014376 4828.924083911 0.279018811 
0.000597678 0.053014376 4874.952991432 0.281959408 
0.000602993 0.053014376 4919.288332599 0.284800362 
0.000608307 0.053014376 4961.901510007 0.287539020 
0.000613619 0.053014376 5002.776590271 0.290173531 
0.000618929 0.053014376 5041.909724156 0.292702818 
0.000624237 0.053014376 5079.308477728 0.295126558 
0.000629544 0.053014376 5114.991035157 0.297445133 
0.000634850 0.053014376 5148.985248635 0.299659588 
0.000640154 0.053014376 5181.327532112 0.301771561 
0.000645456 0.053014376 5212.061613052 0.303783211 
0.000650757 0.053014376 5241.237169525 0.305697136 
0.000656057 0.053014376 5268.908391700 0.307516278 
0.000661354 0.053014376 5295.132514487 0.309243831 
0.000666650 0.053014376 5319.968370125 0.310883144 
0.000671944 0.053014376 5343.475006784 0.312437632 
0.000677236 0.053014376 5365.710412441 0.313910685 
0.000682525 0.053014376 5386.730373740 0.315305592 
0.000687812 0.053014376 5406.587488296 0.316625471 
0.000693096 0.053014376 5425.330337561 0.317873211 
0.000698377 0.053014376 5443.002817604 0.319051424 
0.000703655 0.053014376 5459.643617159 0.320162405 
0.000708930 0.053014376 5475.285826310 0.321208101 
0.000714201 0.053014376 5489.956656622 0.322190090 
0.000719469 0.053014376 5503.677254023 0.323109568 
0.000724733 0.053014376 5516.462588267 0.323967331 
0.000729993 0.053014376 5528.321407336 0.324763777 
0.000735249 0.053014376 5539.256249852 0.325498900 
0.000740501 0.053014376 5549.263512363 0.326172295 
0.000745749 0.053014376 5558.333574096 0.326783163 
0.000750993 0.053014376 5566.450986584 0.327330324 
0.000756233 0.053014376 5573.594736656 0.327812235 
0.000761470 0.053014376 5579.738591410 0.328227011 
0.000766703 0.053014376 5584.851533613 0.328572459 
0.000771932 0.053014376 5588.898293848 0.328846108 
0.000777158 0.053014376 5591.839982759 0.329045263 
0.000782381 0.053014376 5593.634822965 0.329167049 
0.000787601 0.053014376 5594.238976113 0.329208470 
0.000792817 0.053014376 5593.607456428 0.329166478 
0.000798032 0.053014376 5591.695118256 0.329038040 
0.000803243 0.053014376 5588.457701645 0.328820209 
0.000808453 0.053014376 5583.852917204 0.328510208 
0.000813660 0.053014376 5577.841549356 0.328105498 
0.000818865 0.053014376 5570.388555687 0.327603861 
0.000824069 0.053014376 5561.464139391 0.327003472 
0.000829270 0.053014376 5551.044771771 0.326302967 
0.000834471 0.053014376 5539.114142288 0.325501510 
0.000839670 0.053014376 5525.664014857 0.324598844 
0.000844868 0.053014376 5510.694970382 0.323595343 
0.000850065 0.053014376 5494.217017727 0.322492044 
0.000855261 0.053014376 5476.250057454 0.321290677 
0.000860456 0.053014376 5456.824185412 0.319993674 
0.000865651 0.053014376 5435.979826207 0.318604170 
0.000870845 0.053014376 5413.767689920 0.317125993 
0.000876039 0.053014376 5390.248549037 0.315563636 
0.000881233 0.053014376 5365.492836440 0.313922223 
0.000886426 0.053014376 5339.580069390 0.312207457 
0.000891619 0.053014376 5312.598108648 0.310425560 
0.000896812 0.053014376 5284.642266100 0.308583209 
0.000902005 0.053014376 5255.814278311 0.306687452 
0.000907199 0.053014376 5226.221167240 0.304745632 
0.000912392 0.053014376 5195.974012704 0.302765294 
0.000917585 0.053014376 5165.186663825 0.300754100 
0.000922779 0.053014376 5133.974418572 0.298719738 
0.000927973 0.053014376 5102.452701412 0.296669836 
0.000933167 0.053014376 5070.735769023 0.294611875 
0.000938362 0.053014376 5038.935472886 0.292553112 
0.000943557 0.053014376 5007.160105377 0.290500511 
0.000948753 0.053014376 4975.513352870 0.288460678 
0.000953949 0.053014376 4944.093375471 0.286439805 
0.000959146 0.053014376 4912.992028426 0.284443633 
0.000964343 0.053014376 4882.294235396 0.282477413 
0.000969541 0.053014376 4852.077518699 0.280545885 
0.000974739 0.053014376 4822.411686701 0.278653267 
0.000979938 0.053014376 4793.358673918 0.276803249 
0.000985138 0.053014376 4764.972525313 0.274999002 
0.000990339 0.053014376 4737.299512858 0.273243189 
0.000995541 0.053014376 4710.378369801 0.271537990 
0.001000744 0.053014376 4684.240626285 0.269885124 
0.001005948 0.053014376 4658.911028929 0.268285881 
0.001011152 0.053014376 4634.408026790 0.266741160 
0.001016358 0.053014376 4610.744306510 0.265251502 
0.001021566 0.053014376 4587.927360456 0.263817130 
0.001026774 0.053014376 4565.960073024 0.262437989 
0.001031984 0.053014376 4544.841311972 0.261113784 
0.001037196 0.053014376 4524.566513441 0.259844016 
0.001042409 0.053014376 4505.128251184 0.258628021 
0.001047624 0.053014376 4486.516782313 0.257465002 
0.001052841 0.053014376 4468.720563501 0.256354064 
0.001058059 0.053014376 4451.726733089 0.255294242 
0.001063280 0.053014376 4435.521555750 0.254284529 
0.001068502 0.053014376 4420.090827467 0.253323899 
0.001073726 0.053014376 4405.420239371 0.252411334 
0.001078953 0.053014376 4391.495699468 0.251545837 
0.001084182 0.053014376 4378.303611894 0.250726453 
0.001089413 0.053014376 4365.831114179 0.249952281 
0.001094647 0.053014376 4354.066272856 0.249222488 
0.001099882 0.053014376 4342.998237641 0.248536313 
0.001105121 0.053014376 4332.617355016 0.247893080 
0.001110361 0.053014376 4322.915242418 0.247292195 
0.001115605 0.053014376 4313.884824365 0.246733155 
0.001120850 0.053014376 4305.520332079 0.246215540 
0.001126099 0.053014376 4297.817268490 0.245739016 
0.001131349 0.053014376 4290.772340859 0.245303330 
0.001136602 0.053014376 4284.383363563 0.244908300 
0.001141858 0.053014376 4278.649133989 0.244553809 
0.001147116 0.053014376 4273.569284742 0.244239800 
0.001152377 0.053014376 4269.144115745 0.243966258 
0.001157640 0.053014376 4265.374409985 0.243733203 
0.001162906 0.053014376 4262.261236898 0.243540678 
0.001168174 0.053014376 4259.805747475 0.243388734 
0.001173444 0.053014376 4258.008965195 0.243277421 
0.001178716 0.053014376 4256.871576868 0.243206770 
0.001183991 0.053014376 4256.393727295 0.243176784 
0.001189267 0.053014376 4256.574821485 0.243187423 
0.001194546 0.053014376 4257.413337859 0.243238598 
0.001199827 0.053014376 4258.906655531 0.243330152 
0.001205110 0.053014376 4261.050898401 0.243461858 
0.001210394 0.053014376 4263.840798330 0.243633406 
0.001215681 0.053014376 4267.269579253 0.243844397 
0.001220969 0.053014376 4271.328863628 0.244094335 
0.001226259 0.053014376 4276.008602143 0.244382629 
0.001231550 0.053014376 4281.297027199 0.244708580 
0.001236843 0.053014376 4287.180630207 0.245071388 
0.001242137 0.053014376 4293.644162389 0.245470146 
0.001247432 0.053014376 4300.670658341 0.245903845 
0.001252729 0.053014376 4308.241481338 0.246371372 
0.001258027 0.053014376 4316.336388996 0.246871519 
0.001263326 0.053014376 4324.933617694 0.247402982 
0.001268625 0.053014376 4334.009983896 0.247964371 
0.001273926 0.053014376 4343.541000370 0.248554215 
0.001279228 0.053014376 4353.501005144 0.249170968 
0.001284530 0.053014376 4363.863300955 0.249813020 
0.001289833 0.053014376 4374.600302901 0.250478705 
0.001295137 0.053014376 4385.683692005 0.251166306 
0.001300442 0.053014376 4397.084572418 0.251874072 
0.001305747 0.053014376 4408.773630066 0.252600220 
0.001311052 0.053014376 4420.721290649 0.253342946 
0.001316358 0.053014376 4432.897875002 0.254100439 
0.001321664 0.053014376 4445.273750008 0.254870885 
0.001326970 0.053014376 4457.819473385 0.255652476 
0.001332277 0.053014376 4470.505930875 0.256443423 
0.001337584 0.053014376 4483.304464532 0.257241959 
0.001342891 0.053014376 4496.186991024 0.258046347 
0.001348199 0.053014376 4509.126109028 0.258854888 
0.001353506 0.053014376 4522.095195036 0.259665929 
0.001358814 0.053014376 4535.068487056 0.260477863 
0.001364121 0.053014376 4548.021155896 0.261289138 
0.001369428 0.053014376 4560.929363899 0.262098259 
0.001374736 0.053014376 4573.770311172 0.262903792 
0.001380043 0.053014376 4586.522269530 0.263704366 
0.001385350 0.053014376 4599.164604496 0.264498673 
0.001390658 0.053014376 4611.677785876 0.265285472 
0.001395965 0.053014376 4624.043387536 0.266063587 
0.001401271 0.053014376 4636.244077109 0.266831909 
0.001406578 0.053014376 4648.263596483 0.267589392 
0.001411884 0.053014376 4660.086733975 0.268335053 
0.001417190 0.053014376 4671.699289194 0.269067971 
0.001422496 0.053014376 4683.088031604 0.269787285 
0.001427801 0.053014376 4694.240653882 0.270492187 
0.001433106 0.053014376 4705.145721143 0.271181926 
0.001438410 0.053014376 4715.792617149 0.271855799 
0.001443714 0.053014376 4726.171488566 0.272513151 
0.001449018 0.053014376 4736.273188347 0.273153370 
0.001454321 0.053014376 4746.089219270 0.273775887 
0.001459624 0.053014376 4755.611678589 0.274380165 
0.001464926 0.053014376 4764.833204732 0.274965707 
0.001470227 0.053014376 4773.746926864 0.275532041 
0.001475528 0.053014376 4782.346418092 0.276078728 
0.001480829 0.053014376 4790.625652951 0.276605352 
0.001486129 0.053014376 4798.578969751 0.277111521 
0.001491428 0.053014376 4806.201038242 0.277596864 
0.001496726 0.053014376 4813.486832938 0.278061031 
0.001502024 0.053014376 4820.431612342 0.278503689 
0.001507321 0.053014376 4827.030904207 0.278924525 
0.001512618 0.053014376 4833.280496843 0.279323241 
0.001517914 0.053014376 4839.176436380 0.279699560 
0.001523209 0.053014376 4844.715029811 0.280053217 
0.001528503 0.053014376 4849.892853511 0.280383972 
0.001533797 0.053014376 4854.706766875 0.280691599 
0.001539089 0.053014376 4859.153930616 0.280975895 
0.001544382 0.053014376 4863.231829190 0.281236678 
0.001549673 0.053014376 4866.938296791 0.281473792 
0.001554964 0.053014376 4870.271546262 0.281687104 
0.001560254 0.053014376 4873.230200260 0.281876510 
0.001565543 0.053014376 4875.813323988 0.282041936 
0.001570831 0.053014376 4878.020458776 0.282183341 
0.001576119 0.053014376 4879.851655814 0.282300716 
0.001581406 0.053014376 4881.307509315 0.282394090 
0.001586693 0.053014376 4882.389188405 0.282463532 
0.001591979 0.053014376 4883.098467089 0.282509149 
0.001597264 0.053014376 4883.437751705 0.282531091 
0.001602548 0.053014376 4883.410105256 0.282529552 
0.001607832 0.053014376 4883.019268100 0.282504772 
0.001613115 0.053014376 4882.269674529 0.282457036 
0.001618398 0.053014376 4881.166464841 0.282386675 
0.001623680 0.053014376 4879.715492572 0.282294069 
0.001628961 0.053014376 4877.923326643 0.282179644 
0.001634243 0.053014376 4875.797248234 0.282043873 
0.001639523 0.053014376 4873.345242304 0.281887275 
0.001644803 0.053014376 4870.575983714 0.281710414 
0.001650083 0.053014376 4867.498818042 0.281513900 
0.001655362 0.053014376 4864.123737199 0.281298381 
0.001660640 0.053014376 4860.461350079 0.281064548 
0.001665919 0.053014376 4856.522848505 0.280813130 
0.001671197 0.053014376 4852.319968828 0.280544888 
0.001676474 0.053014376 4847.864949579 0.280260617 
0.001681751 0.053014376 4843.170485613 0.279961142 
0.001687028 0.053014376 4838.249679267 0.279647313 
0.001692305 0.053014376 4833.115989042 0.279320000 
0.001697581 0.053014376 4827.783176370 0.278980094 
0.001702857 0.053014376 4822.265251049 0.278628502 
0.001708133 0.053014376 4816.576415912 0.278266141 
0.001713409 0.053014376 4810.731011311 0.277893934 
0.001718684 0.053014376 4804.743459990 0.277512812 
0.001723959 0.053014376 4798.628212873 0.277123704 
0.001729234 0.053014376 4792.399696298 0.276727536 
0.001734509 0.053014376 4786.072261168 0.276325230 
0.001739784 0.053014376 4779.660134452 0.275917697 
0.001745059 0.053014376 4773.177373428 0.275505836 
0.001750333 0.053014376 4766.637822995 0.275090532 
0.001755608 0.053014376 4760.055076346 0.274672651 
0.001760882 0.053014376 4753.442439201 0.274253041 
0.001766157 0.053014376 4746.812897755 0.273832527 
0.001771431 0.053014376 4740.179090427 0.273411912 
0.001776706 0.053014376 4733.553283507 0.272991972 
0.001781980 0.053014376 4726.947350673 0.272573460 
0.001787254 0.053014376 4720.372756293 0.272157099 
0.001792529 0.053014376 4713.840542357 0.271743584 
0.001797804 0.053014376 4707.361318937 0.271333585 
0.001803078 0.053014376 4700.945257938 0.270927739 
0.001808353 0.053014376 4694.602089940 0.270526656 
0.001813628 0.053014376 4688.341103832 0.270130919 
0.001818903 0.053014376 4682.171148980 0.269741079 
0.001824178 0.053014376 4676.100639601 0.269357662 
0.001829453 0.053014376 4670.137561036 0.268981163 
0.001834728 0.053014376 4664.289477601 0.268612052 
0.001840004 0.053014376 4658.563541688 0.268250774 
0.001845280 0.053014376 4652.966503799 0.267897744 
0.001850555 0.053014376 4647.504723212 0.267553356 
0.001855832 0.053014376 4642.184178998 0.267217977 
0.001861108 0.053014376 4637.010481113 0.266891952 
0.001866384 0.053014376 4631.988881340 0.266575604 
0.001871661 0.053014376 4627.124283854 0.266269231 
0.001876938 0.053014376 4622.421255259 0.265973114 
0.001882216 0.053014376 4617.884033924 0.265687508 
0.001887493 0.053014376 4613.516538520 0.265412654 
0.001892771 0.053014376 4609.322375682 0.265148768 
0.001898049 0.053014376 4605.304846725 0.264896051 
0.001903328 0.053014376 4601.466953421 0.264654682 
0.001908607 0.053014376 4597.811402817 0.264424825 
0.001913886 0.053014376 4594.340611142 0.264206624 
0.001919165 0.053014376 4591.056706845 0.264000205 
0.001924445 0.053014376 4587.961532836 0.263805678 
0.001929725 0.053014376 4585.056648010 0.263623133 
0.001935005 0.053014376 4582.343328168 0.263452645 
0.001940286 0.053014376 4579.822566416 0.263294271 
0.001945567 0.053014376 4577.495073186 0.263148050 
0.001950849 0.053014376 4575.361275977 0.263014003 
0.001956130 0.053014376 4573.421318955 0.262892136 
0.001961413 0.053014376 4571.675062521 0.262782436 
0.001966695 0.053014376 4570.122082992 0.262684872 
0.001971978 0.053014376 4568.761672489 0.262599397 
0.001977261 0.053014376 4567.592839166 0.262525946 
0.001982544 0.053014376 4566.614307883 0.262464437 
0.001987828 0.053014376 4565.824521422 0.262414771 
0.001993112 0.053014376 4565.221642330 0.262376830 
0.001998397 0.053014376 4564.803555486 0.262350480 
0.002003682 0.053014376 4564.567871427 0.262335573 
0.002008967 0.053014376 4564.511930515 0.262331940 
0.002014252 0.053014376 4564.632807964 0.262339398 
0.002019538 0.053014376 4564.927319739 0.262357747 
0.002024824 0.053014376 4565.392029364 0.262386774 
0.002030111 0.053014376 4566.023255590 0.262426248 
0.002035397 0.053014376 4566.817080937 0.262475925 
0.002040684 0.053014376 4567.769361048 0.262535546 
0.002045972 0.053014376 4568.875734828 0.262604841 
0.002051259 0.053014376 4570.131635303 0.262683523 
0.002056547 0.053014376 4571.532301143 0.262771298 
0.002061835 0.053014376 4573.072788778 0.262867856 
0.002067123 0.053014376 4574.747985040 0.262972881 
0.002072412 0.053014376 4576.552620251 0.263086043 
0.002077700 0.053014376 4578.481281685 0.263207006 
0.002082989 0.053014376 4580.528427323 0.263335424 
0.002088278 0.053014376 4582.688399826 0.263470946 
0.002093568 0.053014376 4584.955440649 0.263613212 
0.002098857 0.053014376 4587.323704217 0.263761858 
0.002104147 0.053014376 4589.787272090 0.263916515 
0.002109437 0.053014376 4592.340167040 0.264076811 
0.002114727 0.053014376 4594.976366985 0.264242370 
0.002120017 0.053014376 4597.689818680 0.264412813 
0.002125307 0.053014376 4600.474451144 0.264587762 
0.002130597 0.053014376 4603.324188725 0.264766838 
0.002135888 0.053014376 4606.232963772 0.264949659 
0.002141178 0.053014376 4609.194728850 0.265135850 
0.002146469 0.053014376 4612.203468470 0.265325032 
0.002151760 0.053014376 4615.253210274 0.265516832 
0.002157051 0.053014376 4618.338035667 0.265710878 
0.002162342 0.053014376 4621.452089857 0.265906804 
0.002167633 0.053014376 4624.589591288 0.266104247 
0.002172923 0.053014376 4627.744840462 0.266302849 
0.002178214 0.053014376 4630.912228138 0.266502257 
0.002183506 0.053014376 4634.086242920 0.266702124 
0.002188797 0.053014376 4637.261478227 0.266902111 
0.002194088 0.053014376 4640.432638688 0.267101883 
0.002199379 0.053014376 4643.594545951 0.267301114 
0.002204670 0.053014376 4646.742143954 0.267499486 
0.002209961 0.053014376 4649.870503672 0.267696686 
0.002215252 0.053014376 4652.974827385 0.267892411 
0.002220542 0.053014376 4656.050452487 0.268086367 
0.002225833 0.053014376 4659.092854888 0.268278267 
0.002231124 0.053014376 4662.097652032 0.268467834 
0.002236415 0.053014376 4665.060605578 0.268654798 
0.002241705 0.053014376 4667.977623774 0.268838900 
0.002246996 0.053014376 4670.844763570 0.269019890 
0.002252286 0.053014376 4673.658232494 0.269197526 
0.002257577 0.053014376 4676.414390327 0.269371576 
0.002262867 0.053014376 4679.109750613 0.269541819 
0.002268157 0.053014376 4681.740982020 0.269708042 
0.002273447 0.053014376 4684.304909584 0.269870042 
0.002278737 0.053014376 4686.798515850 0.270027627 
0.002284027 0.053014376 4689.218941938 0.270180614 
0.002289317 0.053014376 4691.563488527 0.270328830 
0.002294606 0.053014376 4693.829616786 0.270472113 
0.002299895 0.053014376 4696.014949242 0.270610309 
0.002305185 0.053014376 4698.117270600 0.270743277 
0.002310474 0.053014376 4700.134528494 0.270870885 
0.002315763 0.053014376 4702.064834190 0.270993011 
0.002321051 0.053014376 4703.906463207 0.271109545 
0.002326340 0.053014376 4705.657855855 0.271220384 
0.002331628 0.053014376 4707.317617688 0.271325440 
0.002336917 0.053014376 4708.884519834 0.271424633 
0.002342205 0.053014376 4710.357499206 0.271517892 
0.002347493 0.053014376 4711.735658560 0.271605161 
0.002352780 0.053014376 4713.018266392 0.271686391 
0.002358068 0.053014376 4714.204756655 0.271761544 
0.002363356 0.053014376 4715.294728260 0.271830594 
0.002368643 0.053014376 4716.287944370 0.271893524 
0.002373930 0.053014376 4717.184331446 0.271950329 
0.002379217 0.053014376 4717.983978039 0.272001013 
0.002384504 0.053014376 4718.687133313 0.272045591 
0.002389790 0.053014376 4719.294205278 0.272084087 
0.002395077 0.053014376 4719.805758738 0.272116537 
0.002400363 0.053014376 4720.222512925 0.272142985 
0.002405649 0.053014376 4720.545338825 0.272163487 
0.002410935 0.053014376 4720.775256194 0.272178105 
0.002416221 0.053014376 4720.913430249 0.272186914 
0.002421506 0.053014376 4720.961168054 0.272189996 
0.002426792 0.053014376 4720.919914584 0.272187443 
0.002432077 0.053014376 4720.791248494 0.272179354 
0.002437362 0.053014376 4720.576877589 0.272165837 
0.002442647 0.053014376 4720.278634005 0.272147010 
0.002447932 0.053014376 4719.898469128 0.272122994 
0.002453217 0.053014376 4719.438448255 0.272093923 
0.002458501 0.053014376 4718.900745018 0.272059932 
0.002463786 0.053014376 4718.287635597 0.272021168 
0.002469070 0.053014376 4717.601492730 0.271977780 
0.002474354 0.053014376 4716.844779566 0.271929926 
0.002479639 0.053014376 4716.020043353 0.271877767 
0.002484923 0.053014376 4715.129909020 0.271821469 
0.002490206 0.053014376 4714.177072654 0.271761204 
0.002495490 0.053014376 4713.164294908 0.271697148 
0.002500774 0.053014376 4712.094394361 0.271629480 
0.002506058 0.053014376 4710.970240871 0.271558381 
0.002511341 0.053014376 4709.794748916 0.271484036 
0.002516625 0.053014376 4708.570870985 0.271406635 
0.002521908 0.053014376 4707.301591007 0.271326364 
0.002527191 0.053014376 4705.989917872 0.271243417 
0.002532474 0.053014376 4704.638879041 0.271157985 
0.002537758 0.053014376 4703.251514278 0.271070260 
0.002543041 0.053014376 4701.830869518 0.270980437 
0.002548324 0.053014376 4700.379990893 0.270888707 
0.002553607 0.053014376 4698.901918917 0.270795264 
0.002558890 0.053014376 4697.399682861 0.270700301 
0.002564173 0.053014376 4695.876295316 0.270604007 
0.002569456 0.053014376 4694.334746959 0.270506572 
0.002574738 0.053014376 4692.778001528 0.270408185 
0.002580021 0.053014376 4691.208991011 0.270309029 
0.002585304 0.053014376 4689.630611054 0.270209290 
0.002590587 0.053014376 4688.045716590 0.270109146 
0.002595870 0.053014376 4686.457117690 0.270008777 
0.002601153 0.053014376 4684.867575636 0.269908356 
0.002606435 0.053014376 4683.279799211 0.269808055 
0.002611718 0.053014376 4681.696441209 0.269708041 
0.002617001 0.053014376 4680.120095155 0.269608478 
0.002622284 0.053014376 4678.553292234 0.269509525 
0.002627567 0.053014376 4676.998498425 0.269411339 
0.002632849 0.053014376 4675.458111824 0.269314070 
0.002638132 0.053014376 4673.934460169 0.269217866 
0.002643415 0.053014376 4672.429798542 0.269122867 
0.002648698 0.053014376 4670.946307248 0.269029213 
0.002653981 0.053014376 4669.486089869 0.268937034 
0.002659264 0.053014376 4668.051171482 0.268846459 
0.002664547 0.053014376 4666.643497036 0.268757610 
0.002669830 0.053014376 4665.264929879 0.268670603 
0.002675114 0.053014376 4663.917250436 0.268585552 
0.002680397 0.053014376 4662.602155029 0.268502562 
0.002685680 0.053014376 4661.321254834 0.268421735 
0.002690964 0.053014376 4660.076074976 0.268343166 
0.002696247 0.053014376 4658.868053746 0.268266946 
0.002701530 0.053014376 4657.698541959 0.268193159 
0.002706814 0.053014376 4656.568802422 0.268121885 
0.002712098 0.053014376 4655.480009542 0.268053198 
0.002717381 0.053014376 4654.433249040 0.267987164 
0.002722665 0.053014376 4653.429517795 0.267923847 
0.002727949 0.053014376 4652.469723810 0.267863303 
0.002733233 0.053014376 4651.554686287 0.267805584 
0.002738517 0.053014376 4650.685135834 0.267750735 
0.002743801 0.053014376 4649.861714780 0.267698797 
0.002749085 0.053014376 4649.084977617 0.267649803 
0.002754369 0.053014376 4648.355391558 0.267603783 
0.002759653 0.053014376 4647.673337214 0.267560761 
0.002764938 0.053014376 4647.039109391 0.267520755 
0.002770222 0.053014376 4646.452918008 0.267483778 
0.002775507 0.053014376 4645.914889131 0.267449837 
0.002780791 0.053014376 4645.425066124 0.267418935 
0.002786076 0.053014376 4644.983410923 0.267391070 
0.002791361 0.053014376 4644.589805420 0.267366234 
0.002796646 0.053014376 4644.244052962 0.267344413 
0.002801931 0.053014376 4643.945879966 0.267325592 
0.002807216 0.053014376 4643.694937641 0.267309747 
0.002812501 0.053014376 4643.490803812 0.267296852 
0.002817786 0.053014376 4643.332984858 0.267286876 
0.002823072 0.053014376 4643.220917742 0.267279784 
0.002828357 0.053014376 4643.153972134 0.267275535 
0.002833642 0.053014376 4643.131452633 0.267274086 
0.002838928 0.053014376 4643.152601068 0.267275389 
0.002844213 0.053014376 4643.216598881 0.267279393 
0.002849499 0.053014376 4643.322569585 0.267286042 
0.002854785 0.053014376 4643.469581289 0.267295278 
0.002860071 0.053014376 4643.656649286 0.267307038 
0.002865357 0.053014376 4643.882738697 0.267321259 
0.002870643 0.053014376 4644.146767162 0.267337871 
0.002875929 0.053014376 4644.447607571 0.267356804 
0.002881215 0.053014376 4644.784090840 0.267377984 
0.002886501 0.053014376 4645.155008695 0.267401335 
0.002891787 0.053014376 4645.559116503 0.267426780 
0.002897073 0.053014376 4645.995136092 0.267454237 
0.002902360 0.053014376 4646.461758593 0.267483624 
0.002907646 0.053014376 4646.957647282 0.267514858 
0.002912932 0.053014376 4647.481440405 0.267547853 
0.002918219 0.053014376 4648.031754006 0.267582521 
0.002923505 0.053014376 4648.607184723 0.267618774 
0.002928792 0.053014376 4649.206312567 0.267656523 
0.002934078 0.053014376 4649.827703673 0.267695678 
0.002939365 0.053014376 4650.469913006 0.267736148 
0.002944652 0.053014376 4651.131487041 0.267777842 
0.002949938 0.053014376 4651.810966389 0.267820667 
0.002955225 0.053014376 4652.506888378 0.267864531 
0.002960512 0.053014376 4653.217789581 0.267909342 
0.002965799 0.053014376 4653.942208293 0.267955009 
0.002971085 0.053014376 4654.678686940 0.268001440 
0.002976372 0.053014376 4655.425774438 0.268048542 
0.002981659 0.053014376 4656.182028478 0.268096226 
0.002986946 0.053014376 4656.946017754 0.268144400 
0.002992233 0.053014376 4657.716324117 0.268192976 
0.002997520 0.053014376 4658.491544664 0.268241866 
0.003002806 0.053014376 4659.270293751 0.268290981 
0.003008093 0.053014376 4660.051204945 0.268340236 
0.003013380 0.053014376 4660.832932890 0.268389546 
0.003018667 0.053014376 4661.614155114 0.268438827 
0.003023954 0.053014376 4662.393573751 0.268487997 
0.003029241 0.053014376 4663.169917198 0.268536977 
0.003034528 0.053014376 4663.941941694 0.268585687 
0.003039815 0.053014376 4664.708432824 0.268634052 
0.003045101 0.053014376 4665.468206953 0.268681995 
0.003050388 0.053014376 4666.220112583 0.268729445 
0.003055675 0.053014376 4666.963031639 0.268776331 
0.003060962 0.053014376 4667.695880676 0.268822585 
0.003066249 0.053014376 4668.417612022 0.268868139 
0.003071535 0.053014376 4669.127214838 0.268912931 
0.003076822 0.053014376 4669.823716109 0.268956899 
0.003082109 0.053014376 4670.506181563 0.268999983 
0.003087396 0.053014376 4671.173716517 0.269042127 
0.003092682 0.053014376 4671.825466647 0.269083277 
0.003097969 0.053014376 4672.460618692 0.269123381 
0.003103255 0.053014376 4673.078401077 0.269162391 
0.003108542 0.053014376 4673.678084470 0.269200261 
0.003113829 0.053014376 4674.258982266 0.269236946 
0.003119115 0.053014376 4674.820450997 0.269272406 
0.003124402 0.053014376 4675.361890671 0.269306604 
0.003129688 0.053014376 4675.882745038 0.269339503 
0.003134974 0.053014376 4676.382501791 0.269371071 
0.003140261 0.053014376 4676.860692681 0.269401279 
0.003145547 0.053014376 4677.316893581 0.269430100 
0.003150833 0.053014376 4677.750724459 0.269457509 
0.003156120 0.053014376 4678.161849298 0.269483486 
0.003161406 0.053014376 4678.549975935 0.269508010 
0.003166692 0.053014376 4678.914855834 0.269531068 
0.003171978 0.053014376 4679.256283796 0.269552645 
0.003177264 0.053014376 4679.574097593 0.269572732 
0.003182550 0.053014376 4679.868177541 0.269591320 
0.003187836 0.053014376 4680.138446008 0.269608404 
0.003193122 0.053014376 4680.384866853 0.269623983 
0.003198408 0.053014376 4680.607444811 0.269638056 
0.003203694 0.053014376 4680.806224808 0.269650627 
0.003208980 0.053014376 4680.981291219 0.269661699 
0.003214266 0.053014376 4681.132767076 0.269671282 
0.003219552 0.053014376 4681.260813209 0.269679385 
0.003224837 0.053014376 4681.365627339 0.269686020 
0.003230123 0.053014376 4681.447443122 0.269691203 
0.003235409 0.053014376 4681.506529142 0.269694950 
0.003240694 0.053014376 4681.543187855 0.269697281 
0.003245980 0.053014376 4681.557754491 0.269698215 
0.003251265 0.053014376 4681.550595918 0.269697778 
0.003256551 0.053014376 4681.522109466 0.269695993 
0.003261836 0.053014376 4681.472721708 0.269692887 
0.003267122 0.053014376 4681.402887226 0.269688490 
0.003272407 0.053014376 4681.313087326 0.269682832 
0.003277692 0.053014376 4681.203828743 0.269675944 
0.003282978 0.053014376 4681.075642317 0.269667861 
0.003288263 0.053014376 4680.929081644 0.269658616 
0.003293548 0.053014376 4680.764721718 0.269648248 
0.003298833 0.053014376 4680.583157556 0.269636792 
0.003304119 0.053014376 4680.385002806 0.269624288 
0.003309404 0.053014376 4680.170888354 0.269610777 
0.003314689 0.053014376 4679.941460922 0.269596297 
0.003319974 0.053014376 4679.697381669 0.269580893 
0.003325259 0.053014376 4679.439324782 0.269564605 
0.003330544 0.053014376 4679.167976083 0.269547478 
0.003335829 0.053014376 4678.884031629 0.269529555 
0.003341114 0.053014376 4678.588196336 0.269510881 
0.003346399 0.053014376 4678.281182598 0.269491501 
0.003351684 0.053014376 4677.963708928 0.269471460 
0.003356969 0.053014376 4677.636498617 0.269450805 
0.003362254 0.053014376 4677.300278405 0.269429580 
0.003367539 0.053014376 4676.955777176 0.269407833 
0.003372824 0.053014376 4676.603724672 0.269385609 
0.003378109 0.053014376 4676.244850233 0.269362954 
0.003383394 0.053014376 4675.879881565 0.269339914 
0.003388679 0.053014376 4675.509543526 0.269316535 
0.003393964 0.053014376 4675.134556953 0.269292863 
0.003399249 0.053014376 4674.755637512 0.269268943 
0.003404533 0.053014376 4674.373494578 0.269244819 
0.003409818 0.053014376 4673.988830153 0.269220536 
0.003415103 0.053014376 4673.602337812 0.269196138 
0.003420388 0.053014376 4673.214701691 0.269171668 
0.003425673 0.053014376 4672.826595504 0.269147168 
0.003430958 0.053014376 4672.438681599 0.269122681 
0.003436243 0.053014376 4672.051610051 0.269098247 
0.003441527 0.053014376 4671.666017793 0.269073906 
0.003446812 0.053014376 4671.282527789 0.269049699 
0.003452097 0.053014376 4670.901748238 0.269025662 
0.003457382 0.053014376 4670.524271823 0.269001834 
0.003462667 0.053014376 4670.150675002 0.268978251 
0.003467952 0.053014376 4669.781517332 0.268954949 
0.003473237 0.053014376 4669.417340841 0.268931961 
0.003478522 0.053014376 4669.058669435 0.268909321 
0.003483807 0.053014376 4668.706008347 0.268887060 
0.003489091 0.053014376 4668.359843631 0.268865209 
0.003494376 0.053014376 4668.020641690 0.268843798 
0.003499661 0.053014376 4667.688848848 0.268822855 
0.003504946 0.053014376 4667.364890968 0.268802406 
0.003510231 0.053014376 4667.049173100 0.268782477 
0.003515516 0.053014376 4666.742079178 0.268763093 
0.003520801 0.053014376 4666.443971755 0.268744275 
0.003526086 0.053014376 4666.155191777 0.268726047 
0.003531371 0.053014376 4665.876058395 0.268708427 
0.003536656 0.053014376 4665.606868824 0.268691435 
0.003541942 0.053014376 4665.347898228 0.268675087 
0.003547227 0.053014376 4665.099399659 0.268659401 
0.003552512 0.053014376 4664.861604022 0.268644390 
0.003557797 0.053014376 4664.634720080 0.268630067 
0.003563082 0.053014376 4664.418934500 0.268616445 
0.003568367 0.053014376 4664.214411934 0.268603533 
0.003573652 0.053014376 4664.021295130 0.268591342 
0.003578938 0.053014376 4663.839705084 0.268579877 
0.003584223 0.053014376 4663.669741222 0.268569146 
0.003589508 0.053014376 4663.511481622 0.268559153 
0.003594793 0.053014376 4663.364983255 0.268549903 
0.003600079 0.053014376 4663.230282273 0.268541397 
0.003605364 0.053014376 4663.107394314 0.268533636 
0.003610649 0.053014376 4662.996314845 0.268526620 
0.003615935 0.053014376 4662.897019526 0.268520348 
0.003621220 0.053014376 4662.809464614 0.268514817 
0.003626505 0.053014376 4662.733587372 0.268510022 
0.003631791 0.053014376 4662.669306525 0.268505959 
0.003637076 0.053014376 4662.616522725 0.268502621 
0.003642362 0.053014376 4662.575119043 0.268500001 
0.003647647 0.053014376 4662.544961483 0.268498091 
0.003652933 0.053014376 4662.525899516 0.268496881 
0.003658218 0.053014376 4662.517766627 0.268496361 
0.003663504 0.053014376 4662.520380892 0.268496519 
0.003668789 0.053014376 4662.533545553 0.268497342 
0.003674075 0.053014376 4662.557049626 0.268498818 
0.003679360 0.053014376 4662.590668508 0.268500932 
0.003684646 0.053014376 4662.634164604 0.268503669 
0.003689931 0.053014376 4662.687287964 0.268507014 
0.003695217 0.053014376 4662.749776923 0.268510950 
0.003700503 0.053014376 4662.821358759 0.268515460 
0.003705788 0.053014376 4662.901750351 0.268520526 
0.003711074 0.053014376 4662.990658843 0.268526129 
0.003716360 0.053014376 4663.087782311 0.268532251 
0.003721645 0.053014376 4663.192810443 0.268538872 
0.003726931 0.053014376 4663.305425204 0.268545972 
0.003732217 0.053014376 4663.425301515 0.268553530 
0.003737503 0.053014376 4663.552107928 0.268561525 
0.003742788 0.053014376 4663.685507295 0.268569937 
0.003748074 0.053014376 4663.825157439 0.268578744 
0.003753360 0.053014376 4663.970711819 0.268587923 
0.003758646 0.053014376 4664.121820188 0.268597453 
0.003763932 0.053014376 4664.278129252 0.268607311 
0.003769217 0.053014376 4664.439283313 0.268617476 
0.003774503 0.053014376 4664.604924910 0.268627924 
0.003779789 0.053014376 4664.774695447 0.268638633 
0.003785075 0.053014376 4664.948235819 0.268649580 
0.003790361 0.053014376 4665.125187015 0.268660743 
0.003795646 0.053014376 4665.305190723 0.268672098 
0.003800932 0.053014376 4665.487889914 0.268683624 
0.003806218 0.053014376 4665.672929413 0.268695298 
0.003811504 0.053014376 4665.859956464 0.268707098 
0.003816790 0.053014376 4666.048621275 0.268719002 
0.003822076 0.053014376 4666.238577546 0.268730987 
0.003827362 0.053014376 4666.429482988 0.268743033 
0.003832647 0.053014376 4666.620999823 0.268755118 
0.003837933 0.053014376 4666.812795265 0.268767220 
0.003843219 0.053014376 4667.004541989 0.268779320 
0.003848505 0.053014376 4667.195918581 0.268791397 
0.003853791 0.053014376 4667.386609966 0.268803431 
0.003859077 0.053014376 4667.576307825 0.268815403 
0.003864363 0.053014376 4667.764710988 0.268827293 
0.003869648 0.053014376 4667.951525813 0.268839084 
0.003874934 0.053014376 4668.136466538 0.268850756 
0.003880220 0.053014376 4668.319255624 0.268862293 
0.003885506 0.053014376 4668.499624072 0.268873678 
0.003890792 0.053014376 4668.677311722 0.268884893 
0.003896078 0.053014376 4668.852067529 0.268895924 
0.003901363 0.053014376 4669.023649827 0.268906755 
0.003906649 0.053014376 4669.191826565 0.268917372 
0.003911935 0.053014376 4669.356375528 0.268927759 
0.003917221 0.053014376 4669.517084532 0.268937905 
0.003922507 0.053014376 4669.673751609 0.268947795 
0.003927793 0.053014376 4669.826185160 0.268957419 
0.003933078 0.053014376 4669.974204099 0.268966764 
0.003938364 0.053014376 4670.117637965 0.268975820 
0.003943650 0.053014376 4670.256327030 0.268984577 
0.003948936 0.053014376 4670.390122373 0.268993025 
0.003954221 0.053014376 4670.518885939 0.269001155 
0.003959507 0.053014376 4670.642490587 0.269008960 
0.003964793 0.053014376 4670.760820102 0.269016433 
0.003970079 0.053014376 4670.873769208 0.269023565 
0.003975364 0.053014376 4670.981243547 0.269030353 
0.003980650 0.053014376 4671.083159648 0.269036789 
0.003985936 0.053014376 4671.179444875 0.269042871 
0.003991221 0.053014376 4671.270037359 0.269048593 
0.003996507 0.053014376 4671.354885915 0.269053952 
0.004001793 0.053014376 4671.433949937 0.269058947 
0.004007078 0.053014376 4671.507199282 0.269063574 
0.004012364 0.053014376 4671.574614134 0.269067833 
0.004017650 0.053014376 4671.636184860 0.269071724 
0.004022935 0.053014376 4671.691911841 0.269075245 
0.004028221 0.053014376 4671.741805299 0.269078399 
0.004033507 0.053014376 4671.785885105 0.269081185 
0.004038792 0.053014376 4671.824180572 0.269083606 
0.004044078 0.053014376 4671.856730240 0.269085665 
0.004049363 0.053014376 4671.883581652 0.269087363 
0.004054649 0.053014376 4671.904791107 0.269088706 
0.004059934 0.053014376 4671.920423413 0.269089696 
0.004065220 0.053014376 4671.930551626 0.269090339 
0.004070506 0.053014376 4671.935256784 0.269090640 
0.004075791 0.053014376 4671.934627620 0.269090604 
0.004081077 0.053014376 4671.928760284 0.269090237 
0.004086362 0.053014376 4671.917758041 0.269089546 
0.004091648 0.053014376 4671.901730977 0.269088538 
0.004096933 0.053014376 4671.880795684 0.269087219 
0.004102219 0.053014376 4671.855074953 0.269085599 
0.004107504 0.053014376 4671.824697454 0.269083685 
0.004112790 0.053014376 4671.789797411 0.269081485 
0.004118075 0.053014376 4671.750514282 0.269079008 
0.004123360 0.053014376 4671.706992422 0.269076264 
0.004128646 0.053014376 4671.659380758 0.269073261 
0.004133931 0.053014376 4671.607832455 0.269070010 
0.004139217 0.053014376 4671.552504577 0.269066520 
0.004144502 0.053014376 4671.493557756 0.269062802 
0.004149788 0.053014376 4671.431155858 0.269058865 
0.004155073 0.053014376 4671.365465642 0.269054721 
0.004160358 0.053014376 4671.296656435 0.269050380 
0.004165644 0.053014376 4671.224899794 0.269045852 
0.004170929 0.053014376 4671.150369178 0.269041150 
0.004176215 0.053014376 4671.073239625 0.269036283 
0.004181500 0.053014376 4670.993687422 0.269031263 
0.004186785 0.053014376 4670.911889789 0.269026102 
0.004192071 0.053014376 4670.828024564 0.269020810 
0.004197356 0.053014376 4670.742269889 0.269015398 
0.004202642 0.053014376 4670.654803909 0.269009879 
0.004207927 0.053014376 4670.565804464 0.269004262 
0.004213212 0.053014376 4670.475448803 0.268998560 
0.004218498 0.053014376 4670.383913290 0.268992784 
0.004223783 0.053014376 4670.291373126 0.268986944 
0.004229068 0.053014376 4670.198002071 0.268981051 
0.004234354 0.053014376 4670.103972180 0.268975116 
0.004239639 0.053014376 4670.009453544 0.268969151 
0.004244925 0.053014376 4669.914614035 0.268963166 
0.004250210 0.053014376 4669.819619068 0.268957170 
0.004255495 0.053014376 4669.724631360 0.268951175 
0.004260781 0.053014376 4669.629810712 0.268945190 
0.004266066 0.053014376 4669.535313785 0.268939226 
0.004271351 0.053014376 4669.441293896 0.268933292 
0.004276637 0.053014376 4669.347900819 0.268927397 
0.004281922 0.053014376 4669.255280595 0.268921551 
0.004287207 0.053014376 4669.163575354 0.268915763 
0.004292493 0.053014376 4669.072923148 0.268910041 
0.004297778 0.053014376 4668.983457785 0.268904394 
0.004303064 0.053014376 4668.895308685 0.268898830 
0.004308349 0.053014376 4668.808600741 0.268893356 
0.004313634 0.053014376 4668.723454184 0.268887982 
0.004318920 0.053014376 4668.639984469 0.268882713 
0.004324205 0.053014376 4668.558302167 0.268877557 
0.004329491 0.053014376 4668.478512859 0.268872520 
0.004334776 0.053014376 4668.400717055 0.268867609 
0.004340061 0.053014376 4668.325010112 0.268862830 
0.004345347 0.053014376 4668.251482165 0.268858188 
0.004350632 0.053014376 4668.180218071 0.268853689 
0.004355918 0.053014376 4668.111297357 0.268849338 
0.004361203 0.053014376 4668.044794185 0.268845139 
0.004366488 0.053014376 4667.980777321 0.268841098 
0.004371774 0.053014376 4667.919310115 0.268837217 
0.004377059 0.053014376 4667.860450493 0.268833501 
0.004382345 0.053014376 4667.804250955 0.268829953 
0.004387630 0.053014376 4667.750758586 0.268826575 
0.004392915 0.053014376 4667.700015069 0.268823371 
0.004398201 0.053014376 4667.652056717 0.268820343 
0.004403486 0.053014376 4667.606914503 0.268817492 
0.004408772 0.053014376 4667.564614107 0.268814821 
0.004414057 0.053014376 4667.525175965 0.268812330 
0.004419343 0.053014376 4667.488615329 0.268810021 
0.004424628 0.053014376 4667.454942335 0.268807894 
0.004429914 0.053014376 4667.424162079 0.268805950 
0.004435199 0.053014376 4667.396274692 0.268804188 
0.004440485 0.053014376 4667.371275438 0.268802608 
0.004445770 0.053014376 4667.349154802 0.268801210 
0.004451056 0.053014376 4667.329898593 0.268799993 
0.004456341 0.053014376 4667.313488055 0.268798956 
0.004461627 0.053014376 4667.299899975 0.268798096 
0.004466912 0.053014376 4667.289106809 0.268797413 
0.004472198 0.053014376 4667.281076797 0.268796905 
0.004477483 0.053014376 4667.275774099 0.268796568 
0.004482769 0.053014376 4667.273158927 0.268796402 
0.004488054 0.053014376 4667.273187680 0.268796402 
0.004493340 0.053014376 4667.275813087 0.268796566 
0.004498625 0.053014376 4667.280984355 0.268796890 
0.004503911 0.053014376 4667.288647313 0.268797372 
0.004509196 0.053014376 4667.298744566 0.268798008 
0.004514482 0.053014376 4667.311215651 0.268798793 
0.004519767 0.053014376 4667.325997189 0.268799724 
0.004525053 0.053014376 4667.343023049 0.268800797 
0.004530339 0.053014376 4667.362224504 0.268802007 
0.004535624 0.053014376 4667.383530397 0.268803351 
0.004540910 0.053014376 4667.406867301 0.268804822 
0.004546195 0.053014376 4667.432159684 0.268806417 
0.004551481 0.053014376 4667.459330075 0.268808130 
0.004556766 0.053014376 4667.488299227 0.268809957 
0.004562052 0.053014376 4667.518986285 0.268811892 
0.004567338 0.053014376 4667.551308945 0.268813931 
0.004572623 0.053014376 4667.585183626 0.268816068 
0.004577909 0.053014376 4667.620525624 0.268818297 
0.004583194 0.053014376 4667.657249285 0.268820613 
0.004588480 0.053014376 4667.695268158 0.268823012 
0.004593766 0.053014376 4667.734495156 0.268825487 
0.004599051 0.053014376 4667.774842715 0.268828032 
0.004604337 0.053014376 4667.816222953 0.268830643 
0.004609622 0.053014376 4667.858547814 0.268833313 
0.004614908 0.053014376 4667.901729229 0.268836038 
0.004620194 0.053014376 4667.945679259 0.268838811 
0.004625479 0.053014376 4667.990310241 0.268841627 
0.004630765 0.053014376 4668.035534930 0.268844480 
0.004636050 0.053014376 4668.081266641 0.268847366 
0.004641336 0.053014376 4668.127419381 0.268850278 
0.004646622 0.053014376 4668.173907984 0.268853212 
0.004651907 0.053014376 4668.220648236 0.268856161 
0.004657193 0.053014376 4668.267557004 0.268859122 
0.004662478 0.053014376 4668.314552354 0.268862087 
0.004667764 0.053014376 4668.361553665 0.268865054 
0.004673050 0.053014376 4668.408481745 0.268868015 
0.004678335 0.053014376 4668.455258938 0.268870967 
0.004683621 0.053014376 4668.501809226 0.268873905 
0.004688906 0.053014376 4668.548058326 0.268876824 
0.004694192 0.053014376 4668.593933787 0.268879720 
0.004699478 0.053014376 4668.639365080 0.268882587 
0.004704763 0.053014376 4668.684283676 0.268885422 
0.004710049 0.053014376 4668.728623135 0.268888221 
0.004715335 0.053014376 4668.772319170 0.268890979 
0.004720620 0.053014376 4668.815309728 0.268893693 
0.004725906 0.053014376 4668.857535045 0.268896358 
0.004731191 0.053014376 4668.898937710 0.268898972 
0.004736477 0.053014376 4668.939462721 0.268901530 
0.004741763 0.053014376 4668.979057530 0.268904029 
0.004747048 0.053014376 4669.017672095 0.268906467 
0.004752334 0.053014376 4669.055258911 0.268908840 
0.004757619 0.053014376 4669.091773051 0.268911145 
0.004762905 0.053014376 4669.127172194 0.268913380 
0.004768190 0.053014376 4669.161416648 0.268915542 
0.004773476 0.053014376 4669.194469374 0.268917629 
0.004778762 0.053014376 4669.226295997 0.268919638 
0.004784047 0.053014376 4669.256864817 0.268921569 
0.004789333 0.053014376 4669.286146819 0.268923417 
0.004794618 0.053014376 4669.314115668 0.268925184 
0.004799904 0.053014376 4669.340747710 0.268926865 
0.004805190 0.053014376 4669.366021963 0.268928461 
0.004810475 0.053014376 4669.389920103 0.268929970 
0.004815761 0.053014376 4669.412426450 0.268931392 
0.004821046 0.053014376 4669.433527946 0.268932725 
0.004826332 0.053014376 4669.453214131 0.268933968 
0.004831617 0.053014376 4669.471477112 0.268935122 
0.004836903 0.053014376 4669.488311536 0.268936185 
0.004842188 0.053014376 4669.503714547 0.268937158 
0.004847474 0.053014376 4669.517685750 0.268938041 
0.004852760 0.053014376 4669.530227170 0.268938833 
0.004858045 0.053014376 4669.541343199 0.268939536 
0.004863331 0.053014376 4669.551040554 0.268940149 
0.004868616 0.053014376 4669.559328218 0.268940673 
0.004873902 0.053014376 4669.566217389 0.268941109 
0.004879187 0.053014376 4669.571721418 0.268941457 
0.004884473 0.053014376 4669.575855750 0.268941719 
0.004889758 0.053014376 4669.578637862 0.268941895 
0.004895044 0.053014376 4669.580087194 0.268941988 
0.004900329 0.053014376 4669.580225086 0.268941997 
0.004905615 0.053014376 4669.579074701 0.268941925 
0.004910900 0.053014376 4669.576660962 0.268941774 
0.004916186 0.053014376 4669.573010471 0.268941544 
0.004921472 0.053014376 4669.568151441 0.268941239 
0.004926757 0.053014376 4669.562113613 0.268940858 
0.004932043 0.053014376 4669.554928184 0.268940406 
0.004937328 0.053014376 4669.546627727 0.268939882 
0.004942614 0.053014376 4669.537246109 0.268939291 
0.004947899 0.053014376 4669.526818415 0.268938634 
0.004953185 0.053014376 4669.515380865 0.268937912 
0.004958470 0.053014376 4669.502970731 0.268937130 
0.004963756 0.053014376 4669.489626260 0.268936288 
0.004969041 0.053014376 4669.475386588 0.268935390 
0.004974327 0.053014376 4669.460291659 0.268934438 
0.004979612 0.053014376 4669.444382147 0.268933434 
0.004984898 0.053014376 4669.427699369 0.268932382 
0.004990183 0.053014376 4669.410285207 0.268931283 
0.004995469 0.053014376 4669.392182028 0.268930141 
0.004999961 0.053014376 4669.376284523 0.268929138 
