Sim: 4
ID: 2
Description: Test run of cold flow MSSE simulation with Ma 0.1 initialisation
Variables: 4
time A mass_flux Ma
0.000003139 0.053014376 2213.857728540 0.142465731 
0.000012276 0.053014376 2393.233250214 0.154946895 
0.000020803 0.053014376 2401.781268056 0.155641392 
0.000029201 0.053014376 2402.223771326 0.155713354 
0.000037545 0.053014376 2402.089994311 0.155719777 
0.000045824 0.053014376 2401.939628966 0.155715361 
0.000054047 0.053014376 2401.815407189 0.155709144 
0.000062243 0.053014376 2401.714351892 0.155703169 
0.000070432 0.053014376 2401.630930864 0.155697884 
0.000078622 0.053014376 2401.560901498 0.155693313 
0.000086812 0.053014376 2401.501208882 0.155689363 
0.000094998 0.053014376 2401.449553385 0.155685925 
0.000103175 0.053014376 2401.403073970 0.155682824 
0.000111338 0.053014376 2401.348657673 0.155679191 
0.000119485 0.053014376 2401.209338830 0.155669896 
0.000127613 0.053014376 2400.646981451 0.155632380 
0.000135719 0.053014376 2398.575721505 0.155494182 
0.000143802 0.053014376 2392.377875278 0.155080609 
0.000151857 0.053014376 2377.207791399 0.154068481 
0.000159881 0.053014376 2346.111553811 0.151995082 
0.000167870 0.053014376 2291.492741250 0.148358224 
0.000175817 0.053014376 2207.665515823 0.142789246 
0.000183719 0.053014376 2093.393351311 0.135222272 
0.000191573 0.053014376 1953.062955313 0.125966918 
0.000199382 0.053014376 1795.801248287 0.115640487 
0.000207153 0.053014376 1633.051302478 0.105000481 
0.000214890 0.053014376 1475.890019912 0.094767093 
0.000222599 0.053014376 1333.154926060 0.085504992 
0.000230281 0.053014376 1210.721627947 0.077582343 
0.000237933 0.053014376 1111.666796094 0.071186176 
0.000245556 0.053014376 1036.824755016 0.066360957 
0.000253145 0.053014376 985.349990777 0.063045723 
0.000260699 0.053014376 955.120188292 0.061099908 
0.000268214 0.053014376 942.985457441 0.060318855 
0.000275685 0.053014376 944.951016251 0.060444920 
0.000283063 0.053014376 956.322996650 0.061176207 
0.000290312 0.053014376 972.148574367 0.062194328 
0.000297452 0.053014376 988.028210139 0.063216316 
0.000304494 0.053014376 1000.473303864 0.064017570 
0.000311443 0.053014376 1007.182367222 0.064449737 
0.000318299 0.053014376 1007.178246612 0.064449732 
0.000325064 0.053014376 1000.711125791 0.064033611 
0.000331742 0.053014376 988.959035007 0.063277290 
0.000338335 0.053014376 973.636220678 0.062291256 
0.000344846 0.053014376 956.617782963 0.061196302 
0.000351280 0.053014376 939.655964310 0.060105219 
0.000357640 0.053014376 924.217744133 0.059112343 
0.000363928 0.053014376 911.432633236 0.058290227 
0.000370150 0.053014376 902.117826590 0.057691311 
0.000376307 0.053014376 896.844688373 0.057352228 
0.000382403 0.053014376 896.016883471 0.057298866 
0.000388442 0.053014376 899.941192771 0.057550929 
0.000394426 0.053014376 908.880726044 0.058125382 
0.000400359 0.053014376 923.086676011 0.059038500 
0.000406244 0.053014376 942.808664516 0.060306552 
0.000412083 0.053014376 968.286758147 0.061945305 
0.000417879 0.053014376 999.730045088 0.063968668 
0.000423635 0.053014376 1037.288115212 0.066386877 
0.000429353 0.053014376 1081.022184619 0.069204650 
0.000435035 0.053014376 1130.881881374 0.072419697 
0.000440684 0.053014376 1186.691967088 0.076021857 
0.000446302 0.053014376 1248.150889998 0.079992979 
0.000451890 0.053014376 1314.840722407 0.084307524 
0.000457450 0.053014376 1386.246485468 0.088933761 
0.000462984 0.053014376 1461.785322077 0.093835589 
0.000468495 0.053014376 1540.852682150 0.098975471 
0.000473986 0.053014376 1622.831299015 0.104314961 
0.000479461 0.053014376 1707.104689899 0.109815522 
0.000484921 0.053014376 1793.074730821 0.115439622 
0.000490368 0.053014376 1880.175526347 0.121151600 
0.000495804 0.053014376 1967.883357382 0.126918290 
0.000501229 0.053014376 2055.722867851 0.132709415 
0.000506645 0.053014376 2143.269943278 0.138497774 
0.000512052 0.053014376 2230.151892967 0.144259264 
0.000517450 0.053014376 2316.045594949 0.149972776 
0.000522841 0.053014376 2400.674243309 0.155620003 
0.000528224 0.053014376 2483.803253768 0.161185195 
0.000533600 0.053014376 2565.235774364 0.166654891 
0.000538969 0.053014376 2644.808158463 0.172017644 
0.000544331 0.053014376 2722.385651911 0.177263763 
0.000549687 0.053014376 2797.858445863 0.182385078 
0.000555038 0.053014376 2871.138176391 0.187374726 
0.000560382 0.053014376 2942.154902892 0.192226973 
0.000565722 0.053014376 3010.854557484 0.196937068 
0.000571057 0.053014376 3077.196846113 0.201501117 
0.000576388 0.053014376 3141.153583121 0.205915991 
0.000581715 0.053014376 3202.707423166 0.210179259 
0.000587039 0.053014376 3261.850940041 0.214289143 
0.000592360 0.053014376 3318.585997173 0.218244488 
0.000597678 0.053014376 3372.923345624 0.222044754 
0.000602993 0.053014376 3424.882375818 0.225690015 
0.000608307 0.053014376 3474.490946477 0.229180955 
0.000613619 0.053014376 3521.785216119 0.232518878 
0.000618929 0.053014376 3566.809409159 0.235705699 
0.000624237 0.053014376 3609.615461199 0.238743930 
0.000629544 0.053014376 3650.262501746 0.241636658 
0.000634850 0.053014376 3688.816150075 0.244387494 
0.000640154 0.053014376 3725.347623778 0.247000525 
0.000645456 0.053014376 3759.932678309 0.249480235 
0.000650757 0.053014376 3792.650409365 0.251831427 
0.000656057 0.053014376 3823.581961983 0.254059127 
0.000661354 0.053014376 3852.809197717 0.256168489 
0.000666650 0.053014376 3880.413372803 0.258164697 
0.000671944 0.053014376 3906.473876648 0.260052869 
0.000677236 0.053014376 3931.067072301 0.261837970 
0.000682525 0.053014376 3954.265270018 0.263524731 
0.000687812 0.053014376 3976.135852934 0.265117580 
0.000693096 0.053014376 3996.740561749 0.266620586 
0.000698377 0.053014376 4016.134935020 0.268037407 
0.000703655 0.053014376 4034.367893347 0.269371263 
0.000708930 0.053014376 4051.481449529 0.270624899 
0.000714201 0.053014376 4067.510524304 0.271800574 
0.000719469 0.053014376 4082.482848000 0.272900048 
0.000724733 0.053014376 4096.418931303 0.273924572 
0.000729993 0.053014376 4109.332093290 0.274874891 
0.000735249 0.053014376 4121.228539956 0.275751244 
0.000740501 0.053014376 4132.107490449 0.276553373 
0.000745749 0.053014376 4141.961354366 0.277280530 
0.000750993 0.053014376 4150.775968536 0.277931501 
0.000756233 0.053014376 4158.530902760 0.278504618 
0.000761470 0.053014376 4165.199844054 0.278997796 
0.000766703 0.053014376 4170.751068743 0.279408563 
0.000771932 0.053014376 4175.148009465 0.279734106 
0.000777158 0.053014376 4178.349921065 0.279971322 
0.000782381 0.053014376 4180.312645415 0.280116875 
0.000787601 0.053014376 4180.989470990 0.280167265 
0.000792817 0.053014376 4180.332078867 0.280118900 
0.000798032 0.053014376 4178.291562905 0.279968176 
0.000803243 0.053014376 4174.819508489 0.279711561 
0.000808453 0.053014376 4169.869111466 0.279345680 
0.000813660 0.053014376 4163.396316896 0.278867403 
0.000818865 0.053014376 4155.360955975 0.278273936 
0.000824069 0.053014376 4145.727858871 0.277562897 
0.000829270 0.053014376 4134.467921318 0.276732406 
0.000834471 0.053014376 4121.559103385 0.275781149 
0.000839670 0.053014376 4106.987340028 0.274708452 
0.000844868 0.053014376 4090.747344323 0.273514331 
0.000850065 0.053014376 4072.843286259 0.272199540 
0.000855261 0.053014376 4053.289331950 0.270765601 
0.000860456 0.053014376 4032.110030523 0.269214832 
0.000865651 0.053014376 4009.340538526 0.267550344 
0.000870845 0.053014376 3985.026674610 0.265776042 
0.000876039 0.053014376 3959.224800318 0.263896600 
0.000881233 0.053014376 3932.001526225 0.261917429 
0.000886426 0.053014376 3903.433246258 0.259844632 
0.000891619 0.053014376 3873.605506757 0.257684941 
0.000896812 0.053014376 3842.612220682 0.255445653 
0.000902005 0.053014376 3810.554741146 0.253134549 
0.000907199 0.053014376 3777.540812070 0.250759808 
0.000912392 0.053014376 3743.683417125 0.248329917 
0.000917585 0.053014376 3709.099550937 0.245853575 
0.000922779 0.053014376 3673.908938711 0.243339599 
0.000927973 0.053014376 3638.232731887 0.240796822 
0.000933167 0.053014376 3602.192208014 0.238234006 
0.000938362 0.053014376 3565.907502702 0.235659749 
0.000943557 0.053014376 3529.496400197 0.233082403 
0.000948753 0.053014376 3493.073206982 0.230509997 
0.000953949 0.053014376 3456.747729754 0.227950173 
0.000959146 0.053014376 3420.624375515 0.225410128 
0.000964343 0.053014376 3384.801387302 0.222896567 
0.000969541 0.053014376 3349.370224665 0.220415670 
0.000974739 0.053014376 3314.415093403 0.217973064 
0.000979938 0.053014376 3280.012624701 0.215573812 
0.000985138 0.053014376 3246.231699665 0.213222407 
0.000990339 0.053014376 3213.133411635 0.210922778 
0.000995541 0.053014376 3180.771155644 0.208678303 
0.001000744 0.053014376 3149.190832015 0.206491832 
0.001005948 0.053014376 3118.431149478 0.204365709 
0.001011152 0.053014376 3088.524012237 0.202301808 
0.001016358 0.053014376 3059.494975133 0.200301570 
0.001021566 0.053014376 3031.363751343 0.198366037 
0.001026774 0.053014376 3004.144757771 0.196495897 
0.001031984 0.053014376 2977.847684426 0.194691525 
0.001037196 0.053014376 2952.478075369 0.192953021 
0.001042409 0.053014376 2928.037910298 0.191280256 
0.001047624 0.053014376 2904.526177279 0.189672911 
0.001052841 0.053014376 2881.939428592 0.188130512 
0.001058059 0.053014376 2860.272312932 0.186652473 
0.001063280 0.053014376 2839.518078374 0.185238124 
0.001068502 0.053014376 2819.669041541 0.183886745 
0.001073726 0.053014376 2800.717019163 0.182597597 
0.001078953 0.053014376 2782.653718717 0.181369946 
0.001084182 0.053014376 2765.471085471 0.180203086 
0.001089413 0.053014376 2749.161604352 0.179096358 
0.001094647 0.053014376 2733.718554859 0.178049169 
0.001099882 0.053014376 2719.136217201 0.177061003 
0.001105121 0.053014376 2705.410028665 0.176131433 
0.001110361 0.053014376 2692.536689903 0.175260124 
0.001115605 0.053014376 2680.514221117 0.174446843 
0.001120850 0.053014376 2669.341968689 0.173691449 
0.001126099 0.053014376 2659.020563421 0.172993900 
0.001131349 0.053014376 2649.551832292 0.172354239 
0.001136602 0.053014376 2640.938666410 0.171772589 
0.001141858 0.053014376 2633.184848575 0.171249140 
0.001147116 0.053014376 2626.294844676 0.170784134 
0.001152377 0.053014376 2620.273563870 0.170377850 
0.001157640 0.053014376 2615.126093163 0.170030585 
0.001162906 0.053014376 2610.857412552 0.169742637 
0.001168174 0.053014376 2607.472097359 0.169514281 
0.001173444 0.053014376 2604.974014633 0.169345751 
0.001178716 0.053014376 2603.366020602 0.169237222 
0.001183991 0.053014376 2602.649666080 0.169188785 
0.001189267 0.053014376 2602.824916480 0.169200434 
0.001194546 0.053014376 2603.889892610 0.169272043 
0.001199827 0.053014376 2605.840637850 0.169403353 
0.001205110 0.053014376 2608.670916540 0.169593959 
0.001210394 0.053014376 2612.372047539 0.169843299 
0.001215681 0.053014376 2616.932775980 0.170150640 
0.001220969 0.053014376 2622.339185219 0.170515079 
0.001226259 0.053014376 2628.574649979 0.170935534 
0.001231550 0.053014376 2635.619830681 0.171410746 
0.001236843 0.053014376 2643.452708019 0.171939278 
0.001242137 0.053014376 2652.048655937 0.172519522 
0.001247432 0.053014376 2661.380550447 0.173149704 
0.001252729 0.053014376 2671.418911027 0.173827894 
0.001258027 0.053014376 2682.132070865 0.174552016 
0.001263326 0.053014376 2693.486371796 0.175319857 
0.001268625 0.053014376 2705.446379561 0.176129087 
0.001273926 0.053014376 2717.975114898 0.176977269 
0.001279228 0.053014376 2731.034295957 0.177861877 
0.001284530 0.053014376 2744.584587686 0.178780310 
0.001289833 0.053014376 2758.585854013 0.179729909 
0.001295137 0.053014376 2772.997408945 0.180707974 
0.001300442 0.053014376 2787.778263041 0.181711780 
0.001305747 0.053014376 2802.887362104 0.182738591 
0.001311052 0.053014376 2818.283815340 0.183785677 
0.001316358 0.053014376 2833.927110646 0.184850327 
0.001321664 0.053014376 2849.777315100 0.185929863 
0.001326970 0.053014376 2865.795259130 0.187021651 
0.001332277 0.053014376 2881.942703218 0.188123115 
0.001337584 0.053014376 2898.182486344 0.189231742 
0.001342891 0.053014376 2914.478655697 0.190345098 
0.001348199 0.053014376 2930.796577486 0.191460828 
0.001353506 0.053014376 2947.103028920 0.192576669 
0.001358814 0.053014376 2963.366271696 0.193690450 
0.001364121 0.053014376 2979.556107491 0.194800101 
0.001369428 0.053014376 2995.643916171 0.195903652 
0.001374736 0.053014376 3011.602677540 0.196999236 
0.001380043 0.053014376 3027.406977618 0.198085093 
0.001385350 0.053014376 3043.033000513 0.199159564 
0.001390658 0.053014376 3058.458507039 0.200221095 
0.001395965 0.053014376 3073.662801325 0.201268233 
0.001401271 0.053014376 3088.626686675 0.202299625 
0.001406578 0.053014376 3103.332412010 0.203314011 
0.001411884 0.053014376 3117.763610220 0.204310226 
0.001417190 0.053014376 3131.905229776 0.205287191 
0.001422496 0.053014376 3145.743460953 0.206243912 
0.001427801 0.053014376 3159.265657990 0.207179469 
0.001433106 0.053014376 3172.460258492 0.208093020 
0.001438410 0.053014376 3185.316701354 0.208983788 
0.001443714 0.053014376 3197.825344413 0.209851058 
0.001449018 0.053014376 3209.977383012 0.210694174 
0.001454321 0.053014376 3221.764770558 0.211512530 
0.001459624 0.053014376 3233.180142102 0.212305569 
0.001464926 0.053014376 3244.216741870 0.213072775 
0.001470227 0.053014376 3254.868355591 0.213813668 
0.001475528 0.053014376 3265.129248343 0.214527805 
0.001480829 0.053014376 3274.994108566 0.215214770 
0.001486129 0.053014376 3284.457998732 0.215874175 
0.001491428 0.053014376 3293.516313088 0.216505656 
0.001496726 0.053014376 3302.164742741 0.217108870 
0.001502024 0.053014376 3310.399248242 0.217683494 
0.001507321 0.053014376 3318.216039717 0.218229224 
0.001512618 0.053014376 3325.611564453 0.218745774 
0.001517914 0.053014376 3332.582501776 0.219232874 
0.001523209 0.053014376 3339.125764910 0.219690275 
0.001528503 0.053014376 3345.238509444 0.220117743 
0.001533797 0.053014376 3350.918147912 0.220515067 
0.001539089 0.053014376 3356.162369955 0.220882054 
0.001544382 0.053014376 3360.969167418 0.221218537 
0.001549673 0.053014376 3365.336863712 0.221524374 
0.001554964 0.053014376 3369.264146710 0.221799447 
0.001560254 0.053014376 3372.750104415 0.222043674 
0.001565543 0.053014376 3375.794262610 0.222257001 
0.001570831 0.053014376 3378.396623702 0.222439412 
0.001576119 0.053014376 3380.557705980 0.222590929 
0.001581406 0.053014376 3382.278582476 0.222711616 
0.001586693 0.053014376 3383.560918654 0.222801579 
0.001591979 0.053014376 3384.407008216 0.222860973 
0.001597264 0.053014376 3384.819806363 0.222890000 
0.001602548 0.053014376 3384.802959848 0.222888912 
0.001607832 0.053014376 3384.360833238 0.222858017 
0.001613115 0.053014376 3383.498530858 0.222797673 
0.001618398 0.053014376 3382.221913975 0.222708296 
0.001623680 0.053014376 3380.537612842 0.222590357 
0.001628961 0.053014376 3378.453033311 0.222444382 
0.001634243 0.053014376 3375.976357787 0.222270956 
0.001639523 0.053014376 3373.116540390 0.222070717 
0.001644803 0.053014376 3369.883296282 0.221844358 
0.001650083 0.053014376 3366.287085174 0.221592627 
0.001655362 0.053014376 3362.339089130 0.221316322 
0.001660640 0.053014376 3358.051184851 0.221016290 
0.001665919 0.053014376 3353.435910702 0.220693427 
0.001671197 0.053014376 3348.506428823 0.220348671 
0.001676474 0.053014376 3343.276482691 0.219983002 
0.001681751 0.053014376 3337.760350615 0.219597436 
0.001687028 0.053014376 3331.972795643 0.219193023 
0.001692305 0.053014376 3325.929012426 0.218770843 
0.001697581 0.053014376 3319.644571620 0.218332003 
0.001702857 0.053014376 3313.135362403 0.217877627 
0.001708133 0.053014376 3306.417533735 0.217408861 
0.001713409 0.053014376 3299.507434960 0.216926861 
0.001718684 0.053014376 3292.421556351 0.216432790 
0.001723959 0.053014376 3285.176470201 0.215927819 
0.001729234 0.053014376 3277.788773012 0.215413117 
0.001734509 0.053014376 3270.275029318 0.214889848 
0.001739784 0.053014376 3262.651717636 0.214359170 
0.001745059 0.053014376 3254.935178978 0.213822228 
0.001750333 0.053014376 3247.141568334 0.213280155 
0.001755608 0.053014376 3239.286809449 0.212734062 
0.001760882 0.053014376 3231.386553174 0.212185042 
0.001766157 0.053014376 3223.456139588 0.211634164 
0.001771431 0.053014376 3215.510564016 0.211082471 
0.001776706 0.053014376 3207.564447115 0.210530977 
0.001781980 0.053014376 3199.632009033 0.209980669 
0.001787254 0.053014376 3191.727047576 0.209432501 
0.001792529 0.053014376 3183.862920272 0.208887395 
0.001797804 0.053014376 3176.052530239 0.208346241 
0.001803078 0.053014376 3168.308315658 0.207809894 
0.001808353 0.053014376 3160.642242621 0.207279177 
0.001813628 0.053014376 3153.065801108 0.206754877 
0.001818903 0.053014376 3145.590003771 0.206237748 
0.001824178 0.053014376 3138.225387226 0.205728508 
0.001829453 0.053014376 3130.982015509 0.205227845 
0.001834728 0.053014376 3123.869485347 0.204736409 
0.001840004 0.053014376 3116.896932889 0.204254823 
0.001845280 0.053014376 3110.073041553 0.203783673 
0.001850555 0.053014376 3103.406050650 0.203323517 
0.001855832 0.053014376 3096.903764448 0.202874881 
0.001861108 0.053014376 3090.573561399 0.202438263 
0.001866384 0.053014376 3084.422403241 0.202014130 
0.001871661 0.053014376 3078.456843734 0.201602921 
0.001876938 0.053014376 3072.683036839 0.201205049 
0.001882216 0.053014376 3067.106744148 0.200820898 
0.001887493 0.053014376 3061.733341466 0.200450826 
0.001892771 0.053014376 3056.567824424 0.200095166 
0.001898049 0.053014376 3051.614813084 0.199754223 
0.001903328 0.053014376 3046.878555513 0.199428279 
0.001908607 0.053014376 3042.362930341 0.199117589 
0.001913886 0.053014376 3038.071448338 0.198822385 
0.001919165 0.053014376 3034.007253091 0.198542872 
0.001924445 0.053014376 3030.173120868 0.198279232 
0.001929725 0.053014376 3026.571459775 0.198031620 
0.001935005 0.053014376 3023.204308353 0.197800168 
0.001940286 0.053014376 3020.073333740 0.197584982 
0.001945567 0.053014376 3017.179829559 0.197386144 
0.001950849 0.053014376 3014.524713690 0.197203708 
0.001956130 0.053014376 3012.108526080 0.197037707 
0.001961413 0.053014376 3009.931426772 0.196888145 
0.001966695 0.053014376 3007.993194287 0.196755000 
0.001971978 0.053014376 3006.293224539 0.196638228 
0.001977261 0.053014376 3004.830530416 0.196537756 
0.001982544 0.053014376 3003.603742173 0.196453486 
0.001987828 0.053014376 3002.611108759 0.196385296 
0.001993112 0.053014376 3001.850500188 0.196333037 
0.001998397 0.053014376 3001.319411053 0.196296535 
0.002003682 0.053014376 3001.014965249 0.196275591 
0.002008967 0.053014376 3000.933921977 0.196269983 
0.002014252 0.053014376 3001.072683042 0.196279463 
0.002019538 0.053014376 3001.427301471 0.196303761 
0.002024824 0.053014376 3001.993491448 0.196342584 
0.002030111 0.053014376 3002.766639515 0.196395615 
0.002035397 0.053014376 3003.741817014 0.196462519 
0.002040684 0.053014376 3004.913793699 0.196542938 
0.002045972 0.053014376 3006.277052424 0.196636496 
0.002051259 0.053014376 3007.825804845 0.196742799 
0.002056547 0.053014376 3009.554008000 0.196861434 
0.002061835 0.053014376 3011.455381685 0.196991973 
0.002067123 0.053014376 3013.523426503 0.197133974 
0.002072412 0.053014376 3015.751442462 0.197286980 
0.002077700 0.053014376 3018.132548012 0.197450521 
0.002082989 0.053014376 3020.659699400 0.197624119 
0.002088278 0.053014376 3023.325710223 0.197807282 
0.002093568 0.053014376 3026.123271063 0.197999512 
0.002098857 0.053014376 3029.044969101 0.198200304 
0.002104147 0.053014376 3032.083307579 0.198409147 
0.002109437 0.053014376 3035.230725039 0.198625523 
0.002114727 0.053014376 3038.479614202 0.198848915 
0.002120017 0.053014376 3041.822340434 0.199078799 
0.002125307 0.053014376 3045.251259674 0.199314653 
0.002130597 0.053014376 3048.758735780 0.199555956 
0.002135888 0.053014376 3052.337157197 0.199802186 
0.002141178 0.053014376 3055.978952903 0.200052825 
0.002146469 0.053014376 3059.676607562 0.200307359 
0.002151760 0.053014376 3063.422675860 0.200565276 
0.002157051 0.053014376 3067.209795979 0.200826071 
0.002162342 0.053014376 3071.030702184 0.201089247 
0.002167633 0.053014376 3074.878236515 0.201354310 
0.002172923 0.053014376 3078.745359578 0.201620778 
0.002178214 0.053014376 3082.625160434 0.201888175 
0.002183506 0.053014376 3086.510865610 0.202156034 
0.002188797 0.053014376 3090.395847241 0.202423899 
0.002194088 0.053014376 3094.273630387 0.202691323 
0.002199379 0.053014376 3098.137899543 0.202957870 
0.002204670 0.053014376 3101.982504401 0.203223116 
0.002209961 0.053014376 3105.801464893 0.203486646 
0.002215252 0.053014376 3109.588975580 0.203748060 
0.002220542 0.053014376 3113.339409424 0.204006967 
0.002225833 0.053014376 3117.047321017 0.204262990 
0.002231124 0.053014376 3120.707449291 0.204515764 
0.002236415 0.053014376 3124.314719804 0.204764937 
0.002241705 0.053014376 3127.864246610 0.205010168 
0.002246996 0.053014376 3131.351333808 0.205251132 
0.002252286 0.053014376 3134.771476787 0.205487515 
0.002257577 0.053014376 3138.120363231 0.205719015 
0.002262867 0.053014376 3141.393873912 0.205945346 
0.002268157 0.053014376 3144.588083331 0.206166233 
0.002273447 0.053014376 3147.699260215 0.206381416 
0.002278737 0.053014376 3150.723867918 0.206590647 
0.002284027 0.053014376 3153.658564740 0.206793691 
0.002289317 0.053014376 3156.500204193 0.206990329 
0.002294606 0.053014376 3159.245835213 0.207180353 
0.002299895 0.053014376 3161.892702343 0.207363569 
0.002305185 0.053014376 3164.438245885 0.207539798 
0.002310474 0.053014376 3166.880102018 0.207708872 
0.002315763 0.053014376 3169.216102882 0.207870639 
0.002321051 0.053014376 3171.444276623 0.208024960 
0.002326340 0.053014376 3173.562847376 0.208171708 
0.002331628 0.053014376 3175.570235191 0.208310772 
0.002336917 0.053014376 3177.465055863 0.208442053 
0.002342205 0.053014376 3179.246120658 0.208565467 
0.002347493 0.053014376 3180.912435924 0.208680942 
0.002352780 0.053014376 3182.463202543 0.208788420 
0.002358068 0.053014376 3183.897815218 0.208887859 
0.002363356 0.053014376 3185.215861566 0.208979226 
0.002368643 0.053014376 3186.417121003 0.209062506 
0.002373930 0.053014376 3187.501563386 0.209137694 
0.002379217 0.053014376 3188.469347400 0.209204801 
0.002384504 0.053014376 3189.320818674 0.209263848 
0.002389790 0.053014376 3190.056507606 0.209314871 
0.002395077 0.053014376 3190.677126876 0.209357919 
0.002400363 0.053014376 3191.183568651 0.209393052 
0.002405649 0.053014376 3191.576901450 0.209420345 
0.002410935 0.053014376 3191.858366690 0.209439882 
0.002416221 0.053014376 3192.029374881 0.209451762 
0.002421506 0.053014376 3192.091501493 0.209456092 
0.002426792 0.053014376 3192.046482473 0.209452993 
0.002432077 0.053014376 3191.896209446 0.209442597 
0.002437362 0.053014376 3191.642724581 0.209425045 
0.002442647 0.053014376 3191.288215149 0.209400489 
0.002447932 0.053014376 3190.835007778 0.209369090 
0.002453217 0.053014376 3190.285562430 0.209331020 
0.002458501 0.053014376 3189.642466103 0.209286459 
0.002463786 0.053014376 3188.908426302 0.209235595 
0.002469070 0.053014376 3188.086264274 0.209178624 
0.002474354 0.053014376 3187.178908051 0.209115750 
0.002479639 0.053014376 3186.189385321 0.209047183 
0.002484923 0.053014376 3185.120816146 0.208973142 
0.002490206 0.053014376 3183.976405569 0.208893848 
0.002495490 0.053014376 3182.759436124 0.208809530 
0.002500774 0.053014376 3181.473260279 0.208720422 
0.002506058 0.053014376 3180.121292854 0.208626761 
0.002511341 0.053014376 3178.707003421 0.208528788 
0.002516625 0.053014376 3177.233908730 0.208426748 
0.002521908 0.053014376 3175.705565173 0.208320889 
0.002527191 0.053014376 3174.125561326 0.208211459 
0.002532474 0.053014376 3172.497510581 0.208098711 
0.002537758 0.053014376 3170.825043892 0.207982896 
0.002543041 0.053014376 3169.111802664 0.207864267 
0.002548324 0.053014376 3167.361431795 0.207743077 
0.002553607 0.053014376 3165.577572886 0.207619580 
0.002558890 0.053014376 3163.763857646 0.207494027 
0.002564173 0.053014376 3161.923901495 0.207366669 
0.002569456 0.053014376 3160.061297378 0.207237755 
0.002574738 0.053014376 3158.179609798 0.207107533 
0.002580021 0.053014376 3156.282369082 0.206976247 
0.002585304 0.053014376 3154.373065879 0.206844140 
0.002590587 0.053014376 3152.455145889 0.206711448 
0.002595870 0.053014376 3150.532004840 0.206578409 
0.002601153 0.053014376 3148.606983696 0.206445252 
0.002606435 0.053014376 3146.683364110 0.206312206 
0.002611718 0.053014376 3144.764364107 0.206179491 
0.002617001 0.053014376 3142.853134006 0.206047328 
0.002622284 0.053014376 3140.952752561 0.205915926 
0.002627567 0.053014376 3139.066223341 0.205785496 
0.002632849 0.053014376 3137.196471311 0.205656237 
0.002638132 0.053014376 3135.346339641 0.205528347 
0.002643415 0.053014376 3133.518586711 0.205402015 
0.002648698 0.053014376 3131.715883324 0.205277427 
0.002653981 0.053014376 3129.940810106 0.205154758 
0.002659264 0.053014376 3128.195855107 0.205034182 
0.002664547 0.053014376 3126.483411569 0.204915863 
0.002669830 0.053014376 3124.805775889 0.204799958 
0.002675114 0.053014376 3123.165145741 0.204686620 
0.002680397 0.053014376 3121.563618379 0.204575991 
0.002685680 0.053014376 3120.003189096 0.204468210 
0.002690964 0.053014376 3118.485749854 0.204363406 
0.002696247 0.053014376 3117.013088066 0.204261702 
0.002701530 0.053014376 3115.586885539 0.204163214 
0.002706814 0.053014376 3114.208717580 0.204068049 
0.002712098 0.053014376 3112.880052244 0.203976308 
0.002717381 0.053014376 3111.602249752 0.203888084 
0.002722665 0.053014376 3110.376562051 0.203803464 
0.002727949 0.053014376 3109.204132542 0.203722525 
0.002733233 0.053014376 3108.085995951 0.203645338 
0.002738517 0.053014376 3107.023078370 0.203571966 
0.002743801 0.053014376 3106.016197445 0.203502465 
0.002749085 0.053014376 3105.066062731 0.203436884 
0.002754369 0.053014376 3104.173276196 0.203375264 
0.002759653 0.053014376 3103.338332899 0.203317637 
0.002764938 0.053014376 3102.561621820 0.203264031 
0.002770222 0.053014376 3101.843426848 0.203214465 
0.002775507 0.053014376 3101.183927938 0.203168950 
0.002780791 0.053014376 3100.583202426 0.203127491 
0.002786076 0.053014376 3100.041226498 0.203090087 
0.002791361 0.053014376 3099.557876822 0.203056729 
0.002796646 0.053014376 3099.132932331 0.203027401 
0.002801931 0.053014376 3098.766076166 0.203002080 
0.002807216 0.053014376 3098.456897758 0.202980740 
0.002812501 0.053014376 3098.204895062 0.202963343 
0.002817786 0.053014376 3098.009476930 0.202949851 
0.002823072 0.053014376 3097.869965621 0.202940216 
0.002828357 0.053014376 3097.785599430 0.202934384 
0.002833642 0.053014376 3097.755535460 0.202932299 
0.002838928 0.053014376 3097.778852486 0.202933897 
0.002844213 0.053014376 3097.854553947 0.202939108 
0.002849499 0.053014376 3097.981571025 0.202947859 
0.002854785 0.053014376 3098.158765822 0.202960072 
0.002860071 0.053014376 3098.384934620 0.202975664 
0.002865357 0.053014376 3098.658811213 0.202994548 
0.002870643 0.053014376 3098.979070303 0.203016632 
0.002875929 0.053014376 3099.344330954 0.203041821 
0.002881215 0.053014376 3099.753160088 0.203070017 
0.002886501 0.053014376 3100.204076023 0.203101117 
0.002891787 0.053014376 3100.695552028 0.203135016 
0.002897073 0.053014376 3101.226019905 0.203171607 
0.002902360 0.053014376 3101.793873574 0.203210779 
0.002907646 0.053014376 3102.397472654 0.203252419 
0.002912932 0.053014376 3103.035146040 0.203296412 
0.002918219 0.053014376 3103.705195459 0.203342640 
0.002923505 0.053014376 3104.405898996 0.203390986 
0.002928792 0.053014376 3105.135514588 0.203441329 
0.002934078 0.053014376 3105.892283481 0.203493548 
0.002939365 0.053014376 3106.674433627 0.203547522 
0.002944652 0.053014376 3107.480183041 0.203603126 
0.002949938 0.053014376 3108.307743083 0.203660239 
0.002955225 0.053014376 3109.155321681 0.203718737 
0.002960512 0.053014376 3110.021126483 0.203778495 
0.002965799 0.053014376 3110.903367936 0.203839392 
0.002971085 0.053014376 3111.800262273 0.203901303 
0.002976372 0.053014376 3112.710034436 0.203964106 
0.002981659 0.053014376 3113.630920898 0.204027680 
0.002986946 0.053014376 3114.561172404 0.204091904 
0.002992233 0.053014376 3115.499056623 0.204156659 
0.002997520 0.053014376 3116.442860699 0.204221826 
0.003002806 0.053014376 3117.390893724 0.204287288 
0.003008093 0.053014376 3118.341489098 0.204352931 
0.003013380 0.053014376 3119.293006812 0.204418642 
0.003018667 0.053014376 3120.243835623 0.204484308 
0.003023954 0.053014376 3121.192395139 0.204549821 
0.003029241 0.053014376 3122.137137806 0.204615075 
0.003034528 0.053014376 3123.076550802 0.204679963 
0.003039815 0.053014376 3124.009157836 0.204744386 
0.003045101 0.053014376 3124.933520845 0.204808242 
0.003050388 0.053014376 3125.848241611 0.204871435 
0.003055675 0.053014376 3126.751963269 0.204933872 
0.003060962 0.053014376 3127.643371731 0.204995461 
0.003066249 0.053014376 3128.521197019 0.205056115 
0.003071535 0.053014376 3129.384214500 0.205115749 
0.003076822 0.053014376 3130.231246035 0.205174282 
0.003082109 0.053014376 3131.061161036 0.205231634 
0.003087396 0.053014376 3131.872877431 0.205287731 
0.003092682 0.053014376 3132.665362546 0.205342502 
0.003097969 0.053014376 3133.437633894 0.205395879 
0.003103255 0.053014376 3134.188759879 0.205447796 
0.003108542 0.053014376 3134.917860405 0.205498193 
0.003113829 0.053014376 3135.624107411 0.205547013 
0.003119115 0.053014376 3136.306725311 0.205594202 
0.003124402 0.053014376 3136.964991348 0.205639709 
0.003129688 0.053014376 3137.598235868 0.205683488 
0.003134974 0.053014376 3138.205842504 0.205725496 
0.003140261 0.053014376 3138.787248281 0.205765695 
0.003145547 0.053014376 3139.341943633 0.205804048 
0.003150833 0.053014376 3139.869472338 0.205840524 
0.003156120 0.053014376 3140.369431373 0.205875095 
0.003161406 0.053014376 3140.841470690 0.205907737 
0.003166692 0.053014376 3141.285292902 0.205938429 
0.003171978 0.053014376 3141.700652899 0.205967154 
0.003177264 0.053014376 3142.087357385 0.205993898 
0.003182550 0.053014376 3142.445264331 0.206018651 
0.003187836 0.053014376 3142.774282363 0.206041408 
0.003193122 0.053014376 3143.074370066 0.206062164 
0.003198408 0.053014376 3143.345535220 0.206080920 
0.003203694 0.053014376 3143.587833968 0.206097681 
0.003208980 0.053014376 3143.801369913 0.206112453 
0.003214266 0.053014376 3143.986293145 0.206125247 
0.003219552 0.053014376 3144.142799211 0.206136075 
0.003224837 0.053014376 3144.271128019 0.206144955 
0.003230123 0.053014376 3144.371562682 0.206151906 
0.003235409 0.053014376 3144.444428310 0.206156951 
0.003240694 0.053014376 3144.490090744 0.206160114 
0.003245980 0.053014376 3144.508955241 0.206161424 
0.003251265 0.053014376 3144.501465112 0.206160912 
0.003256551 0.053014376 3144.468100316 0.206158610 
0.003261836 0.053014376 3144.409376012 0.206154554 
0.003267122 0.053014376 3144.325841071 0.206148783 
0.003272407 0.053014376 3144.218076558 0.206141336 
0.003277692 0.053014376 3144.086694182 0.206132256 
0.003282978 0.053014376 3143.932334717 0.206121586 
0.003288263 0.053014376 3143.755666397 0.206109374 
0.003293548 0.053014376 3143.557383295 0.206095667 
0.003298833 0.053014376 3143.338203685 0.206080516 
0.003304119 0.053014376 3143.098868386 0.206063970 
0.003309404 0.053014376 3142.840139098 0.206046084 
0.003314689 0.053014376 3142.562796737 0.206026911 
0.003319974 0.053014376 3142.267639753 0.206006506 
0.003325259 0.053014376 3141.955482465 0.205984925 
0.003330544 0.053014376 3141.627153384 0.205962227 
0.003335829 0.053014376 3141.283493552 0.205938469 
0.003341114 0.053014376 3140.925354889 0.205913710 
0.003346399 0.053014376 3140.553598544 0.205888010 
0.003351684 0.053014376 3140.169093270 0.205861429 
0.003356969 0.053014376 3139.772713817 0.205834027 
0.003362254 0.053014376 3139.365339333 0.205805866 
0.003367539 0.053014376 3138.947851804 0.205777006 
0.003372824 0.053014376 3138.521134509 0.205747508 
0.003378109 0.053014376 3138.086070498 0.205717434 
0.003383394 0.053014376 3137.643541115 0.205686844 
0.003388679 0.053014376 3137.194424534 0.205655799 
0.003393964 0.053014376 3136.739594338 0.205624360 
0.003399249 0.053014376 3136.279918134 0.205592587 
0.003404533 0.053014376 3135.816256197 0.205560539 
0.003409818 0.053014376 3135.349460155 0.205528274 
0.003415103 0.053014376 3134.880371720 0.205495852 
0.003420388 0.053014376 3134.409821443 0.205463330 
0.003425673 0.053014376 3133.938627528 0.205430763 
0.003430958 0.053014376 3133.467594680 0.205398208 
0.003436243 0.053014376 3132.997512994 0.205365720 
0.003441527 0.053014376 3132.529156896 0.205333352 
0.003446812 0.053014376 3132.063284121 0.205301156 
0.003452097 0.053014376 3131.600634745 0.205269183 
0.003457382 0.053014376 3131.141930261 0.205237484 
0.003462667 0.053014376 3130.687872695 0.205206106 
0.003467952 0.053014376 3130.239143780 0.205175097 
0.003473237 0.053014376 3129.796404176 0.205144503 
0.003478522 0.053014376 3129.360292729 0.205114367 
0.003483807 0.053014376 3128.931425793 0.205084732 
0.003489091 0.053014376 3128.510396594 0.205055640 
0.003494376 0.053014376 3128.097774635 0.205027128 
0.003499661 0.053014376 3127.694105169 0.204999236 
0.003504946 0.053014376 3127.299908705 0.204971999 
0.003510231 0.053014376 3126.915680568 0.204945451 
0.003515516 0.053014376 3126.541890515 0.204919624 
0.003520801 0.053014376 3126.178982387 0.204894550 
0.003526086 0.053014376 3125.827373822 0.204870257 
0.003531371 0.053014376 3125.487456012 0.204846772 
0.003536656 0.053014376 3125.159593503 0.204824120 
0.003541942 0.053014376 3124.844124054 0.204802324 
0.003547227 0.053014376 3124.541358531 0.204781406 
0.003552512 0.053014376 3124.251580860 0.204761386 
0.003557797 0.053014376 3123.975048013 0.204742281 
0.003563082 0.053014376 3123.711990055 0.204724107 
0.003568367 0.053014376 3123.462610218 0.204706878 
0.003573652 0.053014376 3123.227085037 0.204690606 
0.003578938 0.053014376 3123.005564515 0.204675302 
0.003584223 0.053014376 3122.798172339 0.204660973 
0.003589508 0.053014376 3122.605006130 0.204647628 
0.003594793 0.053014376 3122.426137743 0.204635270 
0.003600079 0.053014376 3122.261613594 0.204623903 
0.003605364 0.053014376 3122.111455037 0.204613528 
0.003610649 0.053014376 3121.975658766 0.204604146 
0.003615935 0.053014376 3121.854197262 0.204595754 
0.003621220 0.053014376 3121.747019267 0.204588348 
0.003626505 0.053014376 3121.654050298 0.204581924 
0.003631791 0.053014376 3121.575193181 0.204576474 
0.003637076 0.053014376 3121.510328627 0.204571991 
0.003642362 0.053014376 3121.459315827 0.204568465 
0.003647647 0.053014376 3121.421993079 0.204565884 
0.003652933 0.053014376 3121.398178437 0.204564237 
0.003658218 0.053014376 3121.387670383 0.204563508 
0.003663504 0.053014376 3121.390248524 0.204563683 
0.003668789 0.053014376 3121.405674307 0.204564746 
0.003674075 0.053014376 3121.433691749 0.204566679 
0.003679360 0.053014376 3121.474028193 0.204569462 
0.003684646 0.053014376 3121.526395068 0.204573076 
0.003689931 0.053014376 3121.590488670 0.204577501 
0.003695217 0.053014376 3121.665990953 0.204582713 
0.003700503 0.053014376 3121.752570329 0.204588691 
0.003705788 0.053014376 3121.849882475 0.204595410 
0.003711074 0.053014376 3121.957571152 0.204602846 
0.003716360 0.053014376 3122.075269023 0.204610973 
0.003721645 0.053014376 3122.202598479 0.204619766 
0.003726931 0.053014376 3122.339172469 0.204629198 
0.003732217 0.053014376 3122.484595320 0.204639240 
0.003737503 0.053014376 3122.638463571 0.204649867 
0.003742788 0.053014376 3122.800366793 0.204661048 
0.003748074 0.053014376 3122.969888412 0.204672756 
0.003753360 0.053014376 3123.146606522 0.204684961 
0.003758646 0.053014376 3123.330094697 0.204697634 
0.003763932 0.053014376 3123.519922789 0.204710745 
0.003769217 0.053014376 3123.715657726 0.204724265 
0.003774503 0.053014376 3123.916864289 0.204738162 
0.003779789 0.053014376 3124.123105888 0.204752408 
0.003785075 0.053014376 3124.333945320 0.204766972 
0.003790361 0.053014376 3124.548945512 0.204781823 
0.003795646 0.053014376 3124.767670260 0.204796931 
0.003800932 0.053014376 3124.989684938 0.204812268 
0.003806218 0.053014376 3125.214557203 0.204827802 
0.003811504 0.053014376 3125.441857678 0.204843504 
0.003816790 0.053014376 3125.671160619 0.204859344 
0.003822076 0.053014376 3125.902044561 0.204875294 
0.003827362 0.053014376 3126.134092945 0.204891325 
0.003832647 0.053014376 3126.366894734 0.204907408 
0.003837933 0.053014376 3126.600044992 0.204923516 
0.003843219 0.053014376 3126.833145458 0.204939620 
0.003848505 0.053014376 3127.065805090 0.204955694 
0.003853791 0.053014376 3127.297640589 0.204971712 
0.003859077 0.053014376 3127.528276902 0.204987647 
0.003864363 0.053014376 3127.757347700 0.205003474 
0.003869648 0.053014376 3127.984495831 0.205019168 
0.003874934 0.053014376 3128.209373760 0.205034706 
0.003880220 0.053014376 3128.431643972 0.205050064 
0.003885506 0.053014376 3128.650979357 0.205065220 
0.003890792 0.053014376 3128.867063575 0.205080151 
0.003896078 0.053014376 3129.079591389 0.205094836 
0.003901363 0.053014376 3129.288268979 0.205109256 
0.003906649 0.053014376 3129.492814228 0.205123390 
0.003911935 0.053014376 3129.692956991 0.205137221 
0.003917221 0.053014376 3129.888439325 0.205150729 
0.003922507 0.053014376 3130.079015713 0.205163899 
0.003927793 0.053014376 3130.264453247 0.205176714 
0.003933078 0.053014376 3130.444531798 0.205189159 
0.003938364 0.053014376 3130.619044157 0.205201219 
0.003943650 0.053014376 3130.787796152 0.205212881 
0.003948936 0.053014376 3130.950606744 0.205224133 
0.003954221 0.053014376 3131.107308094 0.205234963 
0.003959507 0.053014376 3131.257745616 0.205245360 
0.003964793 0.053014376 3131.401777996 0.205255315 
0.003970079 0.053014376 3131.539277197 0.205264818 
0.003975364 0.053014376 3131.670128440 0.205273862 
0.003980650 0.053014376 3131.794230158 0.205282440 
0.003985936 0.053014376 3131.911493937 0.205290545 
0.003991221 0.053014376 3132.021844427 0.205298172 
0.003996507 0.053014376 3132.125219242 0.205305317 
0.004001793 0.053014376 3132.221568833 0.205311977 
0.004007078 0.053014376 3132.310856342 0.205318149 
0.004012364 0.053014376 3132.393057445 0.205323832 
0.004017650 0.053014376 3132.468160164 0.205329023 
0.004022935 0.053014376 3132.536164674 0.205333724 
0.004028221 0.053014376 3132.597083085 0.205337936 
0.004033507 0.053014376 3132.650939209 0.205341659 
0.004038792 0.053014376 3132.697768316 0.205344897 
0.004044078 0.053014376 3132.737616866 0.205347653 
0.004049363 0.053014376 3132.770542241 0.205349929 
0.004054649 0.053014376 3132.796612443 0.205351733 
0.004059934 0.053014376 3132.815905802 0.205353067 
0.004065220 0.053014376 3132.828510653 0.205353940 
0.004070506 0.053014376 3132.834525015 0.205354357 
0.004075791 0.053014376 3132.834056249 0.205354326 
0.004081077 0.053014376 3132.827220717 0.205353855 
0.004086362 0.053014376 3132.814143418 0.205352952 
0.004091648 0.053014376 3132.794957632 0.205351628 
0.004096933 0.053014376 3132.769804544 0.205349891 
0.004102219 0.053014376 3132.738832866 0.205347751 
0.004107504 0.053014376 3132.702198452 0.205345221 
0.004112790 0.053014376 3132.660063912 0.205342310 
0.004118075 0.053014376 3132.612598213 0.205339031 
0.004123360 0.053014376 3132.559976284 0.205335395 
0.004128646 0.053014376 3132.502378614 0.205331416 
0.004133931 0.053014376 3132.439990850 0.205327105 
0.004139217 0.053014376 3132.373003393 0.205322477 
0.004144502 0.053014376 3132.301610992 0.205317544 
0.004149788 0.053014376 3132.226012338 0.205312320 
0.004155073 0.053014376 3132.146409660 0.205306820 
0.004160358 0.053014376 3132.063008322 0.205301057 
0.004165644 0.053014376 3131.976016420 0.205295046 
0.004170929 0.053014376 3131.885644385 0.205288801 
0.004176215 0.053014376 3131.792104586 0.205282338 
0.004181500 0.053014376 3131.695610937 0.205275670 
0.004186785 0.053014376 3131.596378514 0.205268813 
0.004192071 0.053014376 3131.494623167 0.205261782 
0.004197356 0.053014376 3131.390561145 0.205254591 
0.004202642 0.053014376 3131.284408727 0.205247256 
0.004207927 0.053014376 3131.176381855 0.205239791 
0.004213212 0.053014376 3131.066695778 0.205232212 
0.004218498 0.053014376 3130.955564702 0.205224533 
0.004223783 0.053014376 3130.843201447 0.205216768 
0.004229068 0.053014376 3130.729817117 0.205208934 
0.004234354 0.053014376 3130.615620771 0.205201042 
0.004239639 0.053014376 3130.500819110 0.205193110 
0.004244925 0.053014376 3130.385616173 0.205185149 
0.004250210 0.053014376 3130.270213037 0.205177175 
0.004255495 0.053014376 3130.154807535 0.205169200 
0.004260781 0.053014376 3130.039593978 0.205161239 
0.004266066 0.053014376 3129.924762893 0.205153304 
0.004271351 0.053014376 3129.810500767 0.205145408 
0.004276637 0.053014376 3129.696989810 0.205137565 
0.004281922 0.053014376 3129.584407718 0.205129785 
0.004287207 0.053014376 3129.472927459 0.205122082 
0.004292493 0.053014376 3129.362717062 0.205114467 
0.004297778 0.053014376 3129.253939426 0.205106950 
0.004303064 0.053014376 3129.146752135 0.205099543 
0.004308349 0.053014376 3129.041307287 0.205092257 
0.004313634 0.053014376 3128.937751334 0.205085102 
0.004318920 0.053014376 3128.836224939 0.205078086 
0.004324205 0.053014376 3128.736862839 0.205071220 
0.004329491 0.053014376 3128.639793727 0.205064513 
0.004334776 0.053014376 3128.545140138 0.205057972 
0.004340061 0.053014376 3128.453018356 0.205051607 
0.004345347 0.053014376 3128.363538326 0.205045424 
0.004350632 0.053014376 3128.276803585 0.205039430 
0.004355918 0.053014376 3128.192911200 0.205033633 
0.004361203 0.053014376 3128.111951717 0.205028039 
0.004366488 0.053014376 3128.034009129 0.205022653 
0.004371774 0.053014376 3127.959160847 0.205017481 
0.004377059 0.053014376 3127.887477691 0.205012527 
0.004382345 0.053014376 3127.819023884 0.205007797 
0.004387630 0.053014376 3127.753857062 0.205003294 
0.004392915 0.053014376 3127.692028296 0.204999022 
0.004398201 0.053014376 3127.633582122 0.204994983 
0.004403486 0.053014376 3127.578556584 0.204991180 
0.004408772 0.053014376 3127.526983280 0.204987616 
0.004414057 0.053014376 3127.478887430 0.204984293 
0.004419343 0.053014376 3127.434287947 0.204981210 
0.004424628 0.053014376 3127.393197512 0.204978371 
0.004429914 0.053014376 3127.355622671 0.204975774 
0.004435199 0.053014376 3127.321563927 0.204973420 
0.004440485 0.053014376 3127.291015853 0.204971309 
0.004445770 0.053014376 3127.263967202 0.204969439 
0.004451056 0.053014376 3127.240401036 0.204967810 
0.004456341 0.053014376 3127.220294849 0.204966421 
0.004461627 0.053014376 3127.203620712 0.204965268 
0.004466912 0.053014376 3127.190345410 0.204964350 
0.004472198 0.053014376 3127.180430599 0.204963664 
0.004477483 0.053014376 3127.173832958 0.204963208 
0.004482769 0.053014376 3127.170504353 0.204962977 
0.004488054 0.053014376 3127.170392005 0.204962969 
0.004493340 0.053014376 3127.173438661 0.204963179 
0.004498625 0.053014376 3127.179582770 0.204963602 
0.004503911 0.053014376 3127.188758666 0.204964236 
0.004509196 0.053014376 3127.200896749 0.204965074 
0.004514482 0.053014376 3127.215923679 0.204966111 
0.004519767 0.053014376 3127.233762558 0.204967343 
0.004525053 0.053014376 3127.254333130 0.204968764 
0.004530339 0.053014376 3127.277551975 0.204970367 
0.004535624 0.053014376 3127.303332705 0.204972148 
0.004540910 0.053014376 3127.331586162 0.204974100 
0.004546195 0.053014376 3127.362220621 0.204976216 
0.004551481 0.053014376 3127.395141987 0.204978490 
0.004556766 0.053014376 3127.430253998 0.204980915 
0.004562052 0.053014376 3127.467458426 0.204983485 
0.004567338 0.053014376 3127.506655277 0.204986193 
0.004572623 0.053014376 3127.547742989 0.204989031 
0.004577909 0.053014376 3127.590618637 0.204991993 
0.004583194 0.053014376 3127.635178123 0.204995072 
0.004588480 0.053014376 3127.681316378 0.204998259 
0.004593766 0.053014376 3127.728927553 0.205001548 
0.004599051 0.053014376 3127.777905213 0.205004932 
0.004604337 0.053014376 3127.828142525 0.205008403 
0.004609622 0.053014376 3127.879532446 0.205011953 
0.004614908 0.053014376 3127.931967907 0.205015576 
0.004620194 0.053014376 3127.985341993 0.205019263 
0.004625479 0.053014376 3128.039548118 0.205023008 
0.004630765 0.053014376 3128.094480203 0.205026803 
0.004636050 0.053014376 3128.150032843 0.205030642 
0.004641336 0.053014376 3128.206101468 0.205034515 
0.004646622 0.053014376 3128.262582514 0.205038418 
0.004651907 0.053014376 3128.319373567 0.205042342 
0.004657193 0.053014376 3128.376373526 0.205046280 
0.004662478 0.053014376 3128.433482739 0.205050226 
0.004667764 0.053014376 3128.490603155 0.205054172 
0.004673050 0.053014376 3128.547638452 0.205058113 
0.004678335 0.053014376 3128.604494172 0.205062042 
0.004683621 0.053014376 3128.661077846 0.205065951 
0.004688906 0.053014376 3128.717299112 0.205069836 
0.004694192 0.053014376 3128.773069834 0.205073690 
0.004699478 0.053014376 3128.828304204 0.205077506 
0.004704763 0.053014376 3128.882918852 0.205081280 
0.004710049 0.053014376 3128.936832934 0.205085005 
0.004715335 0.053014376 3128.989968232 0.205088677 
0.004720620 0.053014376 3129.042249232 0.205092289 
0.004725906 0.053014376 3129.093603204 0.205095838 
0.004731191 0.053014376 3129.143960278 0.205099318 
0.004736477 0.053014376 3129.193253507 0.205102724 
0.004741763 0.053014376 3129.241418928 0.205106052 
0.004747048 0.053014376 3129.288395616 0.205109298 
0.004752334 0.053014376 3129.334125736 0.205112458 
0.004757619 0.053014376 3129.378554580 0.205115529 
0.004762905 0.053014376 3129.421630605 0.205118505 
0.004768190 0.053014376 3129.463305464 0.205121385 
0.004773476 0.053014376 3129.503534032 0.205124165 
0.004778762 0.053014376 3129.542274420 0.205126843 
0.004784047 0.053014376 3129.579487990 0.205129414 
0.004789333 0.053014376 3129.615139366 0.205131878 
0.004794618 0.053014376 3129.649196426 0.205134232 
0.004799904 0.053014376 3129.681630308 0.205136473 
0.004805190 0.053014376 3129.712415394 0.205138601 
0.004810475 0.053014376 3129.741529298 0.205140613 
0.004815761 0.053014376 3129.768952843 0.205142508 
0.004821046 0.053014376 3129.794670043 0.205144285 
0.004826332 0.053014376 3129.818668063 0.205145944 
0.004831617 0.053014376 3129.840937193 0.205147483 
0.004836903 0.053014376 3129.861470806 0.205148902 
0.004842188 0.053014376 3129.880265310 0.205150201 
0.004847474 0.053014376 3129.897320107 0.205151380 
0.004852760 0.053014376 3129.912637535 0.205152439 
0.004858045 0.053014376 3129.926222815 0.205153378 
0.004863331 0.053014376 3129.938083988 0.205154198 
0.004868616 0.053014376 3129.948231856 0.205154900 
0.004873902 0.053014376 3129.956679907 0.205155484 
0.004879187 0.053014376 3129.963444252 0.205155951 
0.004884473 0.053014376 3129.968543548 0.205156304 
0.004889758 0.053014376 3129.971998918 0.205156543 
0.004895044 0.053014376 3129.973833879 0.205156670 
0.004900329 0.053014376 3129.974074252 0.205156687 
0.004905615 0.053014376 3129.972748083 0.205156596 
0.004910900 0.053014376 3129.969885551 0.205156399 
0.004916186 0.053014376 3129.965518886 0.205156097 
0.004921472 0.053014376 3129.959682272 0.205155694 
0.004926757 0.053014376 3129.952411757 0.205155192 
0.004932043 0.053014376 3129.943745160 0.205154593 
0.004937328 0.053014376 3129.933721974 0.205153901 
0.004942614 0.053014376 3129.922383271 0.205153118 
0.004947899 0.053014376 3129.909771604 0.205152247 
0.004953185 0.053014376 3129.895930910 0.205151291 
0.004958470 0.053014376 3129.880906410 0.205150253 
0.004963756 0.053014376 3129.864744511 0.205149136 
0.004969041 0.053014376 3129.847492706 0.205147944 
0.004974327 0.053014376 3129.829199475 0.205146680 
0.004979612 0.053014376 3129.809914188 0.205145348 
0.004984898 0.053014376 3129.789687001 0.205143951 
0.004990183 0.053014376 3129.768568763 0.205142492 
0.004995469 0.053014376 3129.746610914 0.205140974 
0.004999961 0.053014376 3129.727325379 0.205139642 
